KEYWORD,MATCHING SENTENCE,PAGE URL
note,Release notes,https://docs.scipy.org/doc/scipy/
note,Release notes,https://docs.scipy.org/doc/scipy/tutorial/index.html
note,"These can be opened as Jupyter Notebooks with the help of the
Jupytext extension.",https://docs.scipy.org/doc/scipy/tutorial/index.html
note,Release notes,https://docs.scipy.org/doc/scipy/reference/index.html
warning,"Occasionally this may be convenient, but be aware that if you do so
your code may break without warning in future releases.",https://docs.scipy.org/doc/scipy/reference/index.html
note,Note,https://docs.scipy.org/doc/scipy/reference/index.html
should,"In SciPy there are modules whose names don’t start with an underscore, but that
should be considered private.",https://docs.scipy.org/doc/scipy/reference/index.html
note,Note,https://docs.scipy.org/doc/scipy/reference/index.html
note,Note,https://docs.scipy.org/doc/scipy/reference/index.html
only,"SciPy is using a lazy loading mechanism which means that modules
are only loaded in memory when you first try to access them.",https://docs.scipy.org/doc/scipy/reference/index.html
note,Note,https://docs.scipy.org/doc/scipy/reference/index.html
should,"These functions still exist for backwards compatibility, but should be
imported from numpy directly.",https://docs.scipy.org/doc/scipy/reference/index.html
warning,"That means that these submodules are
unlikely to be renamed or changed in an incompatible way, and if that is
necessary, a deprecation warning will be raised for one SciPy release before the
change is made.",https://docs.scipy.org/doc/scipy/reference/index.html
should,All SciPy modules should follow the following conventions.,https://docs.scipy.org/doc/scipy/reference/index.html
should,"Ideally, each SciPy module should be as self-contained as possible.",https://docs.scipy.org/doc/scipy/reference/index.html
should,"That is, it should have minimal dependencies on other packages or
modules.",https://docs.scipy.org/doc/scipy/reference/index.html
should,"Even dependencies on other SciPy modules should be kept to
a minimum.",https://docs.scipy.org/doc/scipy/reference/index.html
should,"Ideally, each SciPy module should be as self-contained as possible.",https://docs.scipy.org/doc/scipy/reference/index.html
should,"That is, it should have minimal dependencies on other packages or
modules.",https://docs.scipy.org/doc/scipy/reference/index.html
should,"Even dependencies on other SciPy modules should be kept to
a minimum.",https://docs.scipy.org/doc/scipy/reference/index.html
should,"Private modules should be prefixed with an underscore _,
for instance yyy/_somemodule.",https://docs.scipy.org/doc/scipy/reference/index.html
should,"Private modules should be prefixed with an underscore _,
for instance yyy/_somemodule.",https://docs.scipy.org/doc/scipy/reference/index.html
should,"User-visible functions should have good documentation following
the NumPy documentation style.",https://docs.scipy.org/doc/scipy/reference/index.html
should,"User-visible functions should have good documentation following
the NumPy documentation style.",https://docs.scipy.org/doc/scipy/reference/index.html
should,"py of the module should contain the main reference
documentation in its docstring.",https://docs.scipy.org/doc/scipy/reference/index.html
should,"The reference documentation should first give a categorized list of
the contents of the module using autosummary:: directives, and
after that explain points essential for understanding the use of the
module.",https://docs.scipy.org/doc/scipy/reference/index.html
should,"Tutorial-style documentation with extensive examples should be
separate and put under doc/source/tutorial/.",https://docs.scipy.org/doc/scipy/reference/index.html
should,"py of the module should contain the main reference
documentation in its docstring.",https://docs.scipy.org/doc/scipy/reference/index.html
should,"The reference documentation should first give a categorized list of
the contents of the module using autosummary:: directives, and
after that explain points essential for understanding the use of the
module.",https://docs.scipy.org/doc/scipy/reference/index.html
should,"Tutorial-style documentation with extensive examples should be
separate and put under doc/source/tutorial/.",https://docs.scipy.org/doc/scipy/reference/index.html
note,Release notes,https://docs.scipy.org/doc/scipy/building/index.html
note,Note,https://docs.scipy.org/doc/scipy/building/index.html
only,"If you are only trying to install SciPy, we recommend using binaries - see
Installation for details on that.",https://docs.scipy.org/doc/scipy/building/index.html
note,Note,https://docs.scipy.org/doc/scipy/building/index.html
note,Note,https://docs.scipy.org/doc/scipy/building/index.html
not support,"0, we do not support compiling against the system
Accelerate library for BLAS and LAPACK.",https://docs.scipy.org/doc/scipy/building/index.html
not support,"It does not support a sufficiently
recent LAPACK interface.",https://docs.scipy.org/doc/scipy/building/index.html
note,Note,https://docs.scipy.org/doc/scipy/building/index.html
should,Compilers should be on the system path (i.,https://docs.scipy.org/doc/scipy/building/index.html
only,", the PATH environment
variable should contain the directory in which the compiler executables
can be found) in order to be found, with the exception of MSVC which
will be found automatically if and only if there are no other compilers
on the PATH.",https://docs.scipy.org/doc/scipy/building/index.html
should,", the PATH environment
variable should contain the directory in which the compiler executables
can be found) in order to be found, with the exception of MSVC which
will be found automatically if and only if there are no other compilers
on the PATH.",https://docs.scipy.org/doc/scipy/building/index.html
warning,Warning,https://docs.scipy.org/doc/scipy/building/index.html
should,"The Fortran compiler should be installed as described in
this section.",https://docs.scipy.org/doc/scipy/building/index.html
only,"If you want to only install SciPy from source once and not do any development
work, then the recommended way to build and install is to use pip.",https://docs.scipy.org/doc/scipy/building/index.html
note,Note,https://docs.scipy.org/doc/scipy/building/index.html
note,Note,https://docs.scipy.org/doc/scipy/building/index.html
note,"Create and activate a virtual environment in a new directory named venv (
note that the exact activation command may be different based on your OS and shell
- see “How venvs work”
in the venv docs).",https://docs.scipy.org/doc/scipy/building/index.html
note,Release notes,https://docs.scipy.org/doc/scipy/dev/index.html
note,Release notes,https://docs.scipy.org/doc/scipy/release.html
note,Release Notes#,https://docs.scipy.org/doc/scipy/release.html
note,"For full details,-notes
see the commit logs.",https://docs.scipy.org/doc/scipy/release.html
note,Release notes,https://docs.scipy.org/doc/scipy/tutorial/special.html
note,"Note, in particular, that the function is
overloaded to support real and complex arguments; the correct variant
is selected at compile time.",https://docs.scipy.org/doc/scipy/tutorial/special.html
should,"The following sections discuss how to use these advantages to
potentially speed up your code, though, of course, one should always
profile the code first to make sure putting in the extra effort will
be worth it.",https://docs.scipy.org/doc/scipy/tutorial/special.html
note,Release notes,https://docs.scipy.org/doc/scipy/tutorial/integrate.html
note,"Note that the numerically-computed integral is
within \(1.",https://docs.scipy.org/doc/scipy/tutorial/integrate.html
warning,Warning,https://docs.scipy.org/doc/scipy/tutorial/integrate.html
note,"This integral can be evaluated using the expression below (Note the use of the
non-constant lambda functions for the upper limit of the inner integral):",https://docs.scipy.org/doc/scipy/tutorial/integrate.html
note,"Note that the order of arguments for f must match the order of the
integration bounds; i.",https://docs.scipy.org/doc/scipy/tutorial/integrate.html
must,"Note that the order of arguments for f must match the order of the
integration bounds; i.",https://docs.scipy.org/doc/scipy/tutorial/integrate.html
only,"If the samples are not
equally spaced, then the result is exact only if the function is a polynomial
of order 2 or less.",https://docs.scipy.org/doc/scipy/tutorial/integrate.html
must,"The user must link any math libraries,
etc.",https://docs.scipy.org/doc/scipy/tutorial/integrate.html
note,"Note that the
coordinates are passed in as an array of doubles rather than a separate argument.",https://docs.scipy.org/doc/scipy/tutorial/integrate.html
not support,"Please be aware however that the default integration method
RK45 does not support jacobian matrices and thereby another integration method has
to be chosen.",https://docs.scipy.org/doc/scipy/tutorial/integrate.html
must,"We must combine
\(\{u_k\}\) and \(\{v_k\}\) into a single vector of length \(2N\).",https://docs.scipy.org/doc/scipy/tutorial/integrate.html
note,Release notes,https://docs.scipy.org/doc/scipy/tutorial/optimize.html
only,"optimize package provides several commonly used
optimization algorithms.",https://docs.scipy.org/doc/scipy/tutorial/optimize.html
note,"Note that the Rosenbrock function and its derivatives are included in
scipy.",https://docs.scipy.org/doc/scipy/tutorial/optimize.html
must,"optimize
expect a numpy array as their first parameter which is to be optimized
and must return a float value.",https://docs.scipy.org/doc/scipy/tutorial/optimize.html
must,"The exact calling signature must be
f(x, *args) where x represents a numpy array and args
a tuple of additional arguments supplied to the objective function.",https://docs.scipy.org/doc/scipy/tutorial/optimize.html
only,"It requires only function evaluations and is a good
choice for simple minimization problems.",https://docs.scipy.org/doc/scipy/tutorial/optimize.html
only,"Another optimization algorithm that needs only function calls to find
the minimum is Powell’s method available by setting method='powell' in
minimize.",https://docs.scipy.org/doc/scipy/tutorial/optimize.html
only,"As an alternative to using the args parameter of minimize, simply
wrap the objective function in a new function that accepts only x.",https://docs.scipy.org/doc/scipy/tutorial/optimize.html
must,"The
Broyden-Fletcher-Goldfarb-Shanno (BFGS) method typically requires
fewer function calls than the simplex algorithm even when the gradient
must be estimated.",https://docs.scipy.org/doc/scipy/tutorial/optimize.html
only,"optimize functions support this feature,
and moreover, it is only for sharing calculations between the function and its
gradient, whereas in some problems we will want to share calculations with the
Hessian (second derivative of the objective function) and constraints.",https://docs.scipy.org/doc/scipy/tutorial/optimize.html
must,"To take full advantage of the
Newton-CG method, a function which computes the Hessian must be
provided.",https://docs.scipy.org/doc/scipy/tutorial/optimize.html
only,"The Hessian matrix itself does not need to be constructed,
only a vector which is the product of the Hessian with an arbitrary
vector needs to be available to the minimization routine.",https://docs.scipy.org/doc/scipy/tutorial/optimize.html
only,"The Newton-CG algorithm only needs
the product of the Hessian times an arbitrary vector.",https://docs.scipy.org/doc/scipy/tutorial/optimize.html
only,"Similar to the trust-ncg method, the trust-krylov method is a method
suitable for large-scale problems as it uses the hessian only as linear
operator by means of matrix-vector products.",https://docs.scipy.org/doc/scipy/tutorial/optimize.html
only,"Since only the product of the Hessian
with an arbitrary vector is needed, the algorithm is specially suited for dealing
with sparse Hessians, allowing low storage requirements and significant time savings for
those sparse problems.",https://docs.scipy.org/doc/scipy/tutorial/optimize.html
not support,The Hessian product option is not supported by this algorithm.,https://docs.scipy.org/doc/scipy/tutorial/optimize.html
only,"1701]\),
for which only the first and fourth constraints are active.",https://docs.scipy.org/doc/scipy/tutorial/optimize.html
only,"shgo has a second method, which returns all local minima rather than
only what it thinks is the global minimum:",https://docs.scipy.org/doc/scipy/tutorial/optimize.html
should,"To do this, one should simply precompute residuals as
\(f_i(\mathbf{x}) = w_i (\varphi(t_i; \mathbf{x}) - y_i)\), where \(w_i\)
are weights assigned to each observation.",https://docs.scipy.org/doc/scipy/tutorial/optimize.html
only,Often only the minimum of an univariate function (i.,https://docs.scipy.org/doc/scipy/tutorial/optimize.html
only,"There are, actually, two methods that can be used to minimize an univariate
function: brent and golden, but golden is included only for academic
purposes and should rarely be used.",https://docs.scipy.org/doc/scipy/tutorial/optimize.html
should,"There are, actually, two methods that can be used to minimize an univariate
function: brent and golden, but golden is included only for academic
purposes and should rarely be used.",https://docs.scipy.org/doc/scipy/tutorial/optimize.html
should,"Optimally, a bracket
(the bracket parameter) should be given which contains the minimum desired.",https://docs.scipy.org/doc/scipy/tutorial/optimize.html
only,"The interval
constraint allows the minimization to occur only between two fixed
endpoints, specified using the mandatory bounds parameter.",https://docs.scipy.org/doc/scipy/tutorial/optimize.html
should,"The idea is that instead of solving
\(J{\bf s}={\bf y}\) one solves \(MJ{\bf s}=M{\bf y}\): since
matrix \(MJ\) is “closer” to the identity matrix than \(J\)
is, the equation should be easier for the Krylov method to deal with.",https://docs.scipy.org/doc/scipy/tutorial/optimize.html
note,"For the problem in the previous section, we note that the function to
solve consists of two parts: the first one is the application of the
Laplace operator, \([\partial_x^2 + \partial_y^2] P\), and the second
is the integral.",https://docs.scipy.org/doc/scipy/tutorial/optimize.html
only,"We want to maximize the objective
function, but linprog can only accept a minimization problem.",https://docs.scipy.org/doc/scipy/tutorial/optimize.html
should,"If we define the vector of decision variables \(x = [x_1, x_2, x_3, x_4]^T\), the objective weights vector \(c\) of linprog in this problem
should be",https://docs.scipy.org/doc/scipy/tutorial/optimize.html
note,"As noted in the linprog documentation, the default value of bounds is (0, None), meaning that the
lower bound on each decision variable is 0, and the upper bound on each decision variable is infinity:
all the decision variables are non-negative.",https://docs.scipy.org/doc/scipy/tutorial/optimize.html
note,Note that this result is not the same as the sum of the minimum times for each swimming style:,https://docs.scipy.org/doc/scipy/tutorial/optimize.html
only,"Although the objective function and inequality constraints are linear in the
decision variables \(x_i\), this differs from a typical linear
programming problem in that the decision variables can only assume integer
values.",https://docs.scipy.org/doc/scipy/tutorial/optimize.html
only,"Specifically, our decision variables can only be \(0\) or
\(1\), so this is known as a binary integer linear program (BILP).",https://docs.scipy.org/doc/scipy/tutorial/optimize.html
should,"If we are following the usual rules of linear algebra, the input A should
be a  two-dimensional matrix, and the lower and upper bounds lb and ub
should be one-dimensional vectors, but LinearConstraint is forgiving
as long as the inputs can be broadcast to consistent shapes.",https://docs.scipy.org/doc/scipy/tutorial/optimize.html
note,"Note that milp minimizes the objective function, but we
want to maximize the total value, so we set c to be negative of the values.",https://docs.scipy.org/doc/scipy/tutorial/optimize.html
should,"This means that we should select the items 1, 2, 4, 5, 6 to optimize the total
value under the size constraint.",https://docs.scipy.org/doc/scipy/tutorial/optimize.html
note,"Note that this is different from we would have
obtained had we solved the linear programming relaxation (without integrality
constraints) and attempted to round the decision variables.",https://docs.scipy.org/doc/scipy/tutorial/optimize.html
note,"For more MILP tutorials, see the Jupyter notebooks on SciPy Cookbooks:",https://docs.scipy.org/doc/scipy/tutorial/optimize.html
note,Release notes,https://docs.scipy.org/doc/scipy/tutorial/interpolate.html
only,cubic (2D only),https://docs.scipy.org/doc/scipy/tutorial/interpolate.html
note,Release notes,https://docs.scipy.org/doc/scipy/tutorial/fft.html
only,"Typically, only the FFT
corresponding to positive frequencies is plotted.",https://docs.scipy.org/doc/scipy/tutorial/fft.html
note,"The example below plots the FFT of two complex exponentials; note the
asymmetric spectrum.",https://docs.scipy.org/doc/scipy/tutorial/fft.html
only,"The function rfft calculates the FFT of a real sequence and outputs the
complex FFT coefficients \(y[n]\) for only half of the frequency range.",https://docs.scipy.org/doc/scipy/tutorial/fft.html
should,"By default, irfft assumes the output signal should be of even length.",https://docs.scipy.org/doc/scipy/tutorial/fft.html
must,"To recover the original odd-length signal, we must pass the output shape by
the n parameter.",https://docs.scipy.org/doc/scipy/tutorial/fft.html
only,"There are 8 types of the DCT [WPC], [Mak];
however, only the first 4 types are implemented in scipy.",https://docs.scipy.org/doc/scipy/tutorial/fft.html
note,Note that the DCT-I is only supported for input size > 1.,https://docs.scipy.org/doc/scipy/tutorial/fft.html
only,Note that the DCT-I is only supported for input size > 1.,https://docs.scipy.org/doc/scipy/tutorial/fft.html
should,"For this reason, we should use the function idct using the same type for both,
giving a correctly normalized result.",https://docs.scipy.org/doc/scipy/tutorial/fft.html
only,"The DCT exhibits the “energy compaction property”, meaning that for many
signals only the first few DCT coefficients have significant magnitude.",https://docs.scipy.org/doc/scipy/tutorial/fft.html
only,"There are, theoretically, 8 types of the DST for different combinations of
even/odd boundary conditions and boundary offsets [WPS], only the first 4
types are implemented in scipy.",https://docs.scipy.org/doc/scipy/tutorial/fft.html
note,Note also that the DST-I is only supported for input size > 1.,https://docs.scipy.org/doc/scipy/tutorial/fft.html
only,Note also that the DST-I is only supported for input size > 1.,https://docs.scipy.org/doc/scipy/tutorial/fft.html
should,"For this reason, we should use the function idst using the same type for both,
giving a correctly normalized result.",https://docs.scipy.org/doc/scipy/tutorial/fft.html
must,"Care must be taken to minimise numerical ringing due to the circular nature
of FFT convolution.",https://docs.scipy.org/doc/scipy/tutorial/fft.html
note,Release notes,https://docs.scipy.org/doc/scipy/tutorial/signal.html
only,"While the
B-spline algorithms could technically be placed under the
interpolation category, they are included here because they only work
with equally-spaced data and make heavy use of filter-theory and
transfer-function formalism to provide a fast B-spline transform.",https://docs.scipy.org/doc/scipy/tutorial/signal.html
only,"This equation can only be implemented directly if we limit the
sequences to finite-support sequences that can be stored in a
computer, choose \(n=0\) to be the starting point of both
sequences, let \(K+1\) be that value for which
\(x\left[n\right]=0\) for all \(n\geq K+1\) and \(M+1\) be
that value for which \(h\left[n\right]=0\) for all \(n\geq M+1\),
then the discrete convolution expression is",https://docs.scipy.org/doc/scipy/tutorial/signal.html
only,"If the flag has a value of ‘same’, then only the middle \(K\) values are
returned, starting at \(y\left[\left\lfloor \frac{M-1}{2}\right\rfloor
\right]\), so that the output has the same length as the first input.",https://docs.scipy.org/doc/scipy/tutorial/signal.html
only,"If the flag
has a value of ‘valid’, then only the middle
\(K-M+1=\left(K+1\right)-\left(M+1\right)+1\) output values are returned,
where \(z\) depends on all of the values of the smallest input from
\(h\left[0\right]\) to \(h\left[M\right].",https://docs.scipy.org/doc/scipy/tutorial/signal.html
only,"\) In other words, only the
values \(y\left[M\right]\) to \(y\left[K\right]\) inclusive are
returned.",https://docs.scipy.org/doc/scipy/tutorial/signal.html
only,"It is implemented so that only one
signal needs to be delayed.",https://docs.scipy.org/doc/scipy/tutorial/signal.html
note,"\) Note that \(b_{K}=0\) if \(K>M\)
and \(a_{K}=0\) if \(K>N.",https://docs.scipy.org/doc/scipy/tutorial/signal.html
only,"\) In this way, the output at time \(n\)
depends only on the input at time \(n\) and the value of \(z_{0}\) at
the previous time.",https://docs.scipy.org/doc/scipy/tutorial/signal.html
should,"\) In other
words, perhaps you have the values of \(x\left[-M\right]\) to
\(x\left[-1\right]\) and the values of \(y\left[-N\right]\) to
\(y\left[-1\right]\) and would like to determine what values of
\(z_{m}\left[-1\right]\) should be delivered as initial conditions to the
difference-equation filter.",https://docs.scipy.org/doc/scipy/tutorial/signal.html
note,"Note that the output signal \(y[n]\) has the same length as the length as
the input signal \(x[n]\).",https://docs.scipy.org/doc/scipy/tutorial/signal.html
note,"Note that firwin uses, per default, a normalized frequency defined such
that the value \(1\) corresponds to the Nyquist frequency, whereas the
function freqz is defined such that the value \(\pi\) corresponds
to the Nyquist frequency.",https://docs.scipy.org/doc/scipy/tutorial/signal.html
note,"Note the linear scaling of the y-axis and the different definition of the
Nyquist frequency in firwin2 and freqz (as explained above).",https://docs.scipy.org/doc/scipy/tutorial/signal.html
note,"Note the much lower filter order (order 4)
compared with the FIR filters from the examples above in order to reach the same
stop-band attenuation of \(\approx 60\) dB.",https://docs.scipy.org/doc/scipy/tutorial/signal.html
only,"This “positive powers” form is found more commonly in controls
engineering.",https://docs.scipy.org/doc/scipy/tutorial/signal.html
must,"If M and N are not equal, the discrete-time
transfer function coefficients must first be converted to the “positive
powers” form before finding the poles and zeros.",https://docs.scipy.org/doc/scipy/tutorial/signal.html
only,"State-space is the most general representation and the only one that allows
for multiple-input, multiple-output (MIMO) systems.",https://docs.scipy.org/doc/scipy/tutorial/signal.html
only,"A median filter is commonly applied when noise is markedly non-Gaussian or
when it is desired to preserve edges.",https://docs.scipy.org/doc/scipy/tutorial/signal.html
only,"A specialized version that works
only for 2-D arrays is available as medfilt2d.",https://docs.scipy.org/doc/scipy/tutorial/signal.html
should,"The order filter takes an
additional argument besides the input array and the region mask that specifies
which of the elements in the sorted list of neighbor array values should be
used as the output.",https://docs.scipy.org/doc/scipy/tutorial/signal.html
only,"This is
not the Wiener filter commonly described in image-reconstruction problems but,
instead, it is a simple, local-mean filter.",https://docs.scipy.org/doc/scipy/tutorial/signal.html
note,"Note the much smoother noise floor of
the spectrogram.",https://docs.scipy.org/doc/scipy/tutorial/signal.html
only,"The lombscargle function calculates the periodogram using a slightly
modified algorithm due to Townsend [3], which allows the periodogram to be
calculated using only a single pass through the input arrays for each
frequency.",https://docs.scipy.org/doc/scipy/tutorial/signal.html
only,", only evaluating the STFT at discrete grid points
\(S[q, p] := S(q \Delta f, p\Delta t)\), \(q,p\in\IZ\), needs to be
used.",https://docs.scipy.org/doc/scipy/tutorial/signal.html
note,"\]
Note that a linear phase \(\phi_m\) (see phase_shift) can be
specified, which corresponds to shifting the input by \(\phi_m\)
samples.",https://docs.scipy.org/doc/scipy/tutorial/signal.html
note,"Note that a linear phase \(\phi_m\) (see phase_shift) can be
specified, which corresponds to shifting the input by \(\phi_m\)
samples.",https://docs.scipy.org/doc/scipy/tutorial/signal.html
note,Note that an inverse STFT does not necessarily exist for all windows and hop sizes.,https://docs.scipy.org/doc/scipy/tutorial/signal.html
must,"For a given
window \(w[m]\) the hop size \(h\) must be small enough to ensure that
every sample of \(x[k]\) is touched by a non-zero value of at least one
window slice.",https://docs.scipy.org/doc/scipy/tutorial/signal.html
note,"The x-axis denotes the time \(t\), which corresponds to the sample index
k indicated by the bottom row of blue boxes.",https://docs.scipy.org/doc/scipy/tutorial/signal.html
note,"The y-axis denotes the time
slice index \(p\).",https://docs.scipy.org/doc/scipy/tutorial/signal.html
note,"\rangle\) denotes the scalar product of
\(\mathcal{H}\).",https://docs.scipy.org/doc/scipy/tutorial/signal.html
only,"An STFT evaluated only at discrete grid
points \(S(q \Delta f, p\Delta t)\) is called  a “Gabor frame” in
literature [4] [5].",https://docs.scipy.org/doc/scipy/tutorial/signal.html
only,"p}\) has only non-zeros
entries on the \((ph)\)-th minor diagonal, i.",https://docs.scipy.org/doc/scipy/tutorial/signal.html
note,"Note that \(\vb{F}\) is unitary, i.",https://docs.scipy.org/doc/scipy/tutorial/signal.html
only,", having only non-zero
entries on the \((ph)\)-th minor diagonal.",https://docs.scipy.org/doc/scipy/tutorial/signal.html
only,"The sum term in the inverse can
be interpreted as sliding \(|w[\mu]|^2\) over \(w[m]\) (with an
incorporated inversion), so only components overlapping with \(w[m]\) have
an effect.",https://docs.scipy.org/doc/scipy/tutorial/signal.html
only,"Since \(w[m] = 0\) holds for \(m \not\in\{0, \ldots, M-1\}\), it is
only required to sum over the indexes \(\eta\) fulfilling
\(|\eta| < M/h\).",https://docs.scipy.org/doc/scipy/tutorial/signal.html
note,"Note that \(w_d[m]\) is not a unique dual window, due to \(\vb{s}\)
typically having more entries than \(\vb{x}\).",https://docs.scipy.org/doc/scipy/tutorial/signal.html
note,"Note that the slices with identical time stamps produce equal results
(up to numerical accuracy), i.",https://docs.scipy.org/doc/scipy/tutorial/signal.html
note,"Note that the legacy implementation returns a signal which is longer than the
original.",https://docs.scipy.org/doc/scipy/tutorial/signal.html
only,"Furthermore, only slices which do not stick out to the right are returned,
centering the last slice at 4.",https://docs.scipy.org/doc/scipy/tutorial/signal.html
only,"There is no direct
correspondence for all combinations in the ShortTimeFFT, since it provides
only ‘magnitude’, ‘psd’ or no scaling of the window at all.",https://docs.scipy.org/doc/scipy/tutorial/signal.html
only,"The ShortTimeFFT raises
a TypeError, since the utilized rfft function only accepts
real-valued inputs.",https://docs.scipy.org/doc/scipy/tutorial/signal.html
note,Release notes,https://docs.scipy.org/doc/scipy/tutorial/linalg.html
note,"Usually, \(\mathbf{B}\) is denoted
\(\mathbf{B}=\mathbf{A}^{-1}\) .",https://docs.scipy.org/doc/scipy/tutorial/linalg.html
note,"The determinant of a square matrix \(\mathbf{A}\) is often denoted
\(\left|\mathbf{A}\right|\) and is a quantity often used in linear
algebra.",https://docs.scipy.org/doc/scipy/tutorial/linalg.html
only,"This is a recursive way to define the determinant, where the base case
is defined by accepting that the determinant of a \(1\times1\) matrix is the only matrix element.",https://docs.scipy.org/doc/scipy/tutorial/linalg.html
only,"For matrix \(\mathbf{A}\), the only valid values for norm are \(\pm2,\pm1,\) \(\pm\) inf, and ‘fro’ (or ‘f’) Thus,",https://docs.scipy.org/doc/scipy/tutorial/linalg.html
only,"The eigenvalue-eigenvector problem is one of the most commonly
employed linear algebra operations.",https://docs.scipy.org/doc/scipy/tutorial/linalg.html
only,"By definition, eigenvectors are only defined up to a constant scale
factor.",https://docs.scipy.org/doc/scipy/tutorial/linalg.html
should,"lu_factor should be used
followed by repeated applications of the command
linalg.",https://docs.scipy.org/doc/scipy/tutorial/linalg.html
note,"\) Note, however,
that in SciPy independent algorithms are used to find QR and SVD
decompositions.",https://docs.scipy.org/doc/scipy/tutorial/linalg.html
only,"When
\(\mathbf{A}\) is a real-valued matrix, the real Schur form is only
quasi upper triangular because \(2\times2\) blocks extrude from
the main diagonal corresponding to any complex-valued
eigenvalues.",https://docs.scipy.org/doc/scipy/tutorial/linalg.html
note,Note,https://docs.scipy.org/doc/scipy/tutorial/linalg.html
note,"Note that the function
needs to accept complex numbers as input in order to work with this
algorithm.",https://docs.scipy.org/doc/scipy/tutorial/linalg.html
note,"Note how, by virtue of how matrix analytic functions are defined,
the Bessel function has acted on the matrix eigenvalues.",https://docs.scipy.org/doc/scipy/tutorial/linalg.html
note,Release notes,https://docs.scipy.org/doc/scipy/tutorial/sparse.html
only,"Sparse arrays are arrays where only a few locations in the array have any data, most of the locations are considered as “empty”.",https://docs.scipy.org/doc/scipy/tutorial/sparse.html
only,Sparse arrays are a special kind of array where only a few locations in the array have data.,https://docs.scipy.org/doc/scipy/tutorial/sparse.html
only,"This allows for compressed representations of the data to be used, where only the locations where data exists are recorded.",https://docs.scipy.org/doc/scipy/tutorial/sparse.html
note,"Note that in our dense array, we have five nonzero values.",https://docs.scipy.org/doc/scipy/tutorial/sparse.html
only,"After, there are only five stored elements.",https://docs.scipy.org/doc/scipy/tutorial/sparse.html
note,"Note that there are six stored elements in this sparse array, despite only having five unique locations where data occurs.",https://docs.scipy.org/doc/scipy/tutorial/sparse.html
only,"Note that there are six stored elements in this sparse array, despite only having five unique locations where data occurs.",https://docs.scipy.org/doc/scipy/tutorial/sparse.html
only,"Now there are only five stored elements in our sparse array, and it is identical to the array we have been working with throughout this guide:",https://docs.scipy.org/doc/scipy/tutorial/sparse.html
note,Release notes,https://docs.scipy.org/doc/scipy/tutorial/arpack.html
only,"In order to find these
solutions, it requires only left-multiplication by the matrix in question.",https://docs.scipy.org/doc/scipy/tutorial/arpack.html
only,"The power of ARPACK is that it can compute only a specified subset of
eigenvalue/eigenvector pairs.",https://docs.scipy.org/doc/scipy/tutorial/arpack.html
note,"Note that ARPACK is generally better at finding extremal eigenvalues, that
is, eigenvalues with large magnitudes.",https://docs.scipy.org/doc/scipy/tutorial/arpack.html
only,"Especially,
if only a few eigenvectors and eigenvalues are needed, ARPACK can be a
better option.",https://docs.scipy.org/doc/scipy/tutorial/arpack.html
note,"Note that the transformation from \(\nu \to \lambda\) takes place
entirely in the background.",https://docs.scipy.org/doc/scipy/tutorial/arpack.html
note,"Note that the shift-invert mode requires the internal solution of a matrix
inverse.",https://docs.scipy.org/doc/scipy/tutorial/arpack.html
note,Note that the eigenvalues of this operator are all imaginary.,https://docs.scipy.org/doc/scipy/tutorial/arpack.html
note,Release notes,https://docs.scipy.org/doc/scipy/tutorial/csgraph.html
note,Note that each step involves changing just one letter of the word.,https://docs.scipy.org/doc/scipy/tutorial/csgraph.html
only,"Each of these words will
become a node in our graph, and we will create edges connecting the nodes
associated with each pair of words which differs by only one letter.",https://docs.scipy.org/doc/scipy/tutorial/csgraph.html
only,"So we see that the shortest path between “ape” and “man” contains only
five steps.",https://docs.scipy.org/doc/scipy/tutorial/csgraph.html
only,"This is three fewer links than our initial example: the path from “ape” to “man”
is only five steps.",https://docs.scipy.org/doc/scipy/tutorial/csgraph.html
note,Release notes,https://docs.scipy.org/doc/scipy/tutorial/spatial.html
note,"It is important to note that not all points necessarily appear as
vertices of the triangulation, due to numerical precision issues in
forming the triangulation.",https://docs.scipy.org/doc/scipy/tutorial/spatial.html
note,"Note that such degeneracies can occur not only because of duplicated
points, but also for more complicated geometrical reasons, even in
point sets that at first sight seem well-behaved.",https://docs.scipy.org/doc/scipy/tutorial/spatial.html
only,"Note that such degeneracies can occur not only because of duplicated
points, but also for more complicated geometrical reasons, even in
point sets that at first sight seem well-behaved.",https://docs.scipy.org/doc/scipy/tutorial/spatial.html
note,"The Voronoi vertices denote the set of points forming the polygonal
edges of the Voronoi regions.",https://docs.scipy.org/doc/scipy/tutorial/spatial.html
only,"Indeed,
only one of the regions, [0, 1, 3, 2], is bounded.",https://docs.scipy.org/doc/scipy/tutorial/spatial.html
note,"Note here that
due to similar numerical precision issues as in Delaunay triangulation
above, there may be fewer Voronoi regions than input points.",https://docs.scipy.org/doc/scipy/tutorial/spatial.html
only,"-1 is again a point at infinity — only 4 of
the 12 lines are a bounded line segment, while others extend to
infinity.",https://docs.scipy.org/doc/scipy/tutorial/spatial.html
note,Release notes,https://docs.scipy.org/doc/scipy/tutorial/stats.html
note,Note: This documentation is work in progress.,https://docs.scipy.org/doc/scipy/tutorial/stats.html
warning,"As it turns out, some of the methods are private,
although they are not named as such (their names do not start
with a leading underscore), for example veccdf, are only available
for internal calculation (those methods will give warnings when one tries to
use them, and will be removed at some point).",https://docs.scipy.org/doc/scipy/tutorial/stats.html
only,"As it turns out, some of the methods are private,
although they are not named as such (their names do not start
with a leading underscore), for example veccdf, are only available
for internal calculation (those methods will give warnings when one tries to
use them, and will be removed at some point).",https://docs.scipy.org/doc/scipy/tutorial/stats.html
warning,Warning,https://docs.scipy.org/doc/scipy/tutorial/stats.html
note,Note,https://docs.scipy.org/doc/scipy/tutorial/stats.html
should,(We know from the above that this should be 1.,https://docs.scipy.org/doc/scipy/tutorial/stats.html
should,"This is, indeed, what we should get.",https://docs.scipy.org/doc/scipy/tutorial/stats.html
only,"To define a distribution,
only one of pdf or cdf is necessary; all other methods can be derived
using numeric integration and root finding.",https://docs.scipy.org/doc/scipy/tutorial/stats.html
only,"The computation of unspecified
common methods can become very slow, since only general methods are
called, which, by their very nature, cannot use any specific
information about the distribution.",https://docs.scipy.org/doc/scipy/tutorial/stats.html
should,But this is not correct: the integral over this pdf should be 1.,https://docs.scipy.org/doc/scipy/tutorial/stats.html
only,"“You can construct an arbitrary discrete rv where P{X=xk} = pk by
passing to the rv_discrete initialization method (through the values=
keyword) a tuple of sequences (xk, pk) which describes only those
values of X (xk) that occur with nonzero probability (pk).",https://docs.scipy.org/doc/scipy/tutorial/stats.html
note,Note: stats.,https://docs.scipy.org/doc/scipy/tutorial/stats.html
should,"As an exercise, we can calculate our ttest also directly without
using the provided function, which should give us the same answer,
and so it does:",https://docs.scipy.org/doc/scipy/tutorial/stats.html
note,"Note: The Kolmogorov-Smirnov test assumes that we test against a
distribution with given parameters, since, in the last case, we
estimated mean and variance, this assumption is violated and the
distribution of the test statistic, on which the p-value is based, is
not correct.",https://docs.scipy.org/doc/scipy/tutorial/stats.html
only,"What is commonly done to walk through the space in a deterministic manner, is
to use a regular grid spanning all parameter dimensions, also called a
saturated design.",https://docs.scipy.org/doc/scipy/tutorial/stats.html
warning,Warning,https://docs.scipy.org/doc/scipy/tutorial/stats.html
must,"QMC methods require particular care and the user must read the
documentation to avoid common pitfalls.",https://docs.scipy.org/doc/scipy/tutorial/stats.html
note,Note,https://docs.scipy.org/doc/scipy/tutorial/stats.html
should,"There should be no practical reason not to
use the scrambled version.",https://docs.scipy.org/doc/scipy/tutorial/stats.html
note,Release notes,https://docs.scipy.org/doc/scipy/tutorial/ndimage.html
must,"There are, however, a number of
fields where images of higher dimensionality must be analyzed.",https://docs.scipy.org/doc/scipy/tutorial/ndimage.html
should,"If no output
argument is given, it is still possible to specify what the result
of the output should be.",https://docs.scipy.org/doc/scipy/tutorial/ndimage.html
must,"In the
functions described below, the boundary conditions can be selected
using the mode parameter, which must be a string with the name of the
boundary condition.",https://docs.scipy.org/doc/scipy/tutorial/ndimage.html
should,"The “constant” mode is special since it needs an additional parameter to
specify the constant value that should be used.",https://docs.scipy.org/doc/scipy/tutorial/ndimage.html
note,"Note that modes mirror and reflect differ only in whether the sample at the
boundary is repeated upon reflection.",https://docs.scipy.org/doc/scipy/tutorial/ndimage.html
only,"Note that modes mirror and reflect differ only in whether the sample at the
boundary is repeated upon reflection.",https://docs.scipy.org/doc/scipy/tutorial/ndimage.html
note,Note,https://docs.scipy.org/doc/scipy/tutorial/ndimage.html
must,"The weights
parameter must be a 1-D sequence of numbers.",https://docs.scipy.org/doc/scipy/tutorial/ndimage.html
must,"The weights
parameter must be a 1-D sequence of numbers.",https://docs.scipy.org/doc/scipy/tutorial/ndimage.html
must,"The weights
parameter must be a 1-D sequence of numbers.",https://docs.scipy.org/doc/scipy/tutorial/ndimage.html
must,"The weights
parameter must be a 1-D sequence of numbers.",https://docs.scipy.org/doc/scipy/tutorial/ndimage.html
note,"Note
A convolution is essentially a correlation after mirroring the
kernel.",https://docs.scipy.org/doc/scipy/tutorial/ndimage.html
note,Note,https://docs.scipy.org/doc/scipy/tutorial/ndimage.html
must,"The order parameter must be a
number, to specify the same order for all axes, or a sequence of
numbers to specify a different order for each axis.",https://docs.scipy.org/doc/scipy/tutorial/ndimage.html
note,"Note
The multidimensional filter is implemented as a sequence of
1-D Gaussian filters.",https://docs.scipy.org/doc/scipy/tutorial/ndimage.html
must,"The order parameter must be a
number, to specify the same order for all axes, or a sequence of
numbers to specify a different order for each axis.",https://docs.scipy.org/doc/scipy/tutorial/ndimage.html
note,Note,https://docs.scipy.org/doc/scipy/tutorial/ndimage.html
note,"Note
The multidimensional filter is implemented as a sequence of
1-D uniform filters.",https://docs.scipy.org/doc/scipy/tutorial/ndimage.html
note,Note,https://docs.scipy.org/doc/scipy/tutorial/ndimage.html
must,"Either the sizes of a rectangular kernel or the
footprint of the kernel must be provided.",https://docs.scipy.org/doc/scipy/tutorial/ndimage.html
must,"The size parameter, if
provided, must be a sequence of sizes or a single number, in which
case the size of the filter is assumed to be equal along each axis.",https://docs.scipy.org/doc/scipy/tutorial/ndimage.html
must,"The footprint, if provided, must be an array that defines the
shape of the kernel by its non-zero elements.",https://docs.scipy.org/doc/scipy/tutorial/ndimage.html
must,"Either the sizes of a rectangular kernel or the
footprint of the kernel must be provided.",https://docs.scipy.org/doc/scipy/tutorial/ndimage.html
must,"The size parameter, if
provided, must be a sequence of sizes or a single number, in which
case the size of the filter is assumed to be equal along each axis.",https://docs.scipy.org/doc/scipy/tutorial/ndimage.html
must,"The footprint, if provided, must be an array that defines the
shape of the kernel by its non-zero elements.",https://docs.scipy.org/doc/scipy/tutorial/ndimage.html
must,"Either the sizes of a rectangular kernel or the
footprint of the kernel must be provided.",https://docs.scipy.org/doc/scipy/tutorial/ndimage.html
must,"The size parameter, if
provided, must be a sequence of sizes or a single number, in which
case the size of the filter is assumed to be equal along each axis.",https://docs.scipy.org/doc/scipy/tutorial/ndimage.html
must,"The footprint, if provided, must be an array that defines the
shape of the kernel by its non-zero elements.",https://docs.scipy.org/doc/scipy/tutorial/ndimage.html
must,"Either the sizes of a rectangular kernel or the
footprint of the kernel must be provided.",https://docs.scipy.org/doc/scipy/tutorial/ndimage.html
must,"The size parameter, if
provided, must be a sequence of sizes or a single number, in which
case the size of the filter is assumed to be equal along each axis.",https://docs.scipy.org/doc/scipy/tutorial/ndimage.html
must,"The footprint, if provided, must be an array that defines the
shape of the kernel by its non-zero elements.",https://docs.scipy.org/doc/scipy/tutorial/ndimage.html
must,"Either the sizes of a rectangular
kernel or the footprint of the kernel must be provided.",https://docs.scipy.org/doc/scipy/tutorial/ndimage.html
must,"The size
parameter, if provided, must be a sequence of sizes or a single
number, in which case the size of the filter is assumed to be equal
along each axis.",https://docs.scipy.org/doc/scipy/tutorial/ndimage.html
must,"The footprint, if provided, must be an array that
defines the shape of the kernel by its non-zero elements.",https://docs.scipy.org/doc/scipy/tutorial/ndimage.html
must,"Either the sizes of a rectangular
kernel or the footprint of the kernel must be provided.",https://docs.scipy.org/doc/scipy/tutorial/ndimage.html
must,"The size
parameter, if provided, must be a sequence of sizes or a single
number, in which case the size of the filter is assumed to be equal
along each axis.",https://docs.scipy.org/doc/scipy/tutorial/ndimage.html
must,"The footprint, if provided, must be an array that
defines the shape of the kernel by its non-zero elements.",https://docs.scipy.org/doc/scipy/tutorial/ndimage.html
must,"Either the sizes of a
rectangular kernel or the footprint of the kernel must be provided.",https://docs.scipy.org/doc/scipy/tutorial/ndimage.html
must,"The size parameter, if provided, must be a sequence of sizes or a
single number, in which case the size of the filter is assumed to be
equal along each axis.",https://docs.scipy.org/doc/scipy/tutorial/ndimage.html
must,"The footprint, if provided, must be an
array that defines the shape of the kernel by its non-zero elements.",https://docs.scipy.org/doc/scipy/tutorial/ndimage.html
must,"Either the sizes of a
rectangular kernel or the footprint of the kernel must be provided.",https://docs.scipy.org/doc/scipy/tutorial/ndimage.html
must,"The size parameter, if provided, must be a sequence of sizes or a
single number, in which case the size of the filter is assumed to be
equal along each axis.",https://docs.scipy.org/doc/scipy/tutorial/ndimage.html
must,"The footprint, if provided, must be an
array that defines the shape of the kernel by its non-zero elements.",https://docs.scipy.org/doc/scipy/tutorial/ndimage.html
must,"Either the sizes of a rectangular kernel or the
footprint of the kernel must be provided.",https://docs.scipy.org/doc/scipy/tutorial/ndimage.html
must,"The size parameter, if
provided, must be a sequence of sizes or a single number, in which
case the size of the filter is assumed to be equal along each
axis.",https://docs.scipy.org/doc/scipy/tutorial/ndimage.html
must,"The footprint if provided, must be an array that defines the
shape of the kernel by its non-zero elements.",https://docs.scipy.org/doc/scipy/tutorial/ndimage.html
must,"Either the sizes of a rectangular kernel or the
footprint of the kernel must be provided.",https://docs.scipy.org/doc/scipy/tutorial/ndimage.html
must,"The size parameter, if
provided, must be a sequence of sizes or a single number, in which
case the size of the filter is assumed to be equal along each
axis.",https://docs.scipy.org/doc/scipy/tutorial/ndimage.html
must,"The footprint if provided, must be an array that defines the
shape of the kernel by its non-zero elements.",https://docs.scipy.org/doc/scipy/tutorial/ndimage.html
should,"The function derivative2 should have the
following signature
derivative2(input, axis, output, mode, cval, *extra_arguments, **extra_keywords)


It should calculate the second derivative along the dimension
axis.",https://docs.scipy.org/doc/scipy/tutorial/ndimage.html
should,"If output is not None, it should use that for the
output and return None, otherwise it should return the
result.",https://docs.scipy.org/doc/scipy/tutorial/ndimage.html
should,"It should calculate the second derivative along the dimension
axis.",https://docs.scipy.org/doc/scipy/tutorial/ndimage.html
should,"If output is not None, it should use that for the
output and return None, otherwise it should return the
result.",https://docs.scipy.org/doc/scipy/tutorial/ndimage.html
should,"The function
derivative should have the following signature
derivative(input, axis, output, mode, cval, *extra_arguments, **extra_keywords)


It should calculate the derivative along the dimension axis.",https://docs.scipy.org/doc/scipy/tutorial/ndimage.html
should,"If
output is not None, it should use that for the output and return
None, otherwise it should return the result.",https://docs.scipy.org/doc/scipy/tutorial/ndimage.html
should,It should calculate the derivative along the dimension axis.,https://docs.scipy.org/doc/scipy/tutorial/ndimage.html
should,"If
output is not None, it should use that for the output and return
None, otherwise it should return the result.",https://docs.scipy.org/doc/scipy/tutorial/ndimage.html
must,"Only a callable object implementing a callback
function that does the actual filtering work must be provided.",https://docs.scipy.org/doc/scipy/tutorial/ndimage.html
only,"Only a callable object implementing a callback
function that does the actual filtering work must be provided.",https://docs.scipy.org/doc/scipy/tutorial/ndimage.html
must,"The generic_filter1d function implements a generic
1-D filter function, where the actual filtering
operation must be supplied as a python function (or other callable
object).",https://docs.scipy.org/doc/scipy/tutorial/ndimage.html
should,"The second
array should be modified in-place to provide the output values of
the line.",https://docs.scipy.org/doc/scipy/tutorial/ndimage.html
must,"The generic_filter1d function implements a generic
1-D filter function, where the actual filtering
operation must be supplied as a python function (or other callable
object).",https://docs.scipy.org/doc/scipy/tutorial/ndimage.html
should,"The second
array should be modified in-place to provide the output values of
the line.",https://docs.scipy.org/doc/scipy/tutorial/ndimage.html
must,"The generic_filter function implements a generic filter
function, where the actual filtering operation must be supplied as a
python function (or other callable object).",https://docs.scipy.org/doc/scipy/tutorial/ndimage.html
should,"The function should return a single value
that can be converted to a double precision number.",https://docs.scipy.org/doc/scipy/tutorial/ndimage.html
only,"ndimage import generic_filter
>>> generic_filter(a, fnc, footprint = [[1, 0], [0, 1]])
array([[ 0,  3,  7, 11],
       [12, 15, 19, 23],
       [28, 31, 35, 39]])


Here, a kernel footprint was specified that contains only two
elements.",https://docs.scipy.org/doc/scipy/tutorial/ndimage.html
must,"When calling generic_filter, either the sizes of a
rectangular kernel or the footprint of the kernel must be
provided.",https://docs.scipy.org/doc/scipy/tutorial/ndimage.html
must,"The size parameter, if provided, must be a sequence of
sizes or a single number, in which case the size of the filter is
assumed to be equal along each axis.",https://docs.scipy.org/doc/scipy/tutorial/ndimage.html
must,"The footprint, if provided,
must be an array that defines the shape of the kernel by its
non-zero elements.",https://docs.scipy.org/doc/scipy/tutorial/ndimage.html
must,"The generic_filter function implements a generic filter
function, where the actual filtering operation must be supplied as a
python function (or other callable object).",https://docs.scipy.org/doc/scipy/tutorial/ndimage.html
should,"The function should return a single value
that can be converted to a double precision number.",https://docs.scipy.org/doc/scipy/tutorial/ndimage.html
only,"Here, a kernel footprint was specified that contains only two
elements.",https://docs.scipy.org/doc/scipy/tutorial/ndimage.html
must,"When calling generic_filter, either the sizes of a
rectangular kernel or the footprint of the kernel must be
provided.",https://docs.scipy.org/doc/scipy/tutorial/ndimage.html
must,"The size parameter, if provided, must be a sequence of
sizes or a single number, in which case the size of the filter is
assumed to be equal along each axis.",https://docs.scipy.org/doc/scipy/tutorial/ndimage.html
must,"The footprint, if provided,
must be an array that defines the shape of the kernel by its
non-zero elements.",https://docs.scipy.org/doc/scipy/tutorial/ndimage.html
should,"Thus, the input array of such a
function should be compatible with an inverse Fourier transform
function, such as the functions from the numpy.",https://docs.scipy.org/doc/scipy/tutorial/ndimage.html
only,"In the case of a real Fourier
transform, only half of the of the symmetric complex transform is
stored.",https://docs.scipy.org/doc/scipy/tutorial/ndimage.html
must,"The functions
described here provide a parameter n that, in the case of a real
transform, must be equal to the length of the real transform axis
before transformation.",https://docs.scipy.org/doc/scipy/tutorial/ndimage.html
only,"This function is only implemented for dimensions 1, 2, and 3.",https://docs.scipy.org/doc/scipy/tutorial/ndimage.html
only,"This function is only implemented for dimensions 1, 2, and 3.",https://docs.scipy.org/doc/scipy/tutorial/ndimage.html
only once,"In this
case, it is more efficient to do the pre-filtering only once and use a
pre-filtered array as the input of the interpolation functions.",https://docs.scipy.org/doc/scipy/tutorial/ndimage.html
only,"In this
case, it is more efficient to do the pre-filtering only once and use a
pre-filtered array as the input of the interpolation functions.",https://docs.scipy.org/doc/scipy/tutorial/ndimage.html
must,"The order of the spline must be larger than 1 and less
than 6.",https://docs.scipy.org/doc/scipy/tutorial/ndimage.html
must,"The order of the spline must be larger than 1 and less
than 6.",https://docs.scipy.org/doc/scipy/tutorial/ndimage.html
note,"Note
The multidimensional filter is implemented as a sequence of
1-D spline filters.",https://docs.scipy.org/doc/scipy/tutorial/ndimage.html
note,Note,https://docs.scipy.org/doc/scipy/tutorial/ndimage.html
note,"Note the boundaries are not handled the same for all modes;
reflect (aka grid-mirror) and grid-wrap involve symmetry or repetition
about a point that is half way between image samples (dashed vertical lines)
while modes mirror and wrap treat the image as if it’s extent ends exactly
at the first and last sample point rather than 0.",https://docs.scipy.org/doc/scipy/tutorial/ndimage.html
must,"mapping must be a callable object that
accepts a tuple of length equal to the output array rank and returns
the corresponding input coordinates as a tuple of length equal to
the input array rank.",https://docs.scipy.org/doc/scipy/tutorial/ndimage.html
note,"6375]])



Note
The mapping function can also be written in C and passed using a
scipy.",https://docs.scipy.org/doc/scipy/tutorial/ndimage.html
must,"mapping must be a callable object that
accepts a tuple of length equal to the output array rank and returns
the corresponding input coordinates as a tuple of length equal to
the input array rank.",https://docs.scipy.org/doc/scipy/tutorial/ndimage.html
note,Note,https://docs.scipy.org/doc/scipy/tutorial/ndimage.html
must,"The transformation matrix must be
2-D or can also be given as a 1-D sequence
or array.",https://docs.scipy.org/doc/scipy/tutorial/ndimage.html
must,"The transformation matrix must be
2-D or can also be given as a 1-D sequence
or array.",https://docs.scipy.org/doc/scipy/tutorial/ndimage.html
must,"The angle must be
given in degrees.",https://docs.scipy.org/doc/scipy/tutorial/ndimage.html
must,"The angle must be
given in degrees.",https://docs.scipy.org/doc/scipy/tutorial/ndimage.html
must,"The
rank of the structure must be provided.",https://docs.scipy.org/doc/scipy/tutorial/ndimage.html
must,"The
rank of the structure must be provided.",https://docs.scipy.org/doc/scipy/tutorial/ndimage.html
only,"If a mask array is given, only
those elements with a true value at the corresponding mask element
are modified at each iteration.",https://docs.scipy.org/doc/scipy/tutorial/ndimage.html
only,"If a mask array is given, only
those elements with a true value at the corresponding mask element
are modified at each iteration.",https://docs.scipy.org/doc/scipy/tutorial/ndimage.html
only,"If a mask array is given, only
those elements with a true value at the corresponding mask element
are modified at each iteration.",https://docs.scipy.org/doc/scipy/tutorial/ndimage.html
only,"If a mask array is given, only
those elements with a true value at the corresponding mask element
are modified at each iteration.",https://docs.scipy.org/doc/scipy/tutorial/ndimage.html
must,"If not, the origin
must also be adapted if the equivalent of the *iterations*
erosions or dilations must be achieved with the iterated
structure.",https://docs.scipy.org/doc/scipy/tutorial/ndimage.html
only,"The size parameter is only used if both structure and
footprint are not given, in which case the structuring element is
assumed to be rectangular and flat with the dimensions given by
size.",https://docs.scipy.org/doc/scipy/tutorial/ndimage.html
must,"The size parameter, if provided, must be a sequence of sizes
or a single number in which case the size of the filter is assumed to
be equal along each axis.",https://docs.scipy.org/doc/scipy/tutorial/ndimage.html
must,"The footprint parameter, if provided, must
be an array that defines the shape of the kernel by its non-zero
elements.",https://docs.scipy.org/doc/scipy/tutorial/ndimage.html
must,"The
return_distances, and return_indices flags can be used to
indicate if the distance transform, the feature transform, or both
must be returned.",https://docs.scipy.org/doc/scipy/tutorial/ndimage.html
must,"The distances and indices arguments can be used to give optional
output arrays that must be of the correct size and type (both
numpy.",https://docs.scipy.org/doc/scipy/tutorial/ndimage.html
must,"The
return_distances, and return_indices flags can be used to
indicate if the distance transform, the feature transform, or both
must be returned.",https://docs.scipy.org/doc/scipy/tutorial/ndimage.html
must,"The distances and indices arguments can be used to give optional
output arrays that must be of the correct size and type (both
numpy.",https://docs.scipy.org/doc/scipy/tutorial/ndimage.html
must,"The
return_distances and return_indices flags can be used to
indicate if the distance transform, the feature transform, or both
must be returned.",https://docs.scipy.org/doc/scipy/tutorial/ndimage.html
should,"Optionally, the sampling along each axis can be given by the
sampling parameter, which should be a sequence of length equal to
the input rank, or a single number in which the sampling is assumed
to be equal along all axes.",https://docs.scipy.org/doc/scipy/tutorial/ndimage.html
must,"The distances and indices arguments can be used to give optional
output arrays that must be of the correct size and type
(numpy.",https://docs.scipy.org/doc/scipy/tutorial/ndimage.html
must,"The
return_distances and return_indices flags can be used to
indicate if the distance transform, the feature transform, or both
must be returned.",https://docs.scipy.org/doc/scipy/tutorial/ndimage.html
should,"Optionally, the sampling along each axis can be given by the
sampling parameter, which should be a sequence of length equal to
the input rank, or a single number in which the sampling is assumed
to be equal along all axes.",https://docs.scipy.org/doc/scipy/tutorial/ndimage.html
must,"The distances and indices arguments can be used to give optional
output arrays that must be of the correct size and type
(numpy.",https://docs.scipy.org/doc/scipy/tutorial/ndimage.html
must,"The metric must be one of “euclidean”, “cityblock”, or
“chessboard”.",https://docs.scipy.org/doc/scipy/tutorial/ndimage.html
must,"The
return_distances and return_indices flags can be used to
indicate if the distance transform, the feature transform, or both
must be returned.",https://docs.scipy.org/doc/scipy/tutorial/ndimage.html
should,"Optionally, the sampling along each axis can be given by the
sampling parameter, which should be a sequence of length equal to
the input rank, or a single number in which the sampling is assumed
to be equal along all axes.",https://docs.scipy.org/doc/scipy/tutorial/ndimage.html
only,"This parameter is only used in the case
of the Euclidean distance transform.",https://docs.scipy.org/doc/scipy/tutorial/ndimage.html
must,"The distances and indices arguments can be used to give optional
output arrays that must be of the correct size and type
(numpy.",https://docs.scipy.org/doc/scipy/tutorial/ndimage.html
note,"Note
This function uses a slow brute-force algorithm, the function
distance_transform_cdt can be used to more efficiently
calculate city block and chessboard distance transforms.",https://docs.scipy.org/doc/scipy/tutorial/ndimage.html
must,"The metric must be one of “euclidean”, “cityblock”, or
“chessboard”.",https://docs.scipy.org/doc/scipy/tutorial/ndimage.html
must,"The
return_distances and return_indices flags can be used to
indicate if the distance transform, the feature transform, or both
must be returned.",https://docs.scipy.org/doc/scipy/tutorial/ndimage.html
should,"Optionally, the sampling along each axis can be given by the
sampling parameter, which should be a sequence of length equal to
the input rank, or a single number in which the sampling is assumed
to be equal along all axes.",https://docs.scipy.org/doc/scipy/tutorial/ndimage.html
only,"This parameter is only used in the case
of the Euclidean distance transform.",https://docs.scipy.org/doc/scipy/tutorial/ndimage.html
must,"The distances and indices arguments can be used to give optional
output arrays that must be of the correct size and type
(numpy.",https://docs.scipy.org/doc/scipy/tutorial/ndimage.html
note,Note,https://docs.scipy.org/doc/scipy/tutorial/ndimage.html
only,"It returns a tuple
consisting of the array of object labels and the number of objects
found, unless the output parameter is given, in which case only
the number of objects is returned.",https://docs.scipy.org/doc/scipy/tutorial/ndimage.html
only,"However, an 8-connected structuring element results in only
a single object:
>>> a = np.",https://docs.scipy.org/doc/scipy/tutorial/ndimage.html
note,"= 2, l, 0)
>>> l
array([1, 0, 0, 0, 3])
>>> label(l)[0]
array([1, 0, 0, 0, 2])



Note
The structuring element used by label is assumed to be
symmetric.",https://docs.scipy.org/doc/scipy/tutorial/ndimage.html
only,"It returns a tuple
consisting of the array of object labels and the number of objects
found, unless the output parameter is given, in which case only
the number of objects is returned.",https://docs.scipy.org/doc/scipy/tutorial/ndimage.html
note,Note,https://docs.scipy.org/doc/scipy/tutorial/ndimage.html
note,"structure = [[1,1,1], [1,1,1], [1,1,1]])
array([[-1, -1, -1, -1, -1, -1, -1],
       [-1,  2,  2,  2,  2,  2, -1],
       [-1,  2,  2,  2,  2,  2, -1],
       [-1,  2,  2,  2,  2,  2, -1],
       [-1,  2,  2,  2,  2,  2, -1],
       [-1,  2,  2,  2,  2,  2, -1],
       [-1, -1, -1, -1, -1, -1, -1]], dtype=int8)



Note
The implementation of watershed_ift limits the data types
of the input to numpy.",https://docs.scipy.org/doc/scipy/tutorial/ndimage.html
note,Note,https://docs.scipy.org/doc/scipy/tutorial/ndimage.html
only,"ndimage import find_objects
>>> f = find_objects(l)
>>> a[f[0]]
array([[1, 1],
       [1, 1]])
>>> a[f[1]]
array([[0, 1, 0],
       [1, 1, 1],
       [0, 1, 0]])


The function find_objects returns slices for all objects,
unless the max_label parameter is larger then zero, in which case
only the first max_label objects are returned.",https://docs.scipy.org/doc/scipy/tutorial/ndimage.html
only,"The function find_objects returns slices for all objects,
unless the max_label parameter is larger then zero, in which case
only the first max_label objects are returned.",https://docs.scipy.org/doc/scipy/tutorial/ndimage.html
should,"The measurement functions described below all support the index
parameter to indicate which object(s) should be measured.",https://docs.scipy.org/doc/scipy/tutorial/ndimage.html
should,"This indicates that all elements where the
label is larger than zero should be treated as a single object and
measured.",https://docs.scipy.org/doc/scipy/tutorial/ndimage.html
must,"To use a C function, you must write a C
extension that contains the callback function and a Python function
that returns a scipy.",https://docs.scipy.org/doc/scipy/tutorial/ndimage.html
must,"The second argument is the function signature, which must match exactly
the one expected by ndimage.",https://docs.scipy.org/doc/scipy/tutorial/ndimage.html
must,"The second argument is the function signature, which must match exactly
the one expected by ndimage.",https://docs.scipy.org/doc/scipy/tutorial/ndimage.html
note,Release notes,https://docs.scipy.org/doc/scipy/tutorial/io.html
must,"MATLAB structs are a little bit like Python dicts, except the field
names must be strings.",https://docs.scipy.org/doc/scipy/tutorial/io.html
must,"So, in MATLAB, the struct array must be at least 2-D, and we replicate
that when we read into SciPy.",https://docs.scipy.org/doc/scipy/tutorial/io.html
note,Release notes,https://docs.scipy.org/doc/scipy/notebooks/interp_transition_guide.html
note,This notebook contains three sets of demonstrations:,https://docs.scipy.org/doc/scipy/notebooks/interp_transition_guide.html
note,"Note: Since this notebook shows usage of interp2d (which is marked for deprecation), we will silence deprecation warnings for simplicity:",https://docs.scipy.org/doc/scipy/notebooks/interp_transition_guide.html
warning,"Note: Since this notebook shows usage of interp2d (which is marked for deprecation), we will silence deprecation warnings for simplicity:",https://docs.scipy.org/doc/scipy/notebooks/interp_transition_guide.html
should,"Below we give examples of the literal point-for-point transition, which should preserve the interp2d results exactly.",https://docs.scipy.org/doc/scipy/notebooks/interp_transition_guide.html
note,"Also, note that x.",https://docs.scipy.org/doc/scipy/notebooks/interp_transition_guide.html
note,"Note the transposes: first, in the constructor, second, you need to transpose the result of the evaluation.",https://docs.scipy.org/doc/scipy/notebooks/interp_transition_guide.html
note,"Note that this the “not regular grid” code path, meant for scattered data, with len(x) == len(y) == len(z).",https://docs.scipy.org/doc/scipy/notebooks/interp_transition_guide.html
note,"Note that, here:",https://docs.scipy.org/doc/scipy/notebooks/interp_transition_guide.html
note,"Evaluate, note the tuple argument:",https://docs.scipy.org/doc/scipy/notebooks/interp_transition_guide.html
warning,"For 2D scattered linear interpolation, both SmoothBivariateSpline and biplrep may either emit warnings, or fail to interpolate the data, or produce splines which with knots away from the data points.",https://docs.scipy.org/doc/scipy/notebooks/interp_transition_guide.html
note,Note that bisplrep does something different!,https://docs.scipy.org/doc/scipy/notebooks/interp_transition_guide.html
note,"Note that both SmoothBivariateSpline and bisplrep results have artifacts, unlike the LinearNDInterpolator’s.",https://docs.scipy.org/doc/scipy/notebooks/interp_transition_guide.html
note,Release notes,https://docs.scipy.org/doc/scipy/reference/cluster.html#module-scipy.cluster
only,"The vq module only
supports vector quantization and the k-means algorithms.",https://docs.scipy.org/doc/scipy/reference/cluster.html#module-scipy.cluster
note,Release notes,https://docs.scipy.org/doc/scipy/reference/constants.html#module-scipy.constants
warning,ConstantWarning,https://docs.scipy.org/doc/scipy/reference/constants.html#module-scipy.constants
only,one Fahrenheit (only differences) in Kelvins,https://docs.scipy.org/doc/scipy/reference/constants.html#module-scipy.constants
note,Release notes,https://docs.scipy.org/doc/scipy/reference/fftpack.html#module-scipy.fftpack
should,New code should use scipy.,https://docs.scipy.org/doc/scipy/reference/fftpack.html#module-scipy.fftpack
note,"Note that fftshift, ifftshift and fftfreq are numpy functions
exposed by fftpack; importing them from numpy should be preferred.",https://docs.scipy.org/doc/scipy/reference/fftpack.html#module-scipy.fftpack
should,"Note that fftshift, ifftshift and fftfreq are numpy functions
exposed by fftpack; importing them from numpy should be preferred.",https://docs.scipy.org/doc/scipy/reference/fftpack.html#module-scipy.fftpack
note,Release notes,https://docs.scipy.org/doc/scipy/reference/integrate.html#module-scipy.integrate
warning,IntegrationWarning,https://docs.scipy.org/doc/scipy/reference/integrate.html#module-scipy.integrate
warning,Warning on issues during integration.,https://docs.scipy.org/doc/scipy/reference/integrate.html#module-scipy.integrate
warning,AccuracyWarning,https://docs.scipy.org/doc/scipy/reference/integrate.html#module-scipy.integrate
warning,ODEintWarning,https://docs.scipy.org/doc/scipy/reference/integrate.html#module-scipy.integrate
warning,Warning raised during the execution of odeint.,https://docs.scipy.org/doc/scipy/reference/integrate.html#module-scipy.integrate
note,Release notes,https://docs.scipy.org/doc/scipy/reference/interpolate.html#module-scipy.interpolate
should,"pchip is an alias of PchipInterpolator for backward compatibility
(should not be used in new code).",https://docs.scipy.org/doc/scipy/reference/interpolate.html#module-scipy.interpolate
note,Release notes,https://docs.scipy.org/doc/scipy/reference/io.html#module-scipy.io
warning,WavFileWarning,https://docs.scipy.org/doc/scipy/reference/io.html#module-scipy.io
note,Release notes,https://docs.scipy.org/doc/scipy/reference/linalg.html#module-scipy.linalg
note,"Note that
although scipy.",https://docs.scipy.org/doc/scipy/reference/linalg.html#module-scipy.linalg
warning,LinAlgWarning,https://docs.scipy.org/doc/scipy/reference/linalg.html#module-scipy.linalg
warning,The warning emitted when a linear algebra related operation is close to fail conditions of the algorithm or loss of accuracy is expected.,https://docs.scipy.org/doc/scipy/reference/linalg.html#module-scipy.linalg
only,"eigh(a[, b, lower, eigvals_only, .",https://docs.scipy.org/doc/scipy/reference/linalg.html#module-scipy.linalg
only,"eig_banded(a_band[, lower, eigvals_only, .",https://docs.scipy.org/doc/scipy/reference/linalg.html#module-scipy.linalg
only,"eigh_tridiagonal(d, e[, eigvals_only, .",https://docs.scipy.org/doc/scipy/reference/linalg.html#module-scipy.linalg
note,Release notes,https://docs.scipy.org/doc/scipy/reference/ndimage.html#module-scipy.ndimage
note,Release notes,https://docs.scipy.org/doc/scipy/reference/odr.html#module-scipy.odr
warning,OdrWarning,https://docs.scipy.org/doc/scipy/reference/odr.html#module-scipy.odr
warning,Warning indicating that the data passed into ODR will cause problems when passed into 'odr' that the user should be aware of.,https://docs.scipy.org/doc/scipy/reference/odr.html#module-scipy.odr
should,Warning indicating that the data passed into ODR will cause problems when passed into 'odr' that the user should be aware of.,https://docs.scipy.org/doc/scipy/reference/odr.html#module-scipy.odr
note,Release notes,https://docs.scipy.org/doc/scipy/reference/optimize.html#module-scipy.optimize
warning,OptimizeWarning,https://docs.scipy.org/doc/scipy/reference/optimize.html#module-scipy.optimize
only,"Quasi-Newton strategies implementing HessianUpdateStrategy
interface can be used to approximate the Hessian in minimize
function (available only for the ‘trust-constr’ method).",https://docs.scipy.org/doc/scipy/reference/optimize.html#module-scipy.optimize
note,Release notes,https://docs.scipy.org/doc/scipy/reference/signal.html#module-scipy.signal
warning,Warning about badly conditioned filter coefficients,https://docs.scipy.org/doc/scipy/reference/signal.html#module-scipy.signal
only,Compute the DFT of x only for frequencies in range fn.,https://docs.scipy.org/doc/scipy/reference/signal.html#module-scipy.signal
note,Release notes,https://docs.scipy.org/doc/scipy/reference/sparse.html#module-scipy.sparse
note,Note,https://docs.scipy.org/doc/scipy/reference/sparse.html#module-scipy.sparse
note,"When using the array interface, please note that:",https://docs.scipy.org/doc/scipy/reference/sparse.html#module-scipy.sparse
must,Sparse arrays currently must be two-dimensional.,https://docs.scipy.org/doc/scipy/reference/sparse.html#module-scipy.sparse
must,"This also means
that all slicing operations on these objects must produce
two-dimensional results, or they will result in an error.",https://docs.scipy.org/doc/scipy/reference/sparse.html#module-scipy.sparse
must,Sparse arrays currently must be two-dimensional.,https://docs.scipy.org/doc/scipy/reference/sparse.html#module-scipy.sparse
must,"This also means
that all slicing operations on these objects must produce
two-dimensional results, or they will result in an error.",https://docs.scipy.org/doc/scipy/reference/sparse.html#module-scipy.sparse
warning,SparseEfficiencyWarning,https://docs.scipy.org/doc/scipy/reference/sparse.html#module-scipy.sparse
warning,SparseWarning,https://docs.scipy.org/doc/scipy/reference/sparse.html#module-scipy.sparse
warning,Warning,https://docs.scipy.org/doc/scipy/reference/sparse.html#module-scipy.sparse
should,It should be small :),https://docs.scipy.org/doc/scipy/reference/sparse.html#module-scipy.sparse
note,Release notes,https://docs.scipy.org/doc/scipy/reference/spatial.html#module-scipy.spatial
warning,"Simplex representation
  
  
   
    
     Functions
    
   
   
    
     Warnings / Errors used in
     
      
       scipy.",https://docs.scipy.org/doc/scipy/reference/spatial.html#module-scipy.spatial
warning,"Warnings / Errors used in
     
      
       scipy.",https://docs.scipy.org/doc/scipy/reference/spatial.html#module-scipy.spatial
warning,Warnings / Errors used in scipy.,https://docs.scipy.org/doc/scipy/reference/spatial.html#module-scipy.spatial
note,Release notes,https://docs.scipy.org/doc/scipy/reference/special.html#module-scipy.special
warning,"Functions which do not accept NumPy arrays are marked by a warning
in the section description.",https://docs.scipy.org/doc/scipy/reference/special.html#module-scipy.special
warning,"Some of the special function routines can emit warnings or raise
exceptions when an error occurs.",https://docs.scipy.org/doc/scipy/reference/special.html#module-scipy.special
warning,SpecialFunctionWarning,https://docs.scipy.org/doc/scipy/reference/special.html#module-scipy.special
warning,Warning that can be emitted by special functions.,https://docs.scipy.org/doc/scipy/reference/special.html#module-scipy.special
note,"Note that orthopoly1d objects are converted to poly1d when doing
arithmetic, and lose information of the original orthogonal polynomial.",https://docs.scipy.org/doc/scipy/reference/special.html#module-scipy.special
warning,Warning,https://docs.scipy.org/doc/scipy/reference/special.html#module-scipy.special
should,"To evaluate polynomial
values, the eval_* functions should be used instead.",https://docs.scipy.org/doc/scipy/reference/special.html#module-scipy.special
note,Release notes,https://docs.scipy.org/doc/scipy/reference/stats.html#module-scipy.stats
warning,"Other statistical functionality
  
  
   
    
     Transformations
    
   
   
    
     Statistical distances
    
   
   
    
     Sampling
    
   
   
    
     Random variate generation / CDF Inversion
    
   
   
    
     Fitting / Survival Analysis
    
   
   
    
     Directional statistical functions
    
   
   
    
     Sensitivity Analysis
    
   
   
    
     Plot-tests
    
   
   
    
     Univariate and multivariate kernel density estimation
    
   
   
    
     Warnings / Errors used in
     
      
       scipy.",https://docs.scipy.org/doc/scipy/reference/stats.html#module-scipy.stats
warning,"Warnings / Errors used in
     
      
       scipy.",https://docs.scipy.org/doc/scipy/reference/stats.html#module-scipy.stats
note,"Also, note that tests within the same heading
are not interchangeable in general (e.",https://docs.scipy.org/doc/scipy/reference/stats.html#module-scipy.stats
warning,"DiscreteGuideTable


Warnings / Errors used in scipy.",https://docs.scipy.org/doc/scipy/reference/stats.html#module-scipy.stats
warning,"DiscreteGuideTable


Warnings / Errors used in scipy.",https://docs.scipy.org/doc/scipy/reference/stats.html#module-scipy.stats
warning,Warnings / Errors used in scipy.,https://docs.scipy.org/doc/scipy/reference/stats.html#module-scipy.stats
warning,Warnings / Errors used in scipy.,https://docs.scipy.org/doc/scipy/reference/stats.html#module-scipy.stats
warning,DegenerateDataWarning([msg]),https://docs.scipy.org/doc/scipy/reference/stats.html#module-scipy.stats
warning,ConstantInputWarning([msg]),https://docs.scipy.org/doc/scipy/reference/stats.html#module-scipy.stats
warning,NearConstantInputWarning([msg]),https://docs.scipy.org/doc/scipy/reference/stats.html#module-scipy.stats
warning,Warning,https://docs.scipy.org/doc/scipy/reference/stats.html#module-scipy.stats
not support,"User import and
instantiation is not supported.",https://docs.scipy.org/doc/scipy/reference/stats.html#module-scipy.stats
note,Release notes,https://docs.scipy.org/doc/scipy/reference/main_namespace.html
note,Release notes,https://docs.scipy.org/doc/scipy/reference/datasets.html
note,"Note that the return data structure and data type might be different for
different dataset methods.",https://docs.scipy.org/doc/scipy/reference/datasets.html
note,Release notes,https://docs.scipy.org/doc/scipy/reference/fft.html
only,"set_backend(backend[, coerce, only])",https://docs.scipy.org/doc/scipy/reference/fft.html
only,"set_global_backend(backend[, coerce, only, .",https://docs.scipy.org/doc/scipy/reference/fft.html
note,Release notes,https://docs.scipy.org/doc/scipy/reference/misc.html
note,Release notes,https://docs.scipy.org/doc/scipy/reference/cluster.vq.html#module-scipy.cluster.vq
should,"Ideally, the colors for each of the 256 possible 8-bit
encoding values should be chosen to minimize distortion of the
color.",https://docs.scipy.org/doc/scipy/reference/cluster.vq.html#module-scipy.cluster.vq
note,Release notes,https://docs.scipy.org/doc/scipy/reference/cluster.hierarchy.html#module-scipy.cluster.hierarchy
warning,"is_valid_im(R[, warning, throw, name])",https://docs.scipy.org/doc/scipy/reference/cluster.hierarchy.html#module-scipy.cluster.hierarchy
warning,"is_valid_linkage(Z[, warning, throw, name])",https://docs.scipy.org/doc/scipy/reference/cluster.hierarchy.html#module-scipy.cluster.hierarchy
note,Release notes,https://docs.scipy.org/doc/scipy/reference/io.matlab.html#module-scipy.io.matlab
note,Notes,https://docs.scipy.org/doc/scipy/reference/io.matlab.html#module-scipy.io.matlab
warning,MatReadWarning,https://docs.scipy.org/doc/scipy/reference/io.matlab.html#module-scipy.io.matlab
warning,Warning class for read issues.,https://docs.scipy.org/doc/scipy/reference/io.matlab.html#module-scipy.io.matlab
note,Notes#,https://docs.scipy.org/doc/scipy/reference/io.matlab.html#module-scipy.io.matlab
note,Release notes,https://docs.scipy.org/doc/scipy/reference/linalg.blas.html#module-scipy.linalg.blas
note,Note,https://docs.scipy.org/doc/scipy/reference/linalg.blas.html#module-scipy.linalg.blas
warning,Warning,https://docs.scipy.org/doc/scipy/reference/linalg.blas.html#module-scipy.linalg.blas
note,Release notes,https://docs.scipy.org/doc/scipy/reference/linalg.cython_blas.html#module-scipy.linalg.cython_blas
should,Alignment should be checked before these wrappers are used.,https://docs.scipy.org/doc/scipy/reference/linalg.cython_blas.html#module-scipy.linalg.cython_blas
note,Release notes,https://docs.scipy.org/doc/scipy/reference/linalg.lapack.html#module-scipy.linalg.lapack
note,Note,https://docs.scipy.org/doc/scipy/reference/linalg.lapack.html#module-scipy.linalg.lapack
warning,Warning,https://docs.scipy.org/doc/scipy/reference/linalg.lapack.html#module-scipy.linalg.lapack
note,Release notes,https://docs.scipy.org/doc/scipy/reference/linalg.cython_lapack.html#module-scipy.linalg.cython_lapack
should,Alignment should be checked before these wrappers are used.,https://docs.scipy.org/doc/scipy/reference/linalg.cython_lapack.html#module-scipy.linalg.cython_lapack
note,Release notes,https://docs.scipy.org/doc/scipy/reference/linalg.interpolative.html#module-scipy.linalg.interpolative
note,"Note that \(\sigma_{k
+ 1}\) is the best possible error for a rank-\(k\) approximation
and, in fact, is achieved by the singular value decomposition (SVD)
\(A \approx U S V^{*}\), where \(U \in \mathbb{C}^{m \times
k}\) and \(V \in \mathbb{C}^{n \times k}\) have orthonormal columns
and \(S = \mathop{\mathrm{diag}} (\sigma_{i}) \in \mathbb{C}^{k
\times k}\) is diagonal with nonnegative entries.",https://docs.scipy.org/doc/scipy/reference/linalg.interpolative.html#module-scipy.linalg.interpolative
note,"Note that this module does not add any functionality
beyond that of organizing a simpler and more consistent interface.",https://docs.scipy.org/doc/scipy/reference/linalg.interpolative.html#module-scipy.linalg.interpolative
note,Note the use of the flag order='F' in numpy.,https://docs.scipy.org/doc/scipy/reference/linalg.interpolative.html#module-scipy.linalg.interpolative
only,"This algorithm is based on the randomized power method and thus requires only
matrix-vector products.",https://docs.scipy.org/doc/scipy/reference/linalg.interpolative.html#module-scipy.linalg.interpolative
must,where s must be an integer or array of 55 floats.,https://docs.scipy.org/doc/scipy/reference/linalg.interpolative.html#module-scipy.linalg.interpolative
note,Release notes,https://docs.scipy.org/doc/scipy/reference/optimize.cython_optimize.html#module-scipy.optimize.cython_optimize
must,"The full output
struct must be type zeros_full_output, which is defined in
scipy.",https://docs.scipy.org/doc/scipy/reference/optimize.cython_optimize.html#module-scipy.optimize.cython_optimize
note,Release notes,https://docs.scipy.org/doc/scipy/reference/signal.windows.html#module-scipy.signal.windows
note,Release notes,https://docs.scipy.org/doc/scipy/reference/sparse.linalg.html#module-scipy.sparse.linalg
warning,MatrixRankWarning,https://docs.scipy.org/doc/scipy/reference/sparse.linalg.html#module-scipy.sparse.linalg
note,Release notes,https://docs.scipy.org/doc/scipy/reference/sparse.csgraph.html#module-scipy.sparse.csgraph
note,"Note that a symmetric matrix will represent an undirected graph, regardless
of whether the ‘directed’ keyword is set to True or False.",https://docs.scipy.org/doc/scipy/reference/sparse.csgraph.html#module-scipy.sparse.csgraph
note,Release notes,https://docs.scipy.org/doc/scipy/reference/spatial.distance.html#module-scipy.spatial.distance
warning,"is_valid_dm(D[, tol, throw, name, warning])",https://docs.scipy.org/doc/scipy/reference/spatial.distance.html#module-scipy.spatial.distance
warning,"is_valid_y(y[, warning, throw, name])",https://docs.scipy.org/doc/scipy/reference/spatial.distance.html#module-scipy.spatial.distance
note,Release notes,https://docs.scipy.org/doc/scipy/reference/spatial.transform.html#module-scipy.spatial.transform
only,"For now,
only rotations are supported.",https://docs.scipy.org/doc/scipy/reference/spatial.transform.html#module-scipy.spatial.transform
note,Release notes,https://docs.scipy.org/doc/scipy/reference/stats.contingency.html#module-scipy.stats.contingency
note,Release notes,https://docs.scipy.org/doc/scipy/reference/stats.mstats.html#module-scipy.stats.mstats
note,Release notes,https://docs.scipy.org/doc/scipy/reference/stats.qmc.html#module-scipy.stats.qmc
must,"Also, to see an improvement over IID MC, (R)QMC requires a bit of smoothness of
the integrand, roughly the mixed first order derivative in each direction,
\(\partial^d f/\partial x_1 \cdots \partial x_d\), must be integral.",https://docs.scipy.org/doc/scipy/reference/stats.qmc.html#module-scipy.stats.qmc
note,Release notes,https://docs.scipy.org/doc/scipy/reference/stats.sampling.html#module-scipy.stats.sampling
warning,"Generators Wrapped
  
  
   
    
     For continuous distributions
    
   
   
    
     For discrete distributions
    
   
   
    
     Warnings / Errors used in
     
      
       scipy.",https://docs.scipy.org/doc/scipy/reference/stats.sampling.html#module-scipy.stats.sampling
warning,"Warnings / Errors used in
     
      
       scipy.",https://docs.scipy.org/doc/scipy/reference/stats.sampling.html#module-scipy.stats.sampling
only,"The only exception is
RatioUniforms, which is a pure Python implementation of the
Ratio-of-Uniforms method.",https://docs.scipy.org/doc/scipy/reference/stats.sampling.html#module-scipy.stats.sampling
warning,Warnings / Errors used in scipy.,https://docs.scipy.org/doc/scipy/reference/stats.sampling.html#module-scipy.stats.sampling
note,Release notes,https://docs.scipy.org/doc/scipy/building/compilers_and_options.html
note,"Note that environment variables only get applied from a clean build, because
they affect the configure stage (i.",https://docs.scipy.org/doc/scipy/building/compilers_and_options.html
only,"Note that environment variables only get applied from a clean build, because
they affect the configure stage (i.",https://docs.scipy.org/doc/scipy/building/compilers_and_options.html
warning,"Enabling warning levels is done via -Dwarning_level=<val>, with <val>
one of {0, 1, 2, 3, everything},",https://docs.scipy.org/doc/scipy/building/compilers_and_options.html
warning,"Enabling warning levels is done via -Dwarning_level=<val>, with <val>
one of {0, 1, 2, 3, everything},",https://docs.scipy.org/doc/scipy/building/compilers_and_options.html
only,"Meson also supports the standard environment variables CFLAGS,
CXXFLAGS, FFLAGS and LDFLAGS to inject extra flags - with the same
caveat as in the previous section about those environment variables being
picked up only for a clean build and not an incremental build.",https://docs.scipy.org/doc/scipy/building/compilers_and_options.html
note,Release notes,https://docs.scipy.org/doc/scipy/building/blas_lapack.html
should,"Other options that should work (as long as they’re installed with
pkg-config or CMake support) include mkl, atlas and blis.",https://docs.scipy.org/doc/scipy/building/blas_lapack.html
should,"It should have a matching name (so in this
example, armpl_lp64.",https://docs.scipy.org/doc/scipy/building/blas_lapack.html
should,"The
PKG_CONFIG_PATH environment variable should be set to point to the
location of the .",https://docs.scipy.org/doc/scipy/building/blas_lapack.html
should,"To check that this works as expected, you should be able to run:",https://docs.scipy.org/doc/scipy/building/blas_lapack.html
note,"Note that SciPy needs to know at build time, what needs to be done and
the build system will automatically check whether linear algebra
library is MKL or Accelerate (which both always use the g77 ABI) and if so,
use the CBLAS API instead of the BLAS API.",https://docs.scipy.org/doc/scipy/building/blas_lapack.html
note,"Note that support is still incomplete, so SciPy also requires
LP64 (32-bit integer size) BLAS/LAPACK.",https://docs.scipy.org/doc/scipy/building/blas_lapack.html
note,"Note that support is still incomplete, so SciPy also requires
LP64 (32-bit integer size) BLAS/LAPACK.",https://docs.scipy.org/doc/scipy/building/blas_lapack.html
note,Release notes,https://docs.scipy.org/doc/scipy/building/cross_compilation.html
only,"Cross compilation is a complex topic, we only add some hopefully helpful hints
here (for now).",https://docs.scipy.org/doc/scipy/building/cross_compilation.html
should,"All distributions that are known to successfully cross compile SciPy are using
python -m build (pypa/build), but using pip for that should be
possible as well.",https://docs.scipy.org/doc/scipy/building/cross_compilation.html
note,Release notes,https://docs.scipy.org/doc/scipy/building/redistributable_binaries.html
only,"Such wheels
therefore will only run on the system on which they are built.",https://docs.scipy.org/doc/scipy/building/redistributable_binaries.html
note,Release notes,https://docs.scipy.org/doc/scipy/building/understanding_meson.html
only,"Meson has a good build dependency tracking system, so invoking a build for a
second time will rebuild only targets for which any sources or dependencies
have changed.",https://docs.scipy.org/doc/scipy/building/understanding_meson.html
only,"This is for teaching purposes only; there should be no need to execute these
stages separately.",https://docs.scipy.org/doc/scipy/building/understanding_meson.html
should,"This is for teaching purposes only; there should be no need to execute these
stages separately.",https://docs.scipy.org/doc/scipy/building/understanding_meson.html
note,"To then install SciPy into the prefix (build-install/ here, but note that
that’s just an arbitrary name we picked here):",https://docs.scipy.org/doc/scipy/building/understanding_meson.html
should,Now we should be able to import scipy and run the tests.,https://docs.scipy.org/doc/scipy/building/understanding_meson.html
warning,"The full test suite should pass, without any build warnings on Linux (with the
GCC version for which -Werror is enforced in CI at least) and with at most
a moderate amount of warnings on other platforms.",https://docs.scipy.org/doc/scipy/building/understanding_meson.html
should,"The full test suite should pass, without any build warnings on Linux (with the
GCC version for which -Werror is enforced in CI at least) and with at most
a moderate amount of warnings on other platforms.",https://docs.scipy.org/doc/scipy/building/understanding_meson.html
note,Release notes,https://docs.scipy.org/doc/scipy/building/introspecting_a_build.html
note,"You will find this set of generic and target-specific rules that apply (note,
comments in this code block are not present in build.",https://docs.scipy.org/doc/scipy/building/introspecting_a_build.html
note,"Note: numpy
and a few other build-time dependencies are missing here because we do not
(yet) search for those with the builtin dependency() Meson command.",https://docs.scipy.org/doc/scipy/building/introspecting_a_build.html
note,Release notes,https://docs.scipy.org/doc/scipy/building/distutils_equivalents.html
note,"Note: be careful, this is usually not
the correct command for development installs - typically you want to use (4)
or pip install .",https://docs.scipy.org/doc/scipy/building/distutils_equivalents.html
note,"Note: be careful, this is usually not
the correct command for development installs - typically you want to use (4)
or pip install .",https://docs.scipy.org/doc/scipy/building/distutils_equivalents.html
note,Release notes,https://docs.scipy.org/doc/scipy/reference/generated/scipy.stats._result_classes.EmpiricalDistributionFunction.plot.html
only,Available only if matplotlib is installed.,https://docs.scipy.org/doc/scipy/reference/generated/scipy.stats._result_classes.EmpiricalDistributionFunction.plot.html
note,Release notes,https://docs.scipy.org/doc/scipy/dev/conduct/code_of_conduct.html
note,Endnotes,https://docs.scipy.org/doc/scipy/dev/conduct/code_of_conduct.html
should,"The SciPy
project does not organize in-person events, however, events related to our
community should have a code of conduct similar in spirit to this one.",https://docs.scipy.org/doc/scipy/dev/conduct/code_of_conduct.html
should,"This code of conduct should be honored by everyone who participates in
the SciPy community formally or informally, or claims any affiliation with the
project, in any project-related activities, and, especially, when representing the
project, in any role.",https://docs.scipy.org/doc/scipy/dev/conduct/code_of_conduct.html
only,"This applies to messages for help or
project-related support, too; not only is a public-support request much more
likely to result in an answer to a question, it also ensures that any
inadvertent mistakes in answering are more easily detected and corrected.",https://docs.scipy.org/doc/scipy/dev/conduct/code_of_conduct.html
only,"This applies to messages for help or
project-related support, too; not only is a public-support request much more
likely to result in an answer to a question, it also ensures that any
inadvertent mistakes in answering are more easily detected and corrected.",https://docs.scipy.org/doc/scipy/dev/conduct/code_of_conduct.html
should,"Participants in our community should uphold these standards
in all their interactions and help others to do so as well (see next section).",https://docs.scipy.org/doc/scipy/dev/conduct/code_of_conduct.html
only,"mediation (if feedback didn’t help, and only if both reporter and reportee agree to this)",https://docs.scipy.org/doc/scipy/dev/conduct/code_of_conduct.html
only,"mediation (if feedback didn’t help, and only if both reporter and reportee agree to this)",https://docs.scipy.org/doc/scipy/dev/conduct/code_of_conduct.html
note,Endnotes#,https://docs.scipy.org/doc/scipy/dev/conduct/code_of_conduct.html
note,Release notes,https://docs.scipy.org/doc/scipy/dev/hacking.html
only,"It
tries to answer commonly asked questions and provide some insight into how the
community process works in practice.",https://docs.scipy.org/doc/scipy/dev/hacking.html
should,"You can, and probably
should already start this discussion before your code is finished.",https://docs.scipy.org/doc/scipy/dev/hacking.html
should,"Unit testsIn principle, you should aim to create unit tests that exercise all the code
that you are adding.",https://docs.scipy.org/doc/scipy/dev/hacking.html
should,"In principle, you should aim to create unit tests that exercise all the code
that you are adding.",https://docs.scipy.org/doc/scipy/dev/hacking.html
should,"Not all existing SciPy code has benchmarks, but it should:
as SciPy grows it is increasingly important to monitor execution times in
order to catch unexpected regressions.",https://docs.scipy.org/doc/scipy/dev/hacking.html
should,"Not all existing SciPy code has benchmarks, but it should:
as SciPy grows it is increasingly important to monitor execution times in
order to catch unexpected regressions.",https://docs.scipy.org/doc/scipy/dev/hacking.html
should,"For most modules, the API is two levels
deep, which means your new function should appear as
scipy.",https://docs.scipy.org/doc/scipy/dev/hacking.html
should,"Any
private functions/classes should have a leading underscore (_) in their
name.",https://docs.scipy.org/doc/scipy/dev/hacking.html
only,"Code which is GPL or Apache licensed, has no
clear license, requires citation or is free for academic use only can’t be
included in SciPy.",https://docs.scipy.org/doc/scipy/dev/hacking.html
should,it should pass but doesn’t.,https://docs.scipy.org/doc/scipy/dev/hacking.html
should,"That should be enough to send a PR for this
issue.",https://docs.scipy.org/doc/scipy/dev/hacking.html
warning,"It may be necessary to add some warning or
deprecation message for the changed behavior.",https://docs.scipy.org/doc/scipy/dev/hacking.html
should,"This should be part of the
review process.",https://docs.scipy.org/doc/scipy/dev/hacking.html
note,Note,https://docs.scipy.org/doc/scipy/dev/hacking.html
only,"Pull requests that only change code style, e.",https://docs.scipy.org/doc/scipy/dev/hacking.html
note,Release notes,https://docs.scipy.org/doc/scipy/dev/dev_quickstart.html
note,Note,https://docs.scipy.org/doc/scipy/dev/dev_quickstart.html
only,"Notice that this will take a few minutes (and some really slow tests are
disabled by default), so you might want to test only the part of SciPy you will
be working on.",https://docs.scipy.org/doc/scipy/dev/dev_quickstart.html
only,"This is only one possible way to set up your development environment out of
many.",https://docs.scipy.org/doc/scipy/dev/dev_quickstart.html
note,Note,https://docs.scipy.org/doc/scipy/dev/dev_quickstart.html
note,Release notes,https://docs.scipy.org/doc/scipy/dev/contributor/development_workflow.html
note,"Note: consider watching SciPy Development Workflow before or after
reading to see an example of fixing a bug and submitting a pull request.",https://docs.scipy.org/doc/scipy/dev/contributor/development_workflow.html
note,"name ""Your Name""


This information credits you for your work, but note that it will become
publicly available if you “push” your work to GitHub.",https://docs.scipy.org/doc/scipy/dev/contributor/development_workflow.html
note,"This information credits you for your work, but note that it will become
publicly available if you “push” your work to GitHub.",https://docs.scipy.org/doc/scipy/dev/contributor/development_workflow.html
note,"Note that when you cloned your fork of the SciPy repository, Git already
associated the name origin with your fork.",https://docs.scipy.org/doc/scipy/dev/contributor/development_workflow.html
note,"Note that when you cloned your fork of the SciPy repository, Git already
associated the name origin with your fork.",https://docs.scipy.org/doc/scipy/dev/contributor/development_workflow.html
note,"Core developers If you want to push changes without
further review, see the notes below.",https://docs.scipy.org/doc/scipy/dev/contributor/development_workflow.html
note,"Core developers If you want to push changes without
further review, see the notes below.",https://docs.scipy.org/doc/scipy/dev/contributor/development_workflow.html
note,"Core developers If you want to push changes without
further review, see the notes below.",https://docs.scipy.org/doc/scipy/dev/contributor/development_workflow.html
note,"Assuming you’ve followed one of the Building from source pages to set up
your development environment, you’ll need to activate your development
environment and then run tests (note that the dev.",https://docs.scipy.org/doc/scipy/dev/contributor/development_workflow.html
only,"Only add files that have
related, complete changes.",https://docs.scipy.org/doc/scipy/dev/contributor/development_workflow.html
only,"Only add files that have
related, complete changes.",https://docs.scipy.org/doc/scipy/dev/contributor/development_workflow.html
note,Note,https://docs.scipy.org/doc/scipy/dev/contributor/development_workflow.html
should,Commit messages should be clear and follow a few basic rules.,https://docs.scipy.org/doc/scipy/dev/contributor/development_workflow.html
should,"Messages should be understandable without looking at the code
changes.",https://docs.scipy.org/doc/scipy/dev/contributor/development_workflow.html
note,Note,https://docs.scipy.org/doc/scipy/dev/contributor/development_workflow.html
should,"If your changes involve modifications to the API or addition/modification of a
function, you should initiate a code review.",https://docs.scipy.org/doc/scipy/dev/contributor/development_workflow.html
note,Release notes,https://docs.scipy.org/doc/scipy/dev/contributor/contributor_toc.html
note,"You can also watch SciPy Development Workflow, a five-minute video example of
fixing a bug and submitting a pull request (note: this video is from 2018, so
the build steps are different by now - the overall workflow is still the same
though).",https://docs.scipy.org/doc/scipy/dev/contributor/contributor_toc.html
note,"SciPy API contains some important notes about how SciPy code is organized and documents the structure of the SciPy API; if you are going to import other SciPy code, read this first",https://docs.scipy.org/doc/scipy/dev/contributor/contributor_toc.html
note,"SciPy API contains some important notes about how SciPy code is organized and documents the structure of the SciPy API; if you are going to import other SciPy code, read this first",https://docs.scipy.org/doc/scipy/dev/contributor/contributor_toc.html
note,Release notes,https://docs.scipy.org/doc/scipy/dev/roadmap.html
only,"This roadmap page contains only the most important ideas and needs for SciPy
going forward.",https://docs.scipy.org/doc/scipy/dev/roadmap.html
should,"Indicate in the documentation that for new code users should prefer
pydata/sparse over sparse matrices.",https://docs.scipy.org/doc/scipy/dev/roadmap.html
should,"Indicate in the documentation that for new code users should prefer
pydata/sparse over sparse matrices.",https://docs.scipy.org/doc/scipy/dev/roadmap.html
note,Release notes,https://docs.scipy.org/doc/scipy/dev/roadmap-detailed.html
note,Note,https://docs.scipy.org/doc/scipy/dev/roadmap-detailed.html
only,"A very high-level overview with only
the most important ideas is SciPy Roadmap.",https://docs.scipy.org/doc/scipy/dev/roadmap-detailed.html
should,"Bringing that up to
the current standard is probably not realistic, but we should plug the biggest
holes.",https://docs.scipy.org/doc/scipy/dev/roadmap-detailed.html
should,"Expanding of current docstrings - adding
examples, references, and better explanations - should continue.",https://docs.scipy.org/doc/scipy/dev/roadmap-detailed.html
should,"Most modules
also have a tutorial in the reference guide that is a good introduction,
however there are a few missing or incomplete tutorials - this should be fixed.",https://docs.scipy.org/doc/scipy/dev/roadmap-detailed.html
should,"Cython’s old syntax for using NumPy arrays should be removed and replaced with
Cython memoryviews.",https://docs.scipy.org/doc/scipy/dev/roadmap-detailed.html
must,"The aim is to make it a hard dependency - for that to
happen it must be clear that the maintenance burden is low enough.",https://docs.scipy.org/doc/scipy/dev/roadmap-detailed.html
should,"We should audit our use of these
libraries with respect to the maintenance effort, the functionality, and the
existence of (possibly partial) alternatives, including those inside SciPy.",https://docs.scipy.org/doc/scipy/dev/roadmap-detailed.html
should,"An effort should be made to slim down where possible, and not add new large
files.",https://docs.scipy.org/doc/scipy/dev/roadmap-detailed.html
only,"Once we have a reasonably feature complete set, we can start taking a long look
at the future of the venerable FITPACK Fortran library, which currently is the
only way of constructing smoothing splines in SciPy.",https://docs.scipy.org/doc/scipy/dev/roadmap-detailed.html
warning,Raise errors instead of warnings if data not understood.,https://docs.scipy.org/doc/scipy/dev/roadmap-detailed.html
warning,Raise errors instead of warnings if data not understood.,https://docs.scipy.org/doc/scipy/dev/roadmap-detailed.html
should,get_lapack_funcs should always use flapack,https://docs.scipy.org/doc/scipy/dev/roadmap-detailed.html
should,get_lapack_funcs should always use flapack,https://docs.scipy.org/doc/scipy/dev/roadmap-detailed.html
only,"Our released wheels now ship with OpenBLAS, which is
currently the only feasible performant option (ATLAS is too slow, MKL cannot
be the default due to licensing issues, Accelerate support is dropped
because Apple doesn’t update Accelerate anymore).",https://docs.scipy.org/doc/scipy/dev/roadmap-detailed.html
only,"OpenBLAS isn’t very stable
though, sometimes its releases break things and it has issues with threading
(currently the only issue for using SciPy with PyPy3).",https://docs.scipy.org/doc/scipy/dev/roadmap-detailed.html
only,"Our released wheels now ship with OpenBLAS, which is
currently the only feasible performant option (ATLAS is too slow, MKL cannot
be the default due to licensing issues, Accelerate support is dropped
because Apple doesn’t update Accelerate anymore).",https://docs.scipy.org/doc/scipy/dev/roadmap-detailed.html
only,"OpenBLAS isn’t very stable
though, sometimes its releases break things and it has issues with threading
(currently the only issue for using SciPy with PyPy3).",https://docs.scipy.org/doc/scipy/dev/roadmap-detailed.html
should,"Over time, we’ve become
convinced that the data point model is better defined and easier to
implement, but this should be clearly communicated in the documentation.",https://docs.scipy.org/doc/scipy/dev/roadmap-detailed.html
should,"Wrapping modes for this use-case were added in
gh-8537, next the
interpolation routines should be updated to use those modes.",https://docs.scipy.org/doc/scipy/dev/roadmap-detailed.html
should,"This should address several issues, including gh-1323, gh-1903, gh-2045
and gh-2640.",https://docs.scipy.org/doc/scipy/dev/roadmap-detailed.html
should,"a scalar should be acceptable for size, equivalent to providing that same
value for each axis.",https://docs.scipy.org/doc/scipy/dev/roadmap-detailed.html
should,"a scalar should be acceptable for size, equivalent to providing that same
value for each axis.",https://docs.scipy.org/doc/scipy/dev/roadmap-detailed.html
should,"Grey morphology operations
should get the same default.",https://docs.scipy.org/doc/scipy/dev/roadmap-detailed.html
should,"Grey morphology operations
should get the same default.",https://docs.scipy.org/doc/scipy/dev/roadmap-detailed.html
should,other filters should also take that default value where possible.,https://docs.scipy.org/doc/scipy/dev/roadmap-detailed.html
should,other filters should also take that default value where possible.,https://docs.scipy.org/doc/scipy/dev/roadmap-detailed.html
only,"Continuous wavelets
only at the moment - decide whether to completely rewrite or remove them.",https://docs.scipy.org/doc/scipy/dev/roadmap-detailed.html
should,"Indicate in the documentation that for new code users should prefer
pydata/sparse over sparse matrices.",https://docs.scipy.org/doc/scipy/dev/roadmap-detailed.html
should,"Indicate in the documentation that for new code users should prefer
pydata/sparse over sparse matrices.",https://docs.scipy.org/doc/scipy/dev/roadmap-detailed.html
should,"These
should be kept, but improvements/optimizations should go into CSR/CSC, which
are the preferred formats.",https://docs.scipy.org/doc/scipy/dev/roadmap-detailed.html
should,"tol keyword is broken, should be relative tol",https://docs.scipy.org/doc/scipy/dev/roadmap-detailed.html
should,"tol keyword is broken, should be relative tol",https://docs.scipy.org/doc/scipy/dev/roadmap-detailed.html
should,"distance metrics in C++ is in progress - this should
improve performance, make behaviour (e.",https://docs.scipy.org/doc/scipy/dev/roadmap-detailed.html
only,"Though there are still a lot of functions that need improvements in precision,
probably the only show-stoppers are hypergeometric functions, parabolic cylinder
functions, and spheroidal wave functions.",https://docs.scipy.org/doc/scipy/dev/roadmap-detailed.html
warning,"Add clear warnings to the documentation about the limits of the existing
implementations.",https://docs.scipy.org/doc/scipy/dev/roadmap-detailed.html
warning,"Add clear warnings to the documentation about the limits of the existing
implementations.",https://docs.scipy.org/doc/scipy/dev/roadmap-detailed.html
note,"(Note that these are rough guidelines, not strict rules.",https://docs.scipy.org/doc/scipy/dev/roadmap-detailed.html
note,"Also note that some duplication
with downstream projects is inevitable and not necessarily a bad thing.",https://docs.scipy.org/doc/scipy/dev/roadmap-detailed.html
should,"In addition, we should:",https://docs.scipy.org/doc/scipy/dev/roadmap-detailed.html
note,Release notes,https://docs.scipy.org/doc/scipy/dev/toolchain.html
only,", docstrings for functions),
as these examples can only use functionality present in all supported configurations.",https://docs.scipy.org/doc/scipy/dev/toolchain.html
note,"Please check the release notes [3] and the meta-package
oldest-supported-numpy for more info [4].",https://docs.scipy.org/doc/scipy/dev/toolchain.html
note,Note that the lower bound for LLVM is not enforced.,https://docs.scipy.org/doc/scipy/dev/toolchain.html
should,"Older versions should
work - as long as they support core (non-stdlib) C++17 -, but no version
below LLVM 12 is tested regularly during development.",https://docs.scipy.org/doc/scipy/dev/toolchain.html
note,Note that the OSX wheels additionally vendor gfortran 11.,https://docs.scipy.org/doc/scipy/dev/toolchain.html
only,"x, that restriction was finally
lifted (though only gradually at first).",https://docs.scipy.org/doc/scipy/dev/toolchain.html
must,"This is due to the fact that while the ABI stays compatible between toolset
versions (until vNext), all linking operations must use a toolset at least
as new as the one used to build any of the involved artefacts, meaning that
toolset version bumps tend to be “infectious”, as in: requiring all consuming
libraries to also bump their toolset (and probably compiler) version.",https://docs.scipy.org/doc/scipy/dev/toolchain.html
only,"This is
more of an issue for NumPy than SciPy, as the latter has only a small C API
and is compiled against by far fewer projects than NumPy.",https://docs.scipy.org/doc/scipy/dev/toolchain.html
note,"In terms of C language standards, it’s relevant to note that C11 has optional
features [14] (e.",https://docs.scipy.org/doc/scipy/dev/toolchain.html
only,"Therefore, using C features beyond C90 was only possible insofar there was support on
Windows; however, as of as of the end of 2021, a sufficiently recent compiler is used.",https://docs.scipy.org/doc/scipy/dev/toolchain.html
note,Note,https://docs.scipy.org/doc/scipy/dev/toolchain.html
note,"Developer Note: The versions of numpy and matplotlib required have
implications for the examples in Python docstrings.",https://docs.scipy.org/doc/scipy/dev/toolchain.html
must,"Examples must be able to be executed both in the environment used to
build the documentation,
as well as with any supported versions of numpy/matplotlib that
a user may use with this release of SciPy.",https://docs.scipy.org/doc/scipy/dev/toolchain.html
note,Release notes,https://docs.scipy.org/doc/scipy/dev/core-dev/index.html
note,"Development on GitHub
  
  
   
    
     Labels and Milestones
    
   
   
    
     Pull request review workflow
    
   
   
    
     Dealing with pull requests
    
   
   
    
     Backporting
    
   
   
    
     Release notes
    
   
   
    
     Other",https://docs.scipy.org/doc/scipy/dev/core-dev/index.html
note,Release notes,https://docs.scipy.org/doc/scipy/dev/core-dev/index.html
only,"The formal governance model is
leading, the below is only provided for context.",https://docs.scipy.org/doc/scipy/dev/core-dev/index.html
should,"Any significant decisions on adding (or not adding) new features, breaking
backwards compatibility or making other significant changes to the codebase
should be made on the scipy-dev mailing list after a discussion (preferably
with full consensus).",https://docs.scipy.org/doc/scipy/dev/core-dev/index.html
should,"In case review doesn’t happen quickly enough and it is
important that the PR is merged quickly, the submitter of the PR should send a
message to mailing list saying he/she intends to merge that PR without review
at time X for reason Y unless someone reviews it before then.",https://docs.scipy.org/doc/scipy/dev/core-dev/index.html
should,Changes and new additions should be tested.,https://docs.scipy.org/doc/scipy/dev/core-dev/index.html
should,"Ideally, contributors
should line up a reviewer with suitable domain expertise before beginning
work.",https://docs.scipy.org/doc/scipy/dev/core-dev/index.html
note,"Note that the twice-a-year release cycle and backward-compatibility
policy makes correcting things later on more difficult.",https://docs.scipy.org/doc/scipy/dev/core-dev/index.html
note,"Note that the twice-a-year release cycle and backward-compatibility
policy makes correcting things later on more difficult.",https://docs.scipy.org/doc/scipy/dev/core-dev/index.html
only,"The scopes of the submodules also vary, so it’s probably best to consider
each as if it’s a separate project - “numerical evaluation of special
functions” is relatively well-defined, but “commonly needed optimization
algorithms” less so.",https://docs.scipy.org/doc/scipy/dev/core-dev/index.html
should,"backport-candidate: bugfixes that should be considered for backporting by
the release manager.",https://docs.scipy.org/doc/scipy/dev/core-dev/index.html
should,"backport-candidate: bugfixes that should be considered for backporting by
the release manager.",https://docs.scipy.org/doc/scipy/dev/core-dev/index.html
should,"Issues that need to be addressed and pull requests that need to be merged for a
particular release should be set to the corresponding milestone.",https://docs.scipy.org/doc/scipy/dev/core-dev/index.html
note,"After a pull
request is merged, its milestone (and that of the issue it closes) should be
set to the next upcoming release - this makes it easy to get an overview of
changes and to add a complete list of those to the release notes.",https://docs.scipy.org/doc/scipy/dev/core-dev/index.html
should,"After a pull
request is merged, its milestone (and that of the issue it closes) should be
set to the next upcoming release - this makes it easy to get an overview of
changes and to add a complete list of those to the release notes.",https://docs.scipy.org/doc/scipy/dev/core-dev/index.html
should,"All pull requests (whether they contain enhancements, bug fixes or something else),
should be made against main.",https://docs.scipy.org/doc/scipy/dev/core-dev/index.html
only,"Only bug fixes are candidates for backporting
to a maintenance branch.",https://docs.scipy.org/doc/scipy/dev/core-dev/index.html
only,"The backport strategy for SciPy is to (a) only backport
fixes that are important, and (b) to only backport when it’s reasonably sure
that a new bugfix release on the relevant maintenance branch will be made.",https://docs.scipy.org/doc/scipy/dev/core-dev/index.html
note,Release notes#,https://docs.scipy.org/doc/scipy/dev/core-dev/index.html
note,"When a PR gets merged, consider if the changes need to be mentioned in the
release notes.",https://docs.scipy.org/doc/scipy/dev/core-dev/index.html
note,"What needs mentioning: new features, backwards incompatible
changes, deprecations, and “other changes” (anything else noteworthy enough,
see older release notes for the kinds of things worth mentioning).",https://docs.scipy.org/doc/scipy/dev/core-dev/index.html
note,"Release note entries are maintained on the wiki, (e.",https://docs.scipy.org/doc/scipy/dev/core-dev/index.html
note,com/scipy/scipy/wiki/Release-note-entries-for-SciPy-1.,https://docs.scipy.org/doc/scipy/dev/core-dev/index.html
only,"Released final versions, which
are the only versions appearing on PyPI, are numbered MAJOR.",https://docs.scipy.org/doc/scipy/dev/core-dev/index.html
warning,"In general it’s not a good idea to remove something without warning users about
that removal first.",https://docs.scipy.org/doc/scipy/dev/core-dev/index.html
warning,"Add a DeprecationWarning for it, which states that the functionality was
deprecated, and in which release.",https://docs.scipy.org/doc/scipy/dev/core-dev/index.html
warning,"Add a DeprecationWarning for it, which states that the functionality was
deprecated, and in which release.",https://docs.scipy.org/doc/scipy/dev/core-dev/index.html
note,Mention the deprecation in the release notes for that release.,https://docs.scipy.org/doc/scipy/dev/core-dev/index.html
note,Mention the deprecation in the release notes for that release.,https://docs.scipy.org/doc/scipy/dev/core-dev/index.html
warning,"Wait till at least 6 months after the release date of the release that
introduced the DeprecationWarning before removing the functionality.",https://docs.scipy.org/doc/scipy/dev/core-dev/index.html
warning,"Wait till at least 6 months after the release date of the release that
introduced the DeprecationWarning before removing the functionality.",https://docs.scipy.org/doc/scipy/dev/core-dev/index.html
note,Mention the removal of the functionality in the release notes.,https://docs.scipy.org/doc/scipy/dev/core-dev/index.html
note,Mention the removal of the functionality in the release notes.,https://docs.scipy.org/doc/scipy/dev/core-dev/index.html
warning,"When introducing the warning, also ensure that those warnings are filtered out
when running the test suite so they don’t pollute the output.",https://docs.scipy.org/doc/scipy/dev/core-dev/index.html
only,"The only dependency that is reported to pip  is Numpy, see
install_requires in SciPy’s main setup.",https://docs.scipy.org/doc/scipy/dev/core-dev/index.html
only,"SciPy only reports its dependency on NumPy via install_requires if NumPy
isn’t installed at all on a system, or when building wheels with
bdist_wheel.",https://docs.scipy.org/doc/scipy/dev/core-dev/index.html
only,"SciPy no longer uses setup_requires (which in the past
invoked easy_install); build dependencies are now handled only via
pyproject.",https://docs.scipy.org/doc/scipy/dev/core-dev/index.html
only,"toml and the versions will only apply to the SciPy build
itself.",https://docs.scipy.org/doc/scipy/dev/core-dev/index.html
only,"For run-time dependencies (currently only numpy), we specify the range
of versions in pyproject.",https://docs.scipy.org/doc/scipy/dev/core-dev/index.html
should,"Given that NumPy and SciPy both release in a 6-monthly
cadence and that features that get deprecated in NumPy should stay around for
another two releases, we specify the upper bound as <1.",https://docs.scipy.org/doc/scipy/dev/core-dev/index.html
note,"py, and mentioned in the release notes for each
release.",https://docs.scipy.org/doc/scipy/dev/core-dev/index.html
note,"The lowest supported Numpy version for a SciPy version is mentioned in the
release notes and is encoded in pyproject.",https://docs.scipy.org/doc/scipy/dev/core-dev/index.html
note,"Note that not all versions of optional dependencies
that are supported are tested well or at all by SciPy’s Continuous
Integration setup.",https://docs.scipy.org/doc/scipy/dev/core-dev/index.html
note,Note,https://docs.scipy.org/doc/scipy/dev/core-dev/index.html
only,This section is only about building SciPy binary installers to distribute.,https://docs.scipy.org/doc/scipy/dev/core-dev/index.html
note,Port relevant changes to release notes and build scripts to main.,https://docs.scipy.org/doc/scipy/dev/core-dev/index.html
note,Port relevant changes to release notes and build scripts to main.,https://docs.scipy.org/doc/scipy/dev/core-dev/index.html
note,"Before branching, ensure that the release notes are updated as far as possible.",https://docs.scipy.org/doc/scipy/dev/core-dev/index.html
note,"py in the
release notes.",https://docs.scipy.org/doc/scipy/dev/core-dev/index.html
note,"Immediately after, push a commit where you increment the version number on the
main branch and add release notes for that new version.",https://docs.scipy.org/doc/scipy/dev/core-dev/index.html
must,"Hence
correct upper bounds must be set.",https://docs.scipy.org/doc/scipy/dev/core-dev/index.html
note,"Note that on some platforms
it may be more suitable to use gpg2 instead of gpg so that
passwords may be stored by gpg-agent as discussed in
https://github.",https://docs.scipy.org/doc/scipy/dev/core-dev/index.html
note,"com/scipy/scipy/milestones), PRs labeled “backport-candidate”,
and that the release notes are up-to-date and included in the html docs.",https://docs.scipy.org/doc/scipy/dev/core-dev/index.html
only,"Only push the release commit to the scipy repo once you have built the
sdists and docs successfully.",https://docs.scipy.org/doc/scipy/dev/core-dev/index.html
only,"Only push
the release tag to the repo once all wheels have been built successfully on
TravisCI and Appveyor (if it fails, you have to move the tag otherwise - which
is bad practice).",https://docs.scipy.org/doc/scipy/dev/core-dev/index.html
note,"An sdist is generated by running python -m build --sdist (note: we
still need to move this into a CI job!",https://docs.scipy.org/doc/scipy/dev/core-dev/index.html
note,"py notes (with tags, see python dev.",https://docs.scipy.org/doc/scipy/dev/core-dev/index.html
note,"py notes
--help) in the repo root, and end up in REPO_ROOT/release/.",https://docs.scipy.org/doc/scipy/dev/core-dev/index.html
should,"The appropriate version pins for NumPy and other
dependencies should have been updated in pyproject.",https://docs.scipy.org/doc/scipy/dev/core-dev/index.html
note,"py
notes again.",https://docs.scipy.org/doc/scipy/dev/core-dev/index.html
note,"GitHub Releases (sdist, release notes, Changelog)",https://docs.scipy.org/doc/scipy/dev/core-dev/index.html
note,"GitHub Releases (sdist, release notes, Changelog)",https://docs.scipy.org/doc/scipy/dev/core-dev/index.html
should,"It is useful to check a previous
release to determine exactly which artifacts should be included in the GUI
upload process.",https://docs.scipy.org/doc/scipy/dev/core-dev/index.html
note,"Also, note that the release notes are not automatically populated
into the release description on GitHub, and some manual reformatting to markdown
can be quite helpful to match the formatting of previous releases on the site.",https://docs.scipy.org/doc/scipy/dev/core-dev/index.html
only,"This is only for
proper releases, not release candidates.",https://docs.scipy.org/doc/scipy/dev/core-dev/index.html
note,"Note that SSH access to the
doc server is needed; ask @pv (server admin), @tylerjereddy or @rgommers (can
upload) if you don’t have that.",https://docs.scipy.org/doc/scipy/dev/core-dev/index.html
only,"This is only for proper releases,
not release candidates.",https://docs.scipy.org/doc/scipy/dev/core-dev/index.html
note,"After the final release is done, port relevant changes to release notes, build
scripts, author name mapping in tools/authors.",https://docs.scipy.org/doc/scipy/dev/core-dev/index.html
only,"py and any other changes that
were only made on the maintenance branch to main.",https://docs.scipy.org/doc/scipy/dev/core-dev/index.html
note,Release notes,https://docs.scipy.org/doc/scipy/dev/api-dev/api-dev-toc.html
note,Release notes,https://docs.scipy.org/doc/scipy/dev/governance.html
only,"It is expected, and in the past has been the
case, that the BDFL will only rarely assert his/her final authority.",https://docs.scipy.org/doc/scipy/dev/governance.html
note,"Note that the BDFL can step down at any time, and acting in good faith, will
also listen to serious calls to do so.",https://docs.scipy.org/doc/scipy/dev/governance.html
note,"Also note that the BDFL is more a role
for fallback decision making rather than that of a director/CEO.",https://docs.scipy.org/doc/scipy/dev/governance.html
must,"To become eligible for being a Steering Council Member, an individual must be a
Project Contributor who has produced contributions that are substantial in
quality and quantity, and sustained over at least one year.",https://docs.scipy.org/doc/scipy/dev/governance.html
must,"Members with a conflict of
interest in a particular issue may participate in Council discussions on that
issue, but must recuse themselves from voting on the issue.",https://docs.scipy.org/doc/scipy/dev/governance.html
only,"The Council will have a private mailing list that will be used
sparingly and only when a specific matter requires privacy.",https://docs.scipy.org/doc/scipy/dev/governance.html
should,"When private
communications and decisions are needed, the Council will do its best to
summarize those to the Community after removing personal/private/sensitive
information that should not be posted to the public internet.",https://docs.scipy.org/doc/scipy/dev/governance.html
must,"This is a
formalized version of consensus, in which +1 votes indicate agreement,
-1 votes are vetoes (and must be accompanied with a rationale, as
above), and one can also vote fractionally (e.",https://docs.scipy.org/doc/scipy/dev/governance.html
should,"These
numeric votes are also often used informally as a way of getting a
general sense of people’s feelings on some issue, and should not
normally be taken as formal votes.",https://docs.scipy.org/doc/scipy/dev/governance.html
only,"A formal vote only occurs if
explicitly declared, and if this does occur, then the vote should be held
open for long enough to give all interested Council Members a chance to
respond – at least one week.",https://docs.scipy.org/doc/scipy/dev/governance.html
should,"A formal vote only occurs if
explicitly declared, and if this does occur, then the vote should be held
open for long enough to give all interested Council Members a chance to
respond – at least one week.",https://docs.scipy.org/doc/scipy/dev/governance.html
only,"To state this another way, the only way for a
Partner to influence the project is by actively contributing to the open
development of the project, in equal terms to any other member of the
community of Contributors and Council Members.",https://docs.scipy.org/doc/scipy/dev/governance.html
must,"Once an institution becomes eligible for
Institutional Partnership, the Steering Council must nominate and
approve the Partnership.",https://docs.scipy.org/doc/scipy/dev/governance.html
note,Release notes,https://docs.scipy.org/doc/scipy/release/1.12.0-notes.html
note,"0 Release Notes

Highlights of this release
New features

scipy.",https://docs.scipy.org/doc/scipy/release/1.12.0-notes.html
warning,"Before upgrading, we recommend that users check that
their own code does not use deprecated SciPy functionality (to do so,
run your code with python -Wd and check for DeprecationWarning s).",https://docs.scipy.org/doc/scipy/release/1.12.0-notes.html
only,"This class only knows how to evaluate a tensor product given coefficients
and knot vectors.",https://docs.scipy.org/doc/scipy/release/1.12.0-notes.html
only,"This class only knows how to evaluate a tensor product given coefficients
and knot vectors.",https://docs.scipy.org/doc/scipy/release/1.12.0-notes.html
should,"The performance of dok_matrix and dok_array has been improved,
and their inheritance behavior should be more robust.",https://docs.scipy.org/doc/scipy/release/1.12.0-notes.html
should,"The performance of dok_matrix and dok_array has been improved,
and their inheritance behavior should be more robust.",https://docs.scipy.org/doc/scipy/release/1.12.0-notes.html
warning,"Error messages have been made clearer for objects that don’t exist in the
public namespace and warnings sharpened for private attributes that are not
supposed to be imported at all.",https://docs.scipy.org/doc/scipy/release/1.12.0-notes.html
warning,"Error messages have been made clearer for objects that don’t exist in the
public namespace and warnings sharpened for private attributes that are not
supposed to be imported at all.",https://docs.scipy.org/doc/scipy/release/1.12.0-notes.html
should,#2725: Barycentric interpolation should allow evaluation of derivatives,https://docs.scipy.org/doc/scipy/release/1.12.0-notes.html
should,#2725: Barycentric interpolation should allow evaluation of derivatives,https://docs.scipy.org/doc/scipy/release/1.12.0-notes.html
warning,#17572: BUG: Deprecation warning says to use non-existent symbols,https://docs.scipy.org/doc/scipy/release/1.12.0-notes.html
warning,#17572: BUG: Deprecation warning says to use non-existent symbols,https://docs.scipy.org/doc/scipy/release/1.12.0-notes.html
warning,#17771: BUG: cannot import ODEintWarning from scipy.,https://docs.scipy.org/doc/scipy/release/1.12.0-notes.html
warning,#17771: BUG: cannot import ODEintWarning from scipy.,https://docs.scipy.org/doc/scipy/release/1.12.0-notes.html
warning,#18279: BUG: deprecation warnings for private API are misleading,https://docs.scipy.org/doc/scipy/release/1.12.0-notes.html
warning,#18279: BUG: deprecation warnings for private API are misleading,https://docs.scipy.org/doc/scipy/release/1.12.0-notes.html
warning,#18389: BUG: Yeo-Johnson Power Transformer gives Numpy warning,https://docs.scipy.org/doc/scipy/release/1.12.0-notes.html
warning,#18389: BUG: Yeo-Johnson Power Transformer gives Numpy warning,https://docs.scipy.org/doc/scipy/release/1.12.0-notes.html
should,#18839: ENH: concatenating sparse arrays should return sparse arrays,https://docs.scipy.org/doc/scipy/release/1.12.0-notes.html
should,#18839: ENH: concatenating sparse arrays should return sparse arrays,https://docs.scipy.org/doc/scipy/release/1.12.0-notes.html
must,#18876: DOC: integrate: clarify that event and jac must have the same…,https://docs.scipy.org/doc/scipy/release/1.12.0-notes.html
must,#18876: DOC: integrate: clarify that event and jac must have the same…,https://docs.scipy.org/doc/scipy/release/1.12.0-notes.html
warning,#19150: build warnings from pythran (?,https://docs.scipy.org/doc/scipy/release/1.12.0-notes.html
warning,#19150: build warnings from pythran (?,https://docs.scipy.org/doc/scipy/release/1.12.0-notes.html
note,#19373: DOC: interpolate: add note to BarycentricInterpolator.,https://docs.scipy.org/doc/scipy/release/1.12.0-notes.html
note,#19373: DOC: interpolate: add note to BarycentricInterpolator.,https://docs.scipy.org/doc/scipy/release/1.12.0-notes.html
warning,#19620: _lib: Test error in test_warning_calls_filters because of a Python…,https://docs.scipy.org/doc/scipy/release/1.12.0-notes.html
warning,#19620: _lib: Test error in test_warning_calls_filters because of a Python…,https://docs.scipy.org/doc/scipy/release/1.12.0-notes.html
warning,#19804: MAINT/TST: Warnings failing test suite with `pytest 8`,https://docs.scipy.org/doc/scipy/release/1.12.0-notes.html
warning,#19804: MAINT/TST: Warnings failing test suite with `pytest 8`,https://docs.scipy.org/doc/scipy/release/1.12.0-notes.html
warning,#18640: MAINT: Fix lint warnings in `_traversal.,https://docs.scipy.org/doc/scipy/release/1.12.0-notes.html
warning,#18640: MAINT: Fix lint warnings in `_traversal.,https://docs.scipy.org/doc/scipy/release/1.12.0-notes.html
note,#18729: DOC: Add note connecting weibull_min to standard exponential.,https://docs.scipy.org/doc/scipy/release/1.12.0-notes.html
note,#18729: DOC: Add note connecting weibull_min to standard exponential.,https://docs.scipy.org/doc/scipy/release/1.12.0-notes.html
should,#18803: MAINT: `rv_discrete` should raise with duplicate `xk` in…,https://docs.scipy.org/doc/scipy/release/1.12.0-notes.html
should,#18803: MAINT: `rv_discrete` should raise with duplicate `xk` in…,https://docs.scipy.org/doc/scipy/release/1.12.0-notes.html
warning,"#18812: DEP: linalg: sharpen deprecation warning for pinv {,r}cond",https://docs.scipy.org/doc/scipy/release/1.12.0-notes.html
warning,"#18812: DEP: linalg: sharpen deprecation warning for pinv {,r}cond",https://docs.scipy.org/doc/scipy/release/1.12.0-notes.html
note,#18905: DOC: Clarify DOF in f-distribution notes,https://docs.scipy.org/doc/scipy/release/1.12.0-notes.html
note,#18905: DOC: Clarify DOF in f-distribution notes,https://docs.scipy.org/doc/scipy/release/1.12.0-notes.html
warning,#19165: DEP: improve deprecation warnings for constants module,https://docs.scipy.org/doc/scipy/release/1.12.0-notes.html
warning,#19165: DEP: improve deprecation warnings for constants module,https://docs.scipy.org/doc/scipy/release/1.12.0-notes.html
note,#19175: DOC: stats: Correct levy_stable loc-scale note,https://docs.scipy.org/doc/scipy/release/1.12.0-notes.html
note,#19175: DOC: stats: Correct levy_stable loc-scale note,https://docs.scipy.org/doc/scipy/release/1.12.0-notes.html
warning,#19224: BUG: integrate: expose ODEintWarning,https://docs.scipy.org/doc/scipy/release/1.12.0-notes.html
warning,#19224: BUG: integrate: expose ODEintWarning,https://docs.scipy.org/doc/scipy/release/1.12.0-notes.html
warning,#19243: DOC: stats: fix documentation of warnings raised by pearsonr,https://docs.scipy.org/doc/scipy/release/1.12.0-notes.html
warning,#19243: DOC: stats: fix documentation of warnings raised by pearsonr,https://docs.scipy.org/doc/scipy/release/1.12.0-notes.html
warning,#19270: MAINT: fix -Wdeprecated-non-prototype warnings in Cephes code,https://docs.scipy.org/doc/scipy/release/1.12.0-notes.html
warning,#19270: MAINT: fix -Wdeprecated-non-prototype warnings in Cephes code,https://docs.scipy.org/doc/scipy/release/1.12.0-notes.html
warning,#19275: MAINT: Add warning filter for `numpy.,https://docs.scipy.org/doc/scipy/release/1.12.0-notes.html
warning,#19275: MAINT: Add warning filter for `numpy.,https://docs.scipy.org/doc/scipy/release/1.12.0-notes.html
warning,#19285: MAINT fix more `-Wdeprecate-non-prototype` warnings,https://docs.scipy.org/doc/scipy/release/1.12.0-notes.html
warning,#19285: MAINT fix more `-Wdeprecate-non-prototype` warnings,https://docs.scipy.org/doc/scipy/release/1.12.0-notes.html
note,#19410: DOC: interpolate: add note to BarycentricInterpolator.,https://docs.scipy.org/doc/scipy/release/1.12.0-notes.html
note,#19410: DOC: interpolate: add note to BarycentricInterpolator.,https://docs.scipy.org/doc/scipy/release/1.12.0-notes.html
only,"#19497: CI: add ‘[lint only]’, ‘[docs only]’ skip tags",https://docs.scipy.org/doc/scipy/release/1.12.0-notes.html
only,"#19497: CI: add ‘[lint only]’, ‘[docs only]’ skip tags",https://docs.scipy.org/doc/scipy/release/1.12.0-notes.html
warning,#19623: MAINT: lint: enable `stacklevel` warnings check,https://docs.scipy.org/doc/scipy/release/1.12.0-notes.html
warning,#19623: MAINT: lint: enable `stacklevel` warnings check,https://docs.scipy.org/doc/scipy/release/1.12.0-notes.html
note,#19735: DOC: update release notes with all deprecations for 1.,https://docs.scipy.org/doc/scipy/release/1.12.0-notes.html
note,#19735: DOC: update release notes with all deprecations for 1.,https://docs.scipy.org/doc/scipy/release/1.12.0-notes.html
note,#19903: DEP: reflect extended deprecations also in release notes,https://docs.scipy.org/doc/scipy/release/1.12.0-notes.html
note,#19903: DEP: reflect extended deprecations also in release notes,https://docs.scipy.org/doc/scipy/release/1.12.0-notes.html
note,Release Notes,https://docs.scipy.org/doc/scipy/release/1.12.0-notes.html
note,Release notes,https://docs.scipy.org/doc/scipy/release/1.11.4-notes.html
note,"4 Release Notes

Authors

Issues closed for 1.",https://docs.scipy.org/doc/scipy/release/1.11.4-notes.html
note,Release notes,https://docs.scipy.org/doc/scipy/release/1.11.3-notes.html
note,"3 Release Notes

Authors

Issues closed for 1.",https://docs.scipy.org/doc/scipy/release/1.11.3-notes.html
should,#19076: MAINT: should not be using np.,https://docs.scipy.org/doc/scipy/release/1.11.3-notes.html
should,#19076: MAINT: should not be using np.,https://docs.scipy.org/doc/scipy/release/1.11.3-notes.html
note,Release notes,https://docs.scipy.org/doc/scipy/release/1.11.2-notes.html
note,"2 Release Notes

Authors

Issues closed for 1.",https://docs.scipy.org/doc/scipy/release/1.11.2-notes.html
warning,#18785: MAINT: stats: fix NumPy DeprecationWarnings,https://docs.scipy.org/doc/scipy/release/1.11.2-notes.html
warning,#18785: MAINT: stats: fix NumPy DeprecationWarnings,https://docs.scipy.org/doc/scipy/release/1.11.2-notes.html
note,Release notes,https://docs.scipy.org/doc/scipy/release/1.11.1-notes.html
note,"1 Release Notes

Authors

Issues closed for 1.",https://docs.scipy.org/doc/scipy/release/1.11.1-notes.html
note,Release notes,https://docs.scipy.org/doc/scipy/release/1.11.0-notes.html
note,"0 Release Notes

Highlights of this release
New features

scipy.",https://docs.scipy.org/doc/scipy/release/1.11.0-notes.html
warning,"Before upgrading, we recommend that users check that
their own code does not use deprecated SciPy functionality (to do so,
run your code with python -Wd and check for DeprecationWarning s).",https://docs.scipy.org/doc/scipy/release/1.11.0-notes.html
warning,istft has an improved warning message when the NOLA condition fails.,https://docs.scipy.org/doc/scipy/release/1.11.0-notes.html
warning,istft has an improved warning message when the NOLA condition fails.,https://docs.scipy.org/doc/scipy/release/1.11.0-notes.html
only,"spmatrix) selects only the old sparse
matrix classes.",https://docs.scipy.org/doc/scipy/release/1.11.0-notes.html
only,"spmatrix) selects only the old sparse
matrix classes.",https://docs.scipy.org/doc/scipy/release/1.11.0-notes.html
only,isspmatrix now only returns True for the sparse matrices instances.,https://docs.scipy.org/doc/scipy/release/1.11.0-notes.html
only,isspmatrix now only returns True for the sparse matrices instances.,https://docs.scipy.org/doc/scipy/release/1.11.0-notes.html
should,"lobpcg should be more efficient following removal of an extraneous
QR decomposition.",https://docs.scipy.org/doc/scipy/release/1.11.0-notes.html
should,"lobpcg should be more efficient following removal of an extraneous
QR decomposition.",https://docs.scipy.org/doc/scipy/release/1.11.0-notes.html
should,"Users should leave this as the default as this
gives improved accuracy compared to the other methods.",https://docs.scipy.org/doc/scipy/release/1.11.0-notes.html
should,"Users should leave this as the default as this
gives improved accuracy compared to the other methods.",https://docs.scipy.org/doc/scipy/release/1.11.0-notes.html
only,"{lsim2, impulse2, step2} had long been
deprecated in documentation only.",https://docs.scipy.org/doc/scipy/release/1.11.0-notes.html
warning,"They now raise a DeprecationWarning and
will be removed in SciPy 1.",https://docs.scipy.org/doc/scipy/release/1.11.0-notes.html
only,"{lsim2, impulse2, step2} had long been
deprecated in documentation only.",https://docs.scipy.org/doc/scipy/release/1.11.0-notes.html
warning,"They now raise a DeprecationWarning and
will be removed in SciPy 1.",https://docs.scipy.org/doc/scipy/release/1.11.0-notes.html
warning,"They now raise a DeprecationWarning and
will be removed in SciPy 1.",https://docs.scipy.org/doc/scipy/release/1.11.0-notes.html
should,"Users should instead import them from
scipy.",https://docs.scipy.org/doc/scipy/release/1.11.0-notes.html
warning,"They now raise a DeprecationWarning and
will be removed in SciPy 1.",https://docs.scipy.org/doc/scipy/release/1.11.0-notes.html
should,"Users should instead import them from
scipy.",https://docs.scipy.org/doc/scipy/release/1.11.0-notes.html
not support,"lsim does not support non-uniform time steps
anymore.",https://docs.scipy.org/doc/scipy/release/1.11.0-notes.html
not support,"lsim does not support non-uniform time steps
anymore.",https://docs.scipy.org/doc/scipy/release/1.11.0-notes.html
note,MyST-NB notebook infrastructure has been added to our documentation.,https://docs.scipy.org/doc/scipy/release/1.11.0-notes.html
note,MyST-NB notebook infrastructure has been added to our documentation.,https://docs.scipy.org/doc/scipy/release/1.11.0-notes.html
must,mustafacevik (1) +,https://docs.scipy.org/doc/scipy/release/1.11.0-notes.html
must,mustafacevik (1) +,https://docs.scipy.org/doc/scipy/release/1.11.0-notes.html
warning,#1953: use custom warnings instead of print statements (Trac #1428),https://docs.scipy.org/doc/scipy/release/1.11.0-notes.html
warning,#1953: use custom warnings instead of print statements (Trac #1428),https://docs.scipy.org/doc/scipy/release/1.11.0-notes.html
should,#13407: `if rtol < _rtol / 4` should be changed?,https://docs.scipy.org/doc/scipy/release/1.11.0-notes.html
should,#13407: `if rtol < _rtol / 4` should be changed?,https://docs.scipy.org/doc/scipy/release/1.11.0-notes.html
should,#13535: Newton-iteration should not be done after secant interpolation,https://docs.scipy.org/doc/scipy/release/1.11.0-notes.html
should,#13535: Newton-iteration should not be done after secant interpolation,https://docs.scipy.org/doc/scipy/release/1.11.0-notes.html
warning,#14901: BUG: stats: distribution methods emit unnecessary warnings from…,https://docs.scipy.org/doc/scipy/release/1.11.0-notes.html
warning,#14901: BUG: stats: distribution methods emit unnecessary warnings from…,https://docs.scipy.org/doc/scipy/release/1.11.0-notes.html
warning,#17381: BUG: FutureWarning in distance_transform_cdt,https://docs.scipy.org/doc/scipy/release/1.11.0-notes.html
warning,#17381: BUG: FutureWarning in distance_transform_cdt,https://docs.scipy.org/doc/scipy/release/1.11.0-notes.html
should,"#17788: ENH: Scipy Optimize, equal Bounds should be directly passed to…",https://docs.scipy.org/doc/scipy/release/1.11.0-notes.html
should,"#17788: ENH: Scipy Optimize, equal Bounds should be directly passed to…",https://docs.scipy.org/doc/scipy/release/1.11.0-notes.html
should,#17866: DOC: Should `Result Classes` be its own top level section?,https://docs.scipy.org/doc/scipy/release/1.11.0-notes.html
should,#17866: DOC: Should `Result Classes` be its own top level section?,https://docs.scipy.org/doc/scipy/release/1.11.0-notes.html
warning,#18274: BUG: stats: Spurious warnings from `betaprime.,https://docs.scipy.org/doc/scipy/release/1.11.0-notes.html
warning,#18274: BUG: stats: Spurious warnings from `betaprime.,https://docs.scipy.org/doc/scipy/release/1.11.0-notes.html
warning,#18282: Incompatible pointer warning from `stats.,https://docs.scipy.org/doc/scipy/release/1.11.0-notes.html
warning,#18282: Incompatible pointer warning from `stats.,https://docs.scipy.org/doc/scipy/release/1.11.0-notes.html
warning,#18329: BUG: meson generates `warning: “MS_WIN64” redefined` when building…,https://docs.scipy.org/doc/scipy/release/1.11.0-notes.html
warning,#18329: BUG: meson generates `warning: “MS_WIN64” redefined` when building…,https://docs.scipy.org/doc/scipy/release/1.11.0-notes.html
warning,#18525: DOC: sparse doc build warning causing failure (including in CI),https://docs.scipy.org/doc/scipy/release/1.11.0-notes.html
warning,#18525: DOC: sparse doc build warning causing failure (including in CI),https://docs.scipy.org/doc/scipy/release/1.11.0-notes.html
warning,#14069: Use warnings instead of print statements,https://docs.scipy.org/doc/scipy/release/1.11.0-notes.html
warning,#14069: Use warnings instead of print statements,https://docs.scipy.org/doc/scipy/release/1.11.0-notes.html
note,#17322: DOC: Add notebook infrastructure for the docs,https://docs.scipy.org/doc/scipy/release/1.11.0-notes.html
note,#17322: DOC: Add notebook infrastructure for the docs,https://docs.scipy.org/doc/scipy/release/1.11.0-notes.html
warning,#17589: BUG: FutureWarning in distance_transform_cdt,https://docs.scipy.org/doc/scipy/release/1.11.0-notes.html
warning,#17589: BUG: FutureWarning in distance_transform_cdt,https://docs.scipy.org/doc/scipy/release/1.11.0-notes.html
only,#17820: DOC/BUG: plot `ndtri` only where it is defined,https://docs.scipy.org/doc/scipy/release/1.11.0-notes.html
only,#17820: DOC/BUG: plot `ndtri` only where it is defined,https://docs.scipy.org/doc/scipy/release/1.11.0-notes.html
note,#17867: DOC: note on negative variables for linprog,https://docs.scipy.org/doc/scipy/release/1.11.0-notes.html
note,#17867: DOC: note on negative variables for linprog,https://docs.scipy.org/doc/scipy/release/1.11.0-notes.html
warning,#17882: BLD: fix Meson build warnings about multiple targets,https://docs.scipy.org/doc/scipy/release/1.11.0-notes.html
warning,#17882: BLD: fix Meson build warnings about multiple targets,https://docs.scipy.org/doc/scipy/release/1.11.0-notes.html
note,#17906: DOC: interpolate: add a note against using triangulation based…,https://docs.scipy.org/doc/scipy/release/1.11.0-notes.html
note,#17906: DOC: interpolate: add a note against using triangulation based…,https://docs.scipy.org/doc/scipy/release/1.11.0-notes.html
warning,#17915: DOC: Add warning to butter function docstring,https://docs.scipy.org/doc/scipy/release/1.11.0-notes.html
warning,#17915: DOC: Add warning to butter function docstring,https://docs.scipy.org/doc/scipy/release/1.11.0-notes.html
should,#17944: pre-commit should fail when fixes are made by Ruff,https://docs.scipy.org/doc/scipy/release/1.11.0-notes.html
should,#17944: pre-commit should fail when fixes are made by Ruff,https://docs.scipy.org/doc/scipy/release/1.11.0-notes.html
only,#17945: DOC: remove seed in HTML only,https://docs.scipy.org/doc/scipy/release/1.11.0-notes.html
only,#17945: DOC: remove seed in HTML only,https://docs.scipy.org/doc/scipy/release/1.11.0-notes.html
only,#17948: STY: fix only staged files.,https://docs.scipy.org/doc/scipy/release/1.11.0-notes.html
only,#17948: STY: fix only staged files.,https://docs.scipy.org/doc/scipy/release/1.11.0-notes.html
only,#18029: fix error from betabinom stats using only integers for a and…,https://docs.scipy.org/doc/scipy/release/1.11.0-notes.html
only,#18029: fix error from betabinom stats using only integers for a and…,https://docs.scipy.org/doc/scipy/release/1.11.0-notes.html
note,#18070: Docstring: note on bivariate spline axis ordering,https://docs.scipy.org/doc/scipy/release/1.11.0-notes.html
note,#18070: Docstring: note on bivariate spline axis ordering,https://docs.scipy.org/doc/scipy/release/1.11.0-notes.html
warning,#18145: BLD: emit a warning when building from source on 32-bit Windows,https://docs.scipy.org/doc/scipy/release/1.11.0-notes.html
warning,#18145: BLD: emit a warning when building from source on 32-bit Windows,https://docs.scipy.org/doc/scipy/release/1.11.0-notes.html
note,#18258: DOC: fix link in release notes v1.,https://docs.scipy.org/doc/scipy/release/1.11.0-notes.html
note,#18258: DOC: fix link in release notes v1.,https://docs.scipy.org/doc/scipy/release/1.11.0-notes.html
warning,#18281: BLD: Enable incompatible pointer types warnings,https://docs.scipy.org/doc/scipy/release/1.11.0-notes.html
warning,#18281: BLD: Enable incompatible pointer types warnings,https://docs.scipy.org/doc/scipy/release/1.11.0-notes.html
warning,#18293: BUG: fix for incompatible pointer warning from stats.,https://docs.scipy.org/doc/scipy/release/1.11.0-notes.html
warning,#18293: BUG: fix for incompatible pointer warning from stats.,https://docs.scipy.org/doc/scipy/release/1.11.0-notes.html
warning,"#18330: BLD: avoid build warnings on Windows, bump pybind11 and meson…",https://docs.scipy.org/doc/scipy/release/1.11.0-notes.html
warning,"#18330: BLD: avoid build warnings on Windows, bump pybind11 and meson…",https://docs.scipy.org/doc/scipy/release/1.11.0-notes.html
warning,#18418: Fix warning when `nogil` is placed before `except`,https://docs.scipy.org/doc/scipy/release/1.11.0-notes.html
warning,#18418: Fix warning when `nogil` is placed before `except`,https://docs.scipy.org/doc/scipy/release/1.11.0-notes.html
warning,#18475: DOC: remove warnings in doc build,https://docs.scipy.org/doc/scipy/release/1.11.0-notes.html
warning,#18475: DOC: remove warnings in doc build,https://docs.scipy.org/doc/scipy/release/1.11.0-notes.html
warning,#18476: TST: stats/optimize: filter warnings in tests,https://docs.scipy.org/doc/scipy/release/1.11.0-notes.html
warning,#18476: TST: stats/optimize: filter warnings in tests,https://docs.scipy.org/doc/scipy/release/1.11.0-notes.html
warning,#18486: DOC: remove already-resolved deprecation warning filter,https://docs.scipy.org/doc/scipy/release/1.11.0-notes.html
warning,#18486: DOC: remove already-resolved deprecation warning filter,https://docs.scipy.org/doc/scipy/release/1.11.0-notes.html
only,#18503: Fix PPoly readonly issue for c parameter,https://docs.scipy.org/doc/scipy/release/1.11.0-notes.html
only,#18503: Fix PPoly readonly issue for c parameter,https://docs.scipy.org/doc/scipy/release/1.11.0-notes.html
warning,#18549: TST: optimize: filter RuntimeWarning that does not indicate test…,https://docs.scipy.org/doc/scipy/release/1.11.0-notes.html
warning,#18549: TST: optimize: filter RuntimeWarning that does not indicate test…,https://docs.scipy.org/doc/scipy/release/1.11.0-notes.html
warning,#18608: Fix typo of module name in deprecation warning,https://docs.scipy.org/doc/scipy/release/1.11.0-notes.html
warning,#18608: Fix typo of module name in deprecation warning,https://docs.scipy.org/doc/scipy/release/1.11.0-notes.html
note,Release notes,https://docs.scipy.org/doc/scipy/release/1.10.1-notes.html
note,"1 Release Notes

Authors

Issues closed for 1.",https://docs.scipy.org/doc/scipy/release/1.10.1-notes.html
only,#17717: BUG: allow readonly input to interpolate.,https://docs.scipy.org/doc/scipy/release/1.10.1-notes.html
only,#17717: BUG: allow readonly input to interpolate.,https://docs.scipy.org/doc/scipy/release/1.10.1-notes.html
should,#17997: BUG: at least one entry from trial should be used in exponential…,https://docs.scipy.org/doc/scipy/release/1.10.1-notes.html
should,#17997: BUG: at least one entry from trial should be used in exponential…,https://docs.scipy.org/doc/scipy/release/1.10.1-notes.html
note,Release notes,https://docs.scipy.org/doc/scipy/release/1.10.0-notes.html
note,"0 Release Notes

Highlights of this release
New features

scipy.",https://docs.scipy.org/doc/scipy/release/1.10.0-notes.html
warning,"Before upgrading, we recommend that users check that
their own code does not use deprecated SciPy functionality (to do so,
run your code with python -Wd and check for DeprecationWarning s).",https://docs.scipy.org/doc/scipy/release/1.10.0-notes.html
must,"If an axis parameter is present in
statistic but should not be relied on for vectorized calls, users must
pass option vectorized==False explicitly.",https://docs.scipy.org/doc/scipy/release/1.10.0-notes.html
should,"If an axis parameter is present in
statistic but should not be relied on for vectorized calls, users must
pass option vectorized==False explicitly.",https://docs.scipy.org/doc/scipy/release/1.10.0-notes.html
must,"If an axis parameter is present in
statistic but should not be relied on for vectorized calls, users must
pass option vectorized==False explicitly.",https://docs.scipy.org/doc/scipy/release/1.10.0-notes.html
should,"If an axis parameter is present in
statistic but should not be relied on for vectorized calls, users must
pass option vectorized==False explicitly.",https://docs.scipy.org/doc/scipy/release/1.10.0-notes.html
should,#4555: leastsq should use cholesky not inv for hessian inversion,https://docs.scipy.org/doc/scipy/release/1.10.0-notes.html
should,#4555: leastsq should use cholesky not inv for hessian inversion,https://docs.scipy.org/doc/scipy/release/1.10.0-notes.html
should,#7857: griddata sensible to size of original grid when it should not,https://docs.scipy.org/doc/scipy/release/1.10.0-notes.html
should,#7857: griddata sensible to size of original grid when it should not,https://docs.scipy.org/doc/scipy/release/1.10.0-notes.html
should,#15675: ENH: `multivariate_normal` should accept eigendecomposition…,https://docs.scipy.org/doc/scipy/release/1.10.0-notes.html
should,#15675: ENH: `multivariate_normal` should accept eigendecomposition…,https://docs.scipy.org/doc/scipy/release/1.10.0-notes.html
should,#15996: Symbol hiding when using GNU linker in the Meson build should…,https://docs.scipy.org/doc/scipy/release/1.10.0-notes.html
should,#15996: Symbol hiding when using GNU linker in the Meson build should…,https://docs.scipy.org/doc/scipy/release/1.10.0-notes.html
warning,#16252: DEP: add deprecation warnings to kwargs `turbo` / `eigvals`…,https://docs.scipy.org/doc/scipy/release/1.10.0-notes.html
warning,#16252: DEP: add deprecation warnings to kwargs `turbo` / `eigvals`…,https://docs.scipy.org/doc/scipy/release/1.10.0-notes.html
warning,#16253: DEP: add deprecation warning for kwargs `nyq` / `Hz` in firwin*,https://docs.scipy.org/doc/scipy/release/1.10.0-notes.html
warning,#16253: DEP: add deprecation warning for kwargs `nyq` / `Hz` in firwin*,https://docs.scipy.org/doc/scipy/release/1.10.0-notes.html
warning,#16256: DEP: add deprecation warning for binom_test,https://docs.scipy.org/doc/scipy/release/1.10.0-notes.html
warning,#16256: DEP: add deprecation warning for binom_test,https://docs.scipy.org/doc/scipy/release/1.10.0-notes.html
should,#16582: TST: RegularGridInterpolator tests should be parameterised,https://docs.scipy.org/doc/scipy/release/1.10.0-notes.html
should,#16582: TST: RegularGridInterpolator tests should be parameterised,https://docs.scipy.org/doc/scipy/release/1.10.0-notes.html
should,#17382: BUG/DOC: optimize: `minimize` doc should reflect tnc’s deprecation…,https://docs.scipy.org/doc/scipy/release/1.10.0-notes.html
should,#17382: BUG/DOC: optimize: `minimize` doc should reflect tnc’s deprecation…,https://docs.scipy.org/doc/scipy/release/1.10.0-notes.html
warning,#16307: DEP: add deprecation warning for binom_test,https://docs.scipy.org/doc/scipy/release/1.10.0-notes.html
warning,#16307: DEP: add deprecation warning for binom_test,https://docs.scipy.org/doc/scipy/release/1.10.0-notes.html
warning,#16315: DEP: add deprecation warning for kwargs nyq / Hz in firwin,https://docs.scipy.org/doc/scipy/release/1.10.0-notes.html
warning,#16315: DEP: add deprecation warning for kwargs nyq / Hz in firwin,https://docs.scipy.org/doc/scipy/release/1.10.0-notes.html
warning,#16355: DEP: add deprecation warnings to kwargs turbo / eigvals of linalg.,https://docs.scipy.org/doc/scipy/release/1.10.0-notes.html
warning,#16355: DEP: add deprecation warnings to kwargs turbo / eigvals of linalg.,https://docs.scipy.org/doc/scipy/release/1.10.0-notes.html
warning,bootstrap: update warning to mention np.,https://docs.scipy.org/doc/scipy/release/1.10.0-notes.html
warning,bootstrap: update warning to mention np.,https://docs.scipy.org/doc/scipy/release/1.10.0-notes.html
warning,#16392: DEP: add warning to `sparse.,https://docs.scipy.org/doc/scipy/release/1.10.0-notes.html
warning,#16392: DEP: add warning to `sparse.,https://docs.scipy.org/doc/scipy/release/1.10.0-notes.html
only,#16471: MAINT: interpolate/RGI: only call `find_indices` when needed,https://docs.scipy.org/doc/scipy/release/1.10.0-notes.html
only,#16471: MAINT: interpolate/RGI: only call `find_indices` when needed,https://docs.scipy.org/doc/scipy/release/1.10.0-notes.html
note,#16496: add notes for x and y array sorted in decreasing order,https://docs.scipy.org/doc/scipy/release/1.10.0-notes.html
note,#16496: add notes for x and y array sorted in decreasing order,https://docs.scipy.org/doc/scipy/release/1.10.0-notes.html
warning,#16535: MAINT: signal: Fix matplotlib deprecation warning in the chirp…,https://docs.scipy.org/doc/scipy/release/1.10.0-notes.html
warning,#16535: MAINT: signal: Fix matplotlib deprecation warning in the chirp…,https://docs.scipy.org/doc/scipy/release/1.10.0-notes.html
warning,#16547: ENH: correct bounds warnings in `minimize`,https://docs.scipy.org/doc/scipy/release/1.10.0-notes.html
warning,#16547: ENH: correct bounds warnings in `minimize`,https://docs.scipy.org/doc/scipy/release/1.10.0-notes.html
warning,#16561: DOC: optimize: Fix warning in differential_evolution docstring,https://docs.scipy.org/doc/scipy/release/1.10.0-notes.html
warning,#16561: DOC: optimize: Fix warning in differential_evolution docstring,https://docs.scipy.org/doc/scipy/release/1.10.0-notes.html
note,#16567: DOC: Add note about inaccuracies in matrix functions,https://docs.scipy.org/doc/scipy/release/1.10.0-notes.html
note,#16567: DOC: Add note about inaccuracies in matrix functions,https://docs.scipy.org/doc/scipy/release/1.10.0-notes.html
should,#16641: DOC: optimize: fix doc that `curve_fit` xdata should be float…,https://docs.scipy.org/doc/scipy/release/1.10.0-notes.html
should,#16641: DOC: optimize: fix doc that `curve_fit` xdata should be float…,https://docs.scipy.org/doc/scipy/release/1.10.0-notes.html
warning,#16670: MAINT: fix a compiler warning in `signal/_firfilter.,https://docs.scipy.org/doc/scipy/release/1.10.0-notes.html
warning,#16670: MAINT: fix a compiler warning in `signal/_firfilter.,https://docs.scipy.org/doc/scipy/release/1.10.0-notes.html
only,#16743: DEP: interpolate: revert docstring only deprecation of fitpack…,https://docs.scipy.org/doc/scipy/release/1.10.0-notes.html
only,#16743: DEP: interpolate: revert docstring only deprecation of fitpack…,https://docs.scipy.org/doc/scipy/release/1.10.0-notes.html
warning,#16826: MAINT: fix some build warnings from `special/ellip_harm.,https://docs.scipy.org/doc/scipy/release/1.10.0-notes.html
warning,#16826: MAINT: fix some build warnings from `special/ellip_harm.,https://docs.scipy.org/doc/scipy/release/1.10.0-notes.html
warning,#16857: ENH : remove an expected warning in BarycentricInterpolator,https://docs.scipy.org/doc/scipy/release/1.10.0-notes.html
warning,#16857: ENH : remove an expected warning in BarycentricInterpolator,https://docs.scipy.org/doc/scipy/release/1.10.0-notes.html
only,#16886: CI: wheels only on scipy [skip azp][skip github],https://docs.scipy.org/doc/scipy/release/1.10.0-notes.html
only,#16886: CI: wheels only on scipy [skip azp][skip github],https://docs.scipy.org/doc/scipy/release/1.10.0-notes.html
note,#16916: DOC: add note about using interpn for data on a regular grid,https://docs.scipy.org/doc/scipy/release/1.10.0-notes.html
note,#16916: DOC: add note about using interpn for data on a regular grid,https://docs.scipy.org/doc/scipy/release/1.10.0-notes.html
warning,#16933: MAINT : interpolate: added test for DivideByZero warning silencing…,https://docs.scipy.org/doc/scipy/release/1.10.0-notes.html
warning,#16933: MAINT : interpolate: added test for DivideByZero warning silencing…,https://docs.scipy.org/doc/scipy/release/1.10.0-notes.html
note,#16940: DOC: Documentation note update for truncnorm,https://docs.scipy.org/doc/scipy/release/1.10.0-notes.html
note,#16940: DOC: Documentation note update for truncnorm,https://docs.scipy.org/doc/scipy/release/1.10.0-notes.html
warning,#16955: BLD: fix up or suppress Fortran build warnings,https://docs.scipy.org/doc/scipy/release/1.10.0-notes.html
warning,#16955: BLD: fix up or suppress Fortran build warnings,https://docs.scipy.org/doc/scipy/release/1.10.0-notes.html
warning,#16968: ENH: Close parenthesis in numpy version warning,https://docs.scipy.org/doc/scipy/release/1.10.0-notes.html
warning,#16968: ENH: Close parenthesis in numpy version warning,https://docs.scipy.org/doc/scipy/release/1.10.0-notes.html
note,#17259: DOC: CI: Add note about skipping Cirrus CI.,https://docs.scipy.org/doc/scipy/release/1.10.0-notes.html
note,#17259: DOC: CI: Add note about skipping Cirrus CI.,https://docs.scipy.org/doc/scipy/release/1.10.0-notes.html
note,#17313: DOC: interpolate: add a note on data with different scales,https://docs.scipy.org/doc/scipy/release/1.10.0-notes.html
note,#17313: DOC: interpolate: add a note on data with different scales,https://docs.scipy.org/doc/scipy/release/1.10.0-notes.html
warning,#17416: BLD: fix a lot of configuration warnings by using `fs.,https://docs.scipy.org/doc/scipy/release/1.10.0-notes.html
warning,#17416: BLD: fix a lot of configuration warnings by using `fs.,https://docs.scipy.org/doc/scipy/release/1.10.0-notes.html
note,Release notes,https://docs.scipy.org/doc/scipy/release/1.9.3-notes.html
note,"3 Release Notes

Authors

Issues closed for 1.",https://docs.scipy.org/doc/scipy/release/1.9.3-notes.html
warning,#14019: ks_2samp throws `RuntimeWarning: overflow encountered in double_scalars`,https://docs.scipy.org/doc/scipy/release/1.9.3-notes.html
warning,#14019: ks_2samp throws `RuntimeWarning: overflow encountered in double_scalars`,https://docs.scipy.org/doc/scipy/release/1.9.3-notes.html
warning,#16588: FIX: stats: ignore divide-by-zero warnings from Boost binom impl,https://docs.scipy.org/doc/scipy/release/1.9.3-notes.html
warning,#16588: FIX: stats: ignore divide-by-zero warnings from Boost binom impl,https://docs.scipy.org/doc/scipy/release/1.9.3-notes.html
note,Release notes,https://docs.scipy.org/doc/scipy/release/1.9.2-notes.html
note,"2 Release Notes

Authors

Issues closed for 1.",https://docs.scipy.org/doc/scipy/release/1.9.2-notes.html
note,"#17013: BLD: make MKL detection a little more robust, add notes on TODOs",https://docs.scipy.org/doc/scipy/release/1.9.2-notes.html
note,"#17013: BLD: make MKL detection a little more robust, add notes on TODOs",https://docs.scipy.org/doc/scipy/release/1.9.2-notes.html
warning,#17096: FIX: ensure a hold on GIL before raising warnings/errors,https://docs.scipy.org/doc/scipy/release/1.9.2-notes.html
warning,#17096: FIX: ensure a hold on GIL before raising warnings/errors,https://docs.scipy.org/doc/scipy/release/1.9.2-notes.html
note,Release notes,https://docs.scipy.org/doc/scipy/release/1.9.1-notes.html
note,"1 Release Notes

Authors

Issues closed for 1.",https://docs.scipy.org/doc/scipy/release/1.9.1-notes.html
note,Release notes,https://docs.scipy.org/doc/scipy/release/1.9.0-notes.html
note,"0 Release Notes

Highlights of this release
New features

scipy.",https://docs.scipy.org/doc/scipy/release/1.9.0-notes.html
warning,"Before upgrading, we recommend that users check that
their own code does not use deprecated SciPy functionality (to do so,
run your code with python -Wd and check for DeprecationWarning s).",https://docs.scipy.org/doc/scipy/release/1.9.0-notes.html
only,"Add a vectorized parameter to call a vectorized objective function only
once per iteration.",https://docs.scipy.org/doc/scipy/release/1.9.0-notes.html
only,"Add a vectorized parameter to call a vectorized objective function only
once per iteration.",https://docs.scipy.org/doc/scipy/release/1.9.0-notes.html
note,Note that stats.,https://docs.scipy.org/doc/scipy/release/1.9.0-notes.html
note,Note that stats.,https://docs.scipy.org/doc/scipy/release/1.9.0-notes.html
note,Note: bits does not affect the output dtype.,https://docs.scipy.org/doc/scipy/release/1.9.0-notes.html
note,Note: bits does not affect the output dtype.,https://docs.scipy.org/doc/scipy/release/1.9.0-notes.html
should,"Methods highs, highs-ds,
or highs-ipm should be used in new code.",https://docs.scipy.org/doc/scipy/release/1.9.0-notes.html
should,"Methods highs, highs-ds,
or highs-ipm should be used in new code.",https://docs.scipy.org/doc/scipy/release/1.9.0-notes.html
warning,"qhull now raises a
DeprecationWarning, after having been deprecated in documentation only
for a long time.",https://docs.scipy.org/doc/scipy/release/1.9.0-notes.html
only,"qhull now raises a
DeprecationWarning, after having been deprecated in documentation only
for a long time.",https://docs.scipy.org/doc/scipy/release/1.9.0-notes.html
warning,"qhull now raises a
DeprecationWarning, after having been deprecated in documentation only
for a long time.",https://docs.scipy.org/doc/scipy/release/1.9.0-notes.html
only,"qhull now raises a
DeprecationWarning, after having been deprecated in documentation only
for a long time.",https://docs.scipy.org/doc/scipy/release/1.9.0-notes.html
warning,"The extradoc keyword of rv_continuous, rv_discrete and
rv_sample now raises a DeprecationWarning, after having been deprecated in
documentation only for a long time.",https://docs.scipy.org/doc/scipy/release/1.9.0-notes.html
only,"The extradoc keyword of rv_continuous, rv_discrete and
rv_sample now raises a DeprecationWarning, after having been deprecated in
documentation only for a long time.",https://docs.scipy.org/doc/scipy/release/1.9.0-notes.html
warning,"The extradoc keyword of rv_continuous, rv_discrete and
rv_sample now raises a DeprecationWarning, after having been deprecated in
documentation only for a long time.",https://docs.scipy.org/doc/scipy/release/1.9.0-notes.html
only,"The extradoc keyword of rv_continuous, rv_discrete and
rv_sample now raises a DeprecationWarning, after having been deprecated in
documentation only for a long time.",https://docs.scipy.org/doc/scipy/release/1.9.0-notes.html
note,"misc (docformat,
inherit_docstring_from, extend_notes_in_docstring,
replace_notes_in_docstring, indentcount_lines, filldoc,
unindent_dict, unindent_string).",https://docs.scipy.org/doc/scipy/release/1.9.0-notes.html
note,"misc (docformat,
inherit_docstring_from, extend_notes_in_docstring,
replace_notes_in_docstring, indentcount_lines, filldoc,
unindent_dict, unindent_string).",https://docs.scipy.org/doc/scipy/release/1.9.0-notes.html
only,"Now it only works with
nDarrays.",https://docs.scipy.org/doc/scipy/release/1.9.0-notes.html
only,"Now it only works with
nDarrays.",https://docs.scipy.org/doc/scipy/release/1.9.0-notes.html
note,"circvar has reverted to the one that is
standard in the literature; note that this is not the same as the square of
scipy.",https://docs.scipy.org/doc/scipy/release/1.9.0-notes.html
note,"circvar has reverted to the one that is
standard in the literature; note that this is not the same as the square of
scipy.",https://docs.scipy.org/doc/scipy/release/1.9.0-notes.html
warning,"Several function-specific warnings (F_onewayConstantInputWarning,
F_onewayBadInputSizesWarning, PearsonRConstantInputWarning,
PearsonRNearConstantInputWarning, SpearmanRConstantInputWarning, and
BootstrapDegenerateDistributionWarning) have been replaced with more
general warnings.",https://docs.scipy.org/doc/scipy/release/1.9.0-notes.html
warning,"Several function-specific warnings (F_onewayConstantInputWarning,
F_onewayBadInputSizesWarning, PearsonRConstantInputWarning,
PearsonRNearConstantInputWarning, SpearmanRConstantInputWarning, and
BootstrapDegenerateDistributionWarning) have been replaced with more
general warnings.",https://docs.scipy.org/doc/scipy/release/1.9.0-notes.html
should,"This should fix rare
issues in multivariate integration (nquad and friends) and obviate the need
for compiler-specific compile flags (/recursive for ifort etc).",https://docs.scipy.org/doc/scipy/release/1.9.0-notes.html
should,"This should fix rare
issues in multivariate integration (nquad and friends) and obviate the need
for compiler-specific compile flags (/recursive for ifort etc).",https://docs.scipy.org/doc/scipy/release/1.9.0-notes.html
note,Note,https://docs.scipy.org/doc/scipy/release/1.9.0-notes.html
should,#2071: TST: stats: `check_sample_var` should be two-sided (Trac #1546),https://docs.scipy.org/doc/scipy/release/1.9.0-notes.html
should,#2071: TST: stats: `check_sample_var` should be two-sided (Trac #1546),https://docs.scipy.org/doc/scipy/release/1.9.0-notes.html
should,#2650: (2D) Interpolation functions should work with complex numbers,https://docs.scipy.org/doc/scipy/release/1.9.0-notes.html
should,#2650: (2D) Interpolation functions should work with complex numbers,https://docs.scipy.org/doc/scipy/release/1.9.0-notes.html
should,#7560: Should RegularGridInterpolator support length 1 dimensions?,https://docs.scipy.org/doc/scipy/release/1.9.0-notes.html
should,#7560: Should RegularGridInterpolator support length 1 dimensions?,https://docs.scipy.org/doc/scipy/release/1.9.0-notes.html
warning,#10446: RuntimeWarning: invalid value encountered in stats.,https://docs.scipy.org/doc/scipy/release/1.9.0-notes.html
warning,#10446: RuntimeWarning: invalid value encountered in stats.,https://docs.scipy.org/doc/scipy/release/1.9.0-notes.html
warning,#11145: unexpected SparseEfficiencyWarning at scipy.,https://docs.scipy.org/doc/scipy/release/1.9.0-notes.html
warning,#11145: unexpected SparseEfficiencyWarning at scipy.,https://docs.scipy.org/doc/scipy/release/1.9.0-notes.html
note,#12073: Add note in documentation,https://docs.scipy.org/doc/scipy/release/1.9.0-notes.html
note,#12073: Add note in documentation,https://docs.scipy.org/doc/scipy/release/1.9.0-notes.html
warning,#13462: Too many warnings and results objects in public API for scipy.,https://docs.scipy.org/doc/scipy/release/1.9.0-notes.html
warning,#13462: Too many warnings and results objects in public API for scipy.,https://docs.scipy.org/doc/scipy/release/1.9.0-notes.html
warning,#14777: BUG: Wrong limit and no warning in stats.,https://docs.scipy.org/doc/scipy/release/1.9.0-notes.html
warning,#14777: BUG: Wrong limit and no warning in stats.,https://docs.scipy.org/doc/scipy/release/1.9.0-notes.html
should,#14889: BUG: NumPy’s `random` module should not be in the `scipy`…,https://docs.scipy.org/doc/scipy/release/1.9.0-notes.html
should,#14889: BUG: NumPy’s `random` module should not be in the `scipy`…,https://docs.scipy.org/doc/scipy/release/1.9.0-notes.html
should,#14926: RegularGridInterpolator should be called RectilinearGridInterpolator,https://docs.scipy.org/doc/scipy/release/1.9.0-notes.html
should,#14926: RegularGridInterpolator should be called RectilinearGridInterpolator,https://docs.scipy.org/doc/scipy/release/1.9.0-notes.html
warning,#15368: build warnings for `unuran_wrapper.,https://docs.scipy.org/doc/scipy/release/1.9.0-notes.html
warning,#15368: build warnings for `unuran_wrapper.,https://docs.scipy.org/doc/scipy/release/1.9.0-notes.html
should,"powerlaw, why should x ∈ (0,1)?",https://docs.scipy.org/doc/scipy/release/1.9.0-notes.html
should,"powerlaw, why should x ∈ (0,1)?",https://docs.scipy.org/doc/scipy/release/1.9.0-notes.html
should,#15617: ENH: stats: all multivariate distributions should be freezable,https://docs.scipy.org/doc/scipy/release/1.9.0-notes.html
should,#15617: ENH: stats: all multivariate distributions should be freezable,https://docs.scipy.org/doc/scipy/release/1.9.0-notes.html
warning,#15735: DEP: add actual DeprecationWarning for sym_pos-keyword of scipy.,https://docs.scipy.org/doc/scipy/release/1.9.0-notes.html
warning,#15735: DEP: add actual DeprecationWarning for sym_pos-keyword of scipy.,https://docs.scipy.org/doc/scipy/release/1.9.0-notes.html
should,#16027: jc should be (n-1)/2,https://docs.scipy.org/doc/scipy/release/1.9.0-notes.html
should,#16027: jc should be (n-1)/2,https://docs.scipy.org/doc/scipy/release/1.9.0-notes.html
warning,#16254: DEP: add deprecation warning to `maxiter` kwarg in `_minimize_tnc`,https://docs.scipy.org/doc/scipy/release/1.9.0-notes.html
warning,#16254: DEP: add deprecation warning to `maxiter` kwarg in `_minimize_tnc`,https://docs.scipy.org/doc/scipy/release/1.9.0-notes.html
warning,"#16358: TST, MAINT: test_theilslopes_warnings fails on 32-bit Windows",https://docs.scipy.org/doc/scipy/release/1.9.0-notes.html
warning,"#16358: TST, MAINT: test_theilslopes_warnings fails on 32-bit Windows",https://docs.scipy.org/doc/scipy/release/1.9.0-notes.html
only,"#16681: BUG: linprog integrality only accepts list, not array",https://docs.scipy.org/doc/scipy/release/1.9.0-notes.html
only,"#16681: BUG: linprog integrality only accepts list, not array",https://docs.scipy.org/doc/scipy/release/1.9.0-notes.html
warning,#15205: BUG: stats: Fix spurious warnings generated by several distributions.,https://docs.scipy.org/doc/scipy/release/1.9.0-notes.html
warning,#15205: BUG: stats: Fix spurious warnings generated by several distributions.,https://docs.scipy.org/doc/scipy/release/1.9.0-notes.html
warning,"#15259: MAINT: optimize, special, signal: Use custom warnings instead…",https://docs.scipy.org/doc/scipy/release/1.9.0-notes.html
warning,"#15259: MAINT: optimize, special, signal: Use custom warnings instead…",https://docs.scipy.org/doc/scipy/release/1.9.0-notes.html
warning,#15284: TST: silence RuntimeWarning from `np.,https://docs.scipy.org/doc/scipy/release/1.9.0-notes.html
warning,#15284: TST: silence RuntimeWarning from `np.,https://docs.scipy.org/doc/scipy/release/1.9.0-notes.html
warning,#15371: MAINT: stats: fix unuran compile-time warnings,https://docs.scipy.org/doc/scipy/release/1.9.0-notes.html
warning,#15371: MAINT: stats: fix unuran compile-time warnings,https://docs.scipy.org/doc/scipy/release/1.9.0-notes.html
warning,#15387: MAINT: Fix a couple build warnings.,https://docs.scipy.org/doc/scipy/release/1.9.0-notes.html
warning,#15387: MAINT: Fix a couple build warnings.,https://docs.scipy.org/doc/scipy/release/1.9.0-notes.html
warning,#15442: MAINT: Fix meson build warnings on windows,https://docs.scipy.org/doc/scipy/release/1.9.0-notes.html
warning,#15442: MAINT: Fix meson build warnings on windows,https://docs.scipy.org/doc/scipy/release/1.9.0-notes.html
warning,#15501: MAINT: Remove unused variable warnings,https://docs.scipy.org/doc/scipy/release/1.9.0-notes.html
warning,#15501: MAINT: Remove unused variable warnings,https://docs.scipy.org/doc/scipy/release/1.9.0-notes.html
warning,#15581: MAINT: clarify deprecation warning spatial.,https://docs.scipy.org/doc/scipy/release/1.9.0-notes.html
warning,#15581: MAINT: clarify deprecation warning spatial.,https://docs.scipy.org/doc/scipy/release/1.9.0-notes.html
warning,#15799: DEP: add warning for documented-as-deprecated extradoc,https://docs.scipy.org/doc/scipy/release/1.9.0-notes.html
warning,#15799: DEP: add warning for documented-as-deprecated extradoc,https://docs.scipy.org/doc/scipy/release/1.9.0-notes.html
warning,#15804: DEP: sharpen warning message on >1-dim for optimize.,https://docs.scipy.org/doc/scipy/release/1.9.0-notes.html
warning,#15804: DEP: sharpen warning message on >1-dim for optimize.,https://docs.scipy.org/doc/scipy/release/1.9.0-notes.html
warning,#15821: DEP: add actual DeprecationWarning for sym_pos-keyword of scipy.,https://docs.scipy.org/doc/scipy/release/1.9.0-notes.html
warning,#15821: DEP: add actual DeprecationWarning for sym_pos-keyword of scipy.,https://docs.scipy.org/doc/scipy/release/1.9.0-notes.html
warning,#15847: BUG: adds warning to scipy.,https://docs.scipy.org/doc/scipy/release/1.9.0-notes.html
warning,#15847: BUG: adds warning to scipy.,https://docs.scipy.org/doc/scipy/release/1.9.0-notes.html
warning,#15923: MAINT: stats: attempt to consolidate warnings and errors,https://docs.scipy.org/doc/scipy/release/1.9.0-notes.html
warning,#15923: MAINT: stats: attempt to consolidate warnings and errors,https://docs.scipy.org/doc/scipy/release/1.9.0-notes.html
warning,#16032: FIX: show warning when passing NAN into input of convolve method,https://docs.scipy.org/doc/scipy/release/1.9.0-notes.html
warning,#16032: FIX: show warning when passing NAN into input of convolve method,https://docs.scipy.org/doc/scipy/release/1.9.0-notes.html
warning,#16095: MAINT: Remove old filtered warnings,https://docs.scipy.org/doc/scipy/release/1.9.0-notes.html
warning,#16095: MAINT: Remove old filtered warnings,https://docs.scipy.org/doc/scipy/release/1.9.0-notes.html
warning,#16100: MAINT: Fix a couple compiler warnings.,https://docs.scipy.org/doc/scipy/release/1.9.0-notes.html
warning,#16100: MAINT: Fix a couple compiler warnings.,https://docs.scipy.org/doc/scipy/release/1.9.0-notes.html
note,#16173: Adds note to the curve_fit() docstring to use float64.,https://docs.scipy.org/doc/scipy/release/1.9.0-notes.html
note,#16173: Adds note to the curve_fit() docstring to use float64.,https://docs.scipy.org/doc/scipy/release/1.9.0-notes.html
warning,#16261: DEP: add deprecation warning to maxiter kwarg in _minimize_tnc,https://docs.scipy.org/doc/scipy/release/1.9.0-notes.html
warning,#16261: DEP: add deprecation warning to maxiter kwarg in _minimize_tnc,https://docs.scipy.org/doc/scipy/release/1.9.0-notes.html
warning,#16289: MAINT: stats: remove function-specific warning messages,https://docs.scipy.org/doc/scipy/release/1.9.0-notes.html
warning,#16289: MAINT: stats: remove function-specific warning messages,https://docs.scipy.org/doc/scipy/release/1.9.0-notes.html
warning,"#16360: MAINT, TST: sup warning for theilslopes",https://docs.scipy.org/doc/scipy/release/1.9.0-notes.html
warning,"#16360: MAINT, TST: sup warning for theilslopes",https://docs.scipy.org/doc/scipy/release/1.9.0-notes.html
warning,#16422: TST: fix test issues with casting-related warnings with numpy…,https://docs.scipy.org/doc/scipy/release/1.9.0-notes.html
warning,#16422: TST: fix test issues with casting-related warnings with numpy…,https://docs.scipy.org/doc/scipy/release/1.9.0-notes.html
note,0-notes.,https://docs.scipy.org/doc/scipy/release/1.9.0-notes.html
note,0-notes.,https://docs.scipy.org/doc/scipy/release/1.9.0-notes.html
warning,#16485: BLD: fix warnings from f2py templating parsing,https://docs.scipy.org/doc/scipy/release/1.9.0-notes.html
warning,#16485: BLD: fix warnings from f2py templating parsing,https://docs.scipy.org/doc/scipy/release/1.9.0-notes.html
note,Release notes,https://docs.scipy.org/doc/scipy/release/1.8.1-notes.html
note,"1 Release Notes

Authors

Issues closed for 1.",https://docs.scipy.org/doc/scipy/release/1.8.1-notes.html
should,#15258: BUG: sparse `dot` method should accept scalars,https://docs.scipy.org/doc/scipy/release/1.8.1-notes.html
should,#15258: BUG: sparse `dot` method should accept scalars,https://docs.scipy.org/doc/scipy/release/1.8.1-notes.html
warning,#16152: TST: Fortify invalid-value warning filters to small changes in…,https://docs.scipy.org/doc/scipy/release/1.8.1-notes.html
warning,#16152: TST: Fortify invalid-value warning filters to small changes in…,https://docs.scipy.org/doc/scipy/release/1.8.1-notes.html
note,Release notes,https://docs.scipy.org/doc/scipy/release/1.8.0-notes.html
note,"0 Release Notes

Highlights of this release
New features

scipy.",https://docs.scipy.org/doc/scipy/release/1.8.0-notes.html
warning,"Before upgrading, we recommend that users check that
their own code does not use deprecated SciPy functionality (to do so,
run your code with python -Wd and check for DeprecationWarning s).",https://docs.scipy.org/doc/scipy/release/1.8.0-notes.html
should,"A sparse array API has been added for early testing and feedback; this
work is ongoing, and users should expect minor API refinements over
the next few releases.",https://docs.scipy.org/doc/scipy/release/1.8.0-notes.html
should,"A sparse array API has been added for early testing and feedback; this
work is ongoing, and users should expect minor API refinements over
the next few releases.",https://docs.scipy.org/doc/scipy/release/1.8.0-notes.html
only,"quad_vec introduces a new optional keyword-only argument,
args.",https://docs.scipy.org/doc/scipy/release/1.8.0-notes.html
only,"check_grad introduces two new optional keyword only arguments,
direction and seed.",https://docs.scipy.org/doc/scipy/release/1.8.0-notes.html
only,It will be used only when direction='random'.,https://docs.scipy.org/doc/scipy/release/1.8.0-notes.html
should,"An array API has been added for early testing and feedback; this
work is ongoing, and users should expect minor API refinements over
the next few releases.",https://docs.scipy.org/doc/scipy/release/1.8.0-notes.html
only,"maximum_flow introduces optional keyword only argument, method
which accepts either, 'edmonds-karp' (Edmonds Karp algorithm) or
'dinic' (Dinic’s algorithm).",https://docs.scipy.org/doc/scipy/release/1.8.0-notes.html
must,"PROPACK
functionality is currently opt-in–you must specify USE_PROPACK=1 at
runtime to use it due to potential issues on Windows
that we aim to resolve in the next release.",https://docs.scipy.org/doc/scipy/release/1.8.0-notes.html
only,"The new Carlson elliptic integral functions can be evaluated in the
complex plane, whereas the Cephes library’s functions are only defined for
real inputs.",https://docs.scipy.org/doc/scipy/release/1.8.0-notes.html
only,"LatinHypercube introduces two new optional keyword-only
arguments, optimization and strength.",https://docs.scipy.org/doc/scipy/release/1.8.0-notes.html
must,"The design principle is that any public object must be
accessible from a single namespace only; there are a few exceptions, mostly for
historical reasons (e.",https://docs.scipy.org/doc/scipy/release/1.8.0-notes.html
only,"The design principle is that any public object must be
accessible from a single namespace only; there are a few exceptions, mostly for
historical reasons (e.",https://docs.scipy.org/doc/scipy/release/1.8.0-notes.html
should,#12006: newton: Shouldn’t it take a Jacobian for multivariate problems…,https://docs.scipy.org/doc/scipy/release/1.8.0-notes.html
should,#12006: newton: Shouldn’t it take a Jacobian for multivariate problems…,https://docs.scipy.org/doc/scipy/release/1.8.0-notes.html
warning,#14140: Likely unnecessary invalid value warning from PchipInterpolator,https://docs.scipy.org/doc/scipy/release/1.8.0-notes.html
warning,#14140: Likely unnecessary invalid value warning from PchipInterpolator,https://docs.scipy.org/doc/scipy/release/1.8.0-notes.html
only,"#14235: Should this be $y$ only, instead of $m_y$?",https://docs.scipy.org/doc/scipy/release/1.8.0-notes.html
should,"#14235: Should this be $y$ only, instead of $m_y$?",https://docs.scipy.org/doc/scipy/release/1.8.0-notes.html
only,"#14235: Should this be $y$ only, instead of $m_y$?",https://docs.scipy.org/doc/scipy/release/1.8.0-notes.html
should,"#14235: Should this be $y$ only, instead of $m_y$?",https://docs.scipy.org/doc/scipy/release/1.8.0-notes.html
note,"#14683: DOC: OptimizeResult Notes are placed before attribute section,…",https://docs.scipy.org/doc/scipy/release/1.8.0-notes.html
note,"#14683: DOC: OptimizeResult Notes are placed before attribute section,…",https://docs.scipy.org/doc/scipy/release/1.8.0-notes.html
warning,#15254: BUG: `DeprecationWarning: distutils Version classes are deprecated`,https://docs.scipy.org/doc/scipy/release/1.8.0-notes.html
warning,#15254: BUG: `DeprecationWarning: distutils Version classes are deprecated`,https://docs.scipy.org/doc/scipy/release/1.8.0-notes.html
warning,"#14226: BLD: fix warning for missing dependency, and dev version number",https://docs.scipy.org/doc/scipy/release/1.8.0-notes.html
warning,"#14226: BLD: fix warning for missing dependency, and dev version number",https://docs.scipy.org/doc/scipy/release/1.8.0-notes.html
warning,#14227: MAINT: fix maybe-uninitialized warnings in lbfgbf.,https://docs.scipy.org/doc/scipy/release/1.8.0-notes.html
warning,#14227: MAINT: fix maybe-uninitialized warnings in lbfgbf.,https://docs.scipy.org/doc/scipy/release/1.8.0-notes.html
warning,#14260: BLD: optimize: fix some warnings in moduleTNC and minpack.,https://docs.scipy.org/doc/scipy/release/1.8.0-notes.html
warning,#14260: BLD: optimize: fix some warnings in moduleTNC and minpack.,https://docs.scipy.org/doc/scipy/release/1.8.0-notes.html
warning,#14261: BLD: fix include order and build warnings for `optimize/_trlib`,https://docs.scipy.org/doc/scipy/release/1.8.0-notes.html
warning,#14261: BLD: fix include order and build warnings for `optimize/_trlib`,https://docs.scipy.org/doc/scipy/release/1.8.0-notes.html
warning,#14301: MAINT: fix the last build warning in `optimize/_trlib/`,https://docs.scipy.org/doc/scipy/release/1.8.0-notes.html
warning,#14301: MAINT: fix the last build warning in `optimize/_trlib/`,https://docs.scipy.org/doc/scipy/release/1.8.0-notes.html
warning,#14302: BLD: fix build warnings for `stats/biasedurn`,https://docs.scipy.org/doc/scipy/release/1.8.0-notes.html
warning,#14302: BLD: fix build warnings for `stats/biasedurn`,https://docs.scipy.org/doc/scipy/release/1.8.0-notes.html
warning,#14305: MAINT: silence warning in odepackmodule.,https://docs.scipy.org/doc/scipy/release/1.8.0-notes.html
warning,#14305: MAINT: silence warning in odepackmodule.,https://docs.scipy.org/doc/scipy/release/1.8.0-notes.html
warning,#14309: BLD: fix build warnings for scipy.,https://docs.scipy.org/doc/scipy/release/1.8.0-notes.html
warning,#14309: BLD: fix build warnings for scipy.,https://docs.scipy.org/doc/scipy/release/1.8.0-notes.html
warning,#14442: MAINT: Fix uninitialized warnings in `sparse/linalg/dsolve`,https://docs.scipy.org/doc/scipy/release/1.8.0-notes.html
warning,#14442: MAINT: Fix uninitialized warnings in `sparse/linalg/dsolve`,https://docs.scipy.org/doc/scipy/release/1.8.0-notes.html
warning,#14459: MAINT: Fix uninitialized warnings in `interpolate` and `cluster`,https://docs.scipy.org/doc/scipy/release/1.8.0-notes.html
warning,#14459: MAINT: Fix uninitialized warnings in `interpolate` and `cluster`,https://docs.scipy.org/doc/scipy/release/1.8.0-notes.html
only,#14507: CI: Add lint_diff docs & option to run only on specified files/dirs,https://docs.scipy.org/doc/scipy/release/1.8.0-notes.html
only,#14507: CI: Add lint_diff docs & option to run only on specified files/dirs,https://docs.scipy.org/doc/scipy/release/1.8.0-notes.html
warning,#14602: MAINT: Fix `-Wunused-result` warnings in `sparse/linalg/dsolve`,https://docs.scipy.org/doc/scipy/release/1.8.0-notes.html
warning,#14602: MAINT: Fix `-Wunused-result` warnings in `sparse/linalg/dsolve`,https://docs.scipy.org/doc/scipy/release/1.8.0-notes.html
warning,#14609: MAINT: Fix `-Wmaybe-uninitialized` warnings in `optimize/_highs`,https://docs.scipy.org/doc/scipy/release/1.8.0-notes.html
warning,#14609: MAINT: Fix `-Wmaybe-uninitialized` warnings in `optimize/_highs`,https://docs.scipy.org/doc/scipy/release/1.8.0-notes.html
should,#14665: BLD: fix confusing “import pip” failure that should be caught,https://docs.scipy.org/doc/scipy/release/1.8.0-notes.html
should,#14665: BLD: fix confusing “import pip” failure that should be caught,https://docs.scipy.org/doc/scipy/release/1.8.0-notes.html
note,#14693: DOC: update OptimizeResult notes,https://docs.scipy.org/doc/scipy/release/1.8.0-notes.html
note,#14693: DOC: update OptimizeResult notes,https://docs.scipy.org/doc/scipy/release/1.8.0-notes.html
note,#14723: DOC: add note on padding to `stats.,https://docs.scipy.org/doc/scipy/release/1.8.0-notes.html
note,#14723: DOC: add note on padding to `stats.,https://docs.scipy.org/doc/scipy/release/1.8.0-notes.html
warning,#14760: TST: suppress jinja2 deprecation warning,https://docs.scipy.org/doc/scipy/release/1.8.0-notes.html
warning,#14760: TST: suppress jinja2 deprecation warning,https://docs.scipy.org/doc/scipy/release/1.8.0-notes.html
warning,#15041: DOC: Add warning to dct documentation about norm=’ortho’,https://docs.scipy.org/doc/scipy/release/1.8.0-notes.html
warning,#15041: DOC: Add warning to dct documentation about norm=’ortho’,https://docs.scipy.org/doc/scipy/release/1.8.0-notes.html
note,0 backports for relnotes and .,https://docs.scipy.org/doc/scipy/release/1.8.0-notes.html
note,0 backports for relnotes and .,https://docs.scipy.org/doc/scipy/release/1.8.0-notes.html
warning,warns(None)` with `warnings.,https://docs.scipy.org/doc/scipy/release/1.8.0-notes.html
warning,warns(None)` with `warnings.,https://docs.scipy.org/doc/scipy/release/1.8.0-notes.html
warning,linalg: Fix deprecation warnings.,https://docs.scipy.org/doc/scipy/release/1.8.0-notes.html
warning,linalg: Fix deprecation warnings.,https://docs.scipy.org/doc/scipy/release/1.8.0-notes.html
should,#15229: BUG: minimize should work with a scalar closes #15228,https://docs.scipy.org/doc/scipy/release/1.8.0-notes.html
should,#15229: BUG: minimize should work with a scalar closes #15228,https://docs.scipy.org/doc/scipy/release/1.8.0-notes.html
warning,#15323: MAINT: filter RuntimeWarnings in stats functions,https://docs.scipy.org/doc/scipy/release/1.8.0-notes.html
warning,#15323: MAINT: filter RuntimeWarnings in stats functions,https://docs.scipy.org/doc/scipy/release/1.8.0-notes.html
note,Release notes,https://docs.scipy.org/doc/scipy/release/1.7.3-notes.html
note,"3 Release Notes

Authors

Issues closed for 1.",https://docs.scipy.org/doc/scipy/release/1.7.3-notes.html
only,"The MacOS arm64 wheels
are only available for MacOS version 12.",https://docs.scipy.org/doc/scipy/release/1.7.3-notes.html
note,Release notes,https://docs.scipy.org/doc/scipy/release/1.7.2-notes.html
note,"2 Release Notes

Authors

Issues closed for 1.",https://docs.scipy.org/doc/scipy/release/1.7.2-notes.html
warning,#14618: FIX: raise RuntimeWarning when Boost evaluation_error is encountered,https://docs.scipy.org/doc/scipy/release/1.7.2-notes.html
warning,#14618: FIX: raise RuntimeWarning when Boost evaluation_error is encountered,https://docs.scipy.org/doc/scipy/release/1.7.2-notes.html
warning,#14803: MAINT: disable include/source coverage warning.,https://docs.scipy.org/doc/scipy/release/1.7.2-notes.html
warning,#14803: MAINT: disable include/source coverage warning.,https://docs.scipy.org/doc/scipy/release/1.7.2-notes.html
note,Release notes,https://docs.scipy.org/doc/scipy/release/1.7.1-notes.html
note,"1 Release Notes

Authors

Issues closed for 1.",https://docs.scipy.org/doc/scipy/release/1.7.1-notes.html
note,Release notes,https://docs.scipy.org/doc/scipy/release/1.7.0-notes.html
note,"0 Release Notes

Highlights of this release
New features

scipy.",https://docs.scipy.org/doc/scipy/release/1.7.0-notes.html
warning,"Before upgrading, we recommend that users check that
their own code does not use deprecated SciPy functionality (to do so,
run your code with python -Wd and check for DeprecationWarning s).",https://docs.scipy.org/doc/scipy/release/1.7.0-notes.html
only,"The new
class has usage that more closely follows other interpolator classes, corrects
sign errors that caused unexpected smoothing behavior, includes polynomial
terms in the interpolant (which are necessary for some RBF choices), and
supports interpolation using only the k-nearest neighbors for memory
efficiency.",https://docs.scipy.org/doc/scipy/release/1.7.0-notes.html
note,"Modest performance improvements for many of the unweighted cdist and
pdist metrics noted above.",https://docs.scipy.org/doc/scipy/release/1.7.0-notes.html
warning,"Several warnings have been added to guide the user into properly using this
sampler.",https://docs.scipy.org/doc/scipy/release/1.7.0-notes.html
warning,"Several warnings have been added to guide the user into properly using this
sampler.",https://docs.scipy.org/doc/scipy/release/1.7.0-notes.html
should,medfilt2d should fall back on signal.,https://docs.scipy.org/doc/scipy/release/1.7.0-notes.html
should,medfilt2d should fall back on signal.,https://docs.scipy.org/doc/scipy/release/1.7.0-notes.html
only,#5180: Rbf interpolation - use only K nearest neighbors,https://docs.scipy.org/doc/scipy/release/1.7.0-notes.html
only,#5180: Rbf interpolation - use only K nearest neighbors,https://docs.scipy.org/doc/scipy/release/1.7.0-notes.html
should,#5562: Wishart degrees of freedom should be $v > p-1$ instead of $v…,https://docs.scipy.org/doc/scipy/release/1.7.0-notes.html
should,#5562: Wishart degrees of freedom should be $v > p-1$ instead of $v…,https://docs.scipy.org/doc/scipy/release/1.7.0-notes.html
warning,#13697: BUG: stats: Spurious warning generated by arcsine.,https://docs.scipy.org/doc/scipy/release/1.7.0-notes.html
warning,#13697: BUG: stats: Spurious warning generated by arcsine.,https://docs.scipy.org/doc/scipy/release/1.7.0-notes.html
must,#13969: N=4 must not exceed M=3,https://docs.scipy.org/doc/scipy/release/1.7.0-notes.html
must,#13969: N=4 must not exceed M=3,https://docs.scipy.org/doc/scipy/release/1.7.0-notes.html
warning,#13289: MAINT: fix a build warning in sigtoolsmodule.,https://docs.scipy.org/doc/scipy/release/1.7.0-notes.html
warning,#13289: MAINT: fix a build warning in sigtoolsmodule.,https://docs.scipy.org/doc/scipy/release/1.7.0-notes.html
note,#13292: DOC: stats: note another common parameterization of nbinom,https://docs.scipy.org/doc/scipy/release/1.7.0-notes.html
note,#13292: DOC: stats: note another common parameterization of nbinom,https://docs.scipy.org/doc/scipy/release/1.7.0-notes.html
note,#13301: DOC: cluster: Add cluster number note to the docstring of cluster.,https://docs.scipy.org/doc/scipy/release/1.7.0-notes.html
note,#13301: DOC: cluster: Add cluster number note to the docstring of cluster.,https://docs.scipy.org/doc/scipy/release/1.7.0-notes.html
warning,#13331: MAINT/ENH: resolve mypy warnings/errors,https://docs.scipy.org/doc/scipy/release/1.7.0-notes.html
warning,#13331: MAINT/ENH: resolve mypy warnings/errors,https://docs.scipy.org/doc/scipy/release/1.7.0-notes.html
must,#13432: Add indicator in NDInterpolator docstring that N must be > 1,https://docs.scipy.org/doc/scipy/release/1.7.0-notes.html
must,#13432: Add indicator in NDInterpolator docstring that N must be > 1,https://docs.scipy.org/doc/scipy/release/1.7.0-notes.html
note,#13434: DOC: stats: note relationship between scaled-inv-chi2 and invgamma,https://docs.scipy.org/doc/scipy/release/1.7.0-notes.html
note,#13434: DOC: stats: note relationship between scaled-inv-chi2 and invgamma,https://docs.scipy.org/doc/scipy/release/1.7.0-notes.html
should,#13492: ENH: GH actions should not run on forks,https://docs.scipy.org/doc/scipy/release/1.7.0-notes.html
should,#13492: ENH: GH actions should not run on forks,https://docs.scipy.org/doc/scipy/release/1.7.0-notes.html
only,#13569: BENCH: optimize: benchmark only HiGHS methods; add bigger linprog…,https://docs.scipy.org/doc/scipy/release/1.7.0-notes.html
only,#13569: BENCH: optimize: benchmark only HiGHS methods; add bigger linprog…,https://docs.scipy.org/doc/scipy/release/1.7.0-notes.html
note,1 relnotes.,https://docs.scipy.org/doc/scipy/release/1.7.0-notes.html
note,1 relnotes.,https://docs.scipy.org/doc/scipy/release/1.7.0-notes.html
warning,#13657: TST: remove IPython warning in debug session,https://docs.scipy.org/doc/scipy/release/1.7.0-notes.html
warning,#13657: TST: remove IPython warning in debug session,https://docs.scipy.org/doc/scipy/release/1.7.0-notes.html
note,#13680: DOC: Add cKDTree note comparing it with KDTree,https://docs.scipy.org/doc/scipy/release/1.7.0-notes.html
note,#13680: DOC: Add cKDTree note comparing it with KDTree,https://docs.scipy.org/doc/scipy/release/1.7.0-notes.html
warning,#13694: MAINT: fix warning emitted when NumPy version is incorrect,https://docs.scipy.org/doc/scipy/release/1.7.0-notes.html
warning,#13694: MAINT: fix warning emitted when NumPy version is incorrect,https://docs.scipy.org/doc/scipy/release/1.7.0-notes.html
warning,#13698: BUG: stats: Fix spurious warnings generated by arcsine.,https://docs.scipy.org/doc/scipy/release/1.7.0-notes.html
warning,#13698: BUG: stats: Fix spurious warnings generated by arcsine.,https://docs.scipy.org/doc/scipy/release/1.7.0-notes.html
warning,#13715: MAINT: stats: No need to suppress frechet deprecation warnings.,https://docs.scipy.org/doc/scipy/release/1.7.0-notes.html
warning,#13715: MAINT: stats: No need to suppress frechet deprecation warnings.,https://docs.scipy.org/doc/scipy/release/1.7.0-notes.html
note,#13747: DOC: Add note for interp1d for non-unique x-values,https://docs.scipy.org/doc/scipy/release/1.7.0-notes.html
note,#13747: DOC: Add note for interp1d for non-unique x-values,https://docs.scipy.org/doc/scipy/release/1.7.0-notes.html
warning,#13803: DOC: fix doc build warning about arxiv role already being registered,https://docs.scipy.org/doc/scipy/release/1.7.0-notes.html
warning,#13803: DOC: fix doc build warning about arxiv role already being registered,https://docs.scipy.org/doc/scipy/release/1.7.0-notes.html
warning,#13836: MAINT: Fix a couple compiler warnings.,https://docs.scipy.org/doc/scipy/release/1.7.0-notes.html
warning,#13836: MAINT: Fix a couple compiler warnings.,https://docs.scipy.org/doc/scipy/release/1.7.0-notes.html
warning,#13973: BLD: fix build warnings for causal/anticausal pointers in ndimage,https://docs.scipy.org/doc/scipy/release/1.7.0-notes.html
warning,#13973: BLD: fix build warnings for causal/anticausal pointers in ndimage,https://docs.scipy.org/doc/scipy/release/1.7.0-notes.html
only,#13978: MAINT: improve validations and keyword only arguments for some…,https://docs.scipy.org/doc/scipy/release/1.7.0-notes.html
only,#13978: MAINT: improve validations and keyword only arguments for some…,https://docs.scipy.org/doc/scipy/release/1.7.0-notes.html
note,Release notes,https://docs.scipy.org/doc/scipy/release/1.6.3-notes.html
note,"3 Release Notes

Authors

Issues closed for 1.",https://docs.scipy.org/doc/scipy/release/1.6.3-notes.html
warning,#13755: CI: fix the matplotlib warning emitted during builing docs,https://docs.scipy.org/doc/scipy/release/1.6.3-notes.html
warning,#13755: CI: fix the matplotlib warning emitted during builing docs,https://docs.scipy.org/doc/scipy/release/1.6.3-notes.html
note,Release notes,https://docs.scipy.org/doc/scipy/release/1.6.2-notes.html
note,"2 Release Notes

Authors

Issues closed for 1.",https://docs.scipy.org/doc/scipy/release/1.6.2-notes.html
note,Release notes,https://docs.scipy.org/doc/scipy/release/1.6.1-notes.html
note,"1 Release Notes

Authors

Issues closed for 1.",https://docs.scipy.org/doc/scipy/release/1.6.1-notes.html
note,"Please note that for SciPy wheels to correctly install with Pip on
macOS 11, Pip >= 20.",https://docs.scipy.org/doc/scipy/release/1.6.1-notes.html
warning,#13472: Failures on FutureWarnings with numpy 1.,https://docs.scipy.org/doc/scipy/release/1.6.1-notes.html
warning,#13472: Failures on FutureWarnings with numpy 1.,https://docs.scipy.org/doc/scipy/release/1.6.1-notes.html
should,#13426: BUG: `has_sorted_indices` and `has_canonical_format` should…,https://docs.scipy.org/doc/scipy/release/1.6.1-notes.html
should,#13426: BUG: `has_sorted_indices` and `has_canonical_format` should…,https://docs.scipy.org/doc/scipy/release/1.6.1-notes.html
warning,#13470: MAINT: silence warning generated by `spatial.,https://docs.scipy.org/doc/scipy/release/1.6.1-notes.html
warning,#13470: MAINT: silence warning generated by `spatial.,https://docs.scipy.org/doc/scipy/release/1.6.1-notes.html
warning,#13473: TST: fix failures due to new FutureWarnings in NumPy 1.,https://docs.scipy.org/doc/scipy/release/1.6.1-notes.html
warning,#13473: TST: fix failures due to new FutureWarnings in NumPy 1.,https://docs.scipy.org/doc/scipy/release/1.6.1-notes.html
note,Release notes,https://docs.scipy.org/doc/scipy/release/1.6.0-notes.html
note,"0 Release Notes

Highlights of this release

New features


scipy.",https://docs.scipy.org/doc/scipy/release/1.6.0-notes.html
warning,"Before upgrading, we recommend that users check that
their own code does not use deprecated SciPy functionality (to do so,
run your code with python -Wd and check for DeprecationWarning s).",https://docs.scipy.org/doc/scipy/release/1.6.0-notes.html
only,"Support has been added for reading arbitrary bit depth integer PCM WAV files
from 1- to 32-bit, including the commonly-requested 24-bit depth.",https://docs.scipy.org/doc/scipy/release/1.6.0-notes.html
must,"fft submodule
must be explicitly imported now, in line with other SciPy subpackages.",https://docs.scipy.org/doc/scipy/release/1.6.0-notes.html
note,"Inheriting subclasses should note that __setstate__ no
longer calls __init__ upon unpickling.",https://docs.scipy.org/doc/scipy/release/1.6.0-notes.html
should,"Inheriting subclasses should note that __setstate__ no
longer calls __init__ upon unpickling.",https://docs.scipy.org/doc/scipy/release/1.6.0-notes.html
note,"Inheriting subclasses should note that __setstate__ no
longer calls __init__ upon unpickling.",https://docs.scipy.org/doc/scipy/release/1.6.0-notes.html
should,"Inheriting subclasses should note that __setstate__ no
longer calls __init__ upon unpickling.",https://docs.scipy.org/doc/scipy/release/1.6.0-notes.html
warning,#5202: BUG: stats: Spurious warnings from the pdf method of several…,https://docs.scipy.org/doc/scipy/release/1.6.0-notes.html
warning,#5202: BUG: stats: Spurious warnings from the pdf method of several…,https://docs.scipy.org/doc/scipy/release/1.6.0-notes.html
should,#8210: Why should I choose order > 1 for scipy.,https://docs.scipy.org/doc/scipy/release/1.6.0-notes.html
should,#8210: Why should I choose order > 1 for scipy.,https://docs.scipy.org/doc/scipy/release/1.6.0-notes.html
warning,#11366: DeprecationWarning due to invalid escape sequences,https://docs.scipy.org/doc/scipy/release/1.6.0-notes.html
warning,#11366: DeprecationWarning due to invalid escape sequences,https://docs.scipy.org/doc/scipy/release/1.6.0-notes.html
should,#12249: ENH: least_squares: should not re-instanciate csr_matrix if already…,https://docs.scipy.org/doc/scipy/release/1.6.0-notes.html
should,#12249: ENH: least_squares: should not re-instanciate csr_matrix if already…,https://docs.scipy.org/doc/scipy/release/1.6.0-notes.html
should,#12940: Should the minimum numpy for AIX be bumped to 1.,https://docs.scipy.org/doc/scipy/release/1.6.0-notes.html
should,#12940: Should the minimum numpy for AIX be bumped to 1.,https://docs.scipy.org/doc/scipy/release/1.6.0-notes.html
warning,#12080: MAINT: Remove suppress_warnings,https://docs.scipy.org/doc/scipy/release/1.6.0-notes.html
warning,#12080: MAINT: Remove suppress_warnings,https://docs.scipy.org/doc/scipy/release/1.6.0-notes.html
note,#12142: DOC: add a note in poisson distribution when mu=0 and k=0 in…,https://docs.scipy.org/doc/scipy/release/1.6.0-notes.html
note,#12142: DOC: add a note in poisson distribution when mu=0 and k=0 in…,https://docs.scipy.org/doc/scipy/release/1.6.0-notes.html
warning,#12234: MAINT: prevent divide by zero warnings in scipy.,https://docs.scipy.org/doc/scipy/release/1.6.0-notes.html
warning,#12234: MAINT: prevent divide by zero warnings in scipy.,https://docs.scipy.org/doc/scipy/release/1.6.0-notes.html
warning,#12244: MAINT: stats: avoid spurious warnings in ncx2.,https://docs.scipy.org/doc/scipy/release/1.6.0-notes.html
warning,#12244: MAINT: stats: avoid spurious warnings in ncx2.,https://docs.scipy.org/doc/scipy/release/1.6.0-notes.html
warning,#12293: MAINT: Fix a DeprecationWarning in validate_runtests_log.,https://docs.scipy.org/doc/scipy/release/1.6.0-notes.html
warning,#12293: MAINT: Fix a DeprecationWarning in validate_runtests_log.,https://docs.scipy.org/doc/scipy/release/1.6.0-notes.html
note,#12486: DOC: add a note in poisson distribution when mu=0 and k=0 in…,https://docs.scipy.org/doc/scipy/release/1.6.0-notes.html
note,#12486: DOC: add a note in poisson distribution when mu=0 and k=0 in…,https://docs.scipy.org/doc/scipy/release/1.6.0-notes.html
only,#12535: MAINT: Avoid sphinx deprecated aliases for SeeAlso and Only,https://docs.scipy.org/doc/scipy/release/1.6.0-notes.html
only,#12535: MAINT: Avoid sphinx deprecated aliases for SeeAlso and Only,https://docs.scipy.org/doc/scipy/release/1.6.0-notes.html
warning,#12576: MAINT: remove warning from LSQSphereBivariateSpline,https://docs.scipy.org/doc/scipy/release/1.6.0-notes.html
warning,#12576: MAINT: remove warning from LSQSphereBivariateSpline,https://docs.scipy.org/doc/scipy/release/1.6.0-notes.html
only,#12602: BUG: add const for Read-only views in interpnd.,https://docs.scipy.org/doc/scipy/release/1.6.0-notes.html
only,#12602: BUG: add const for Read-only views in interpnd.,https://docs.scipy.org/doc/scipy/release/1.6.0-notes.html
should,#12814: BUG: nonlin_solve shouldn’t pass non-vector dx to tol_norm,https://docs.scipy.org/doc/scipy/release/1.6.0-notes.html
should,#12814: BUG: nonlin_solve shouldn’t pass non-vector dx to tol_norm,https://docs.scipy.org/doc/scipy/release/1.6.0-notes.html
should,"#12962: Correcting that p should be in [0,1] for a variety of discrete…",https://docs.scipy.org/doc/scipy/release/1.6.0-notes.html
should,"#12962: Correcting that p should be in [0,1] for a variety of discrete…",https://docs.scipy.org/doc/scipy/release/1.6.0-notes.html
only,#12968: ENH: stats: Use only an analytical formula or scalar root-finding…,https://docs.scipy.org/doc/scipy/release/1.6.0-notes.html
only,#12968: ENH: stats: Use only an analytical formula or scalar root-finding…,https://docs.scipy.org/doc/scipy/release/1.6.0-notes.html
warning,#13056: MAINT: fft: Fix a C++ compiler warning.,https://docs.scipy.org/doc/scipy/release/1.6.0-notes.html
warning,#13056: MAINT: fft: Fix a C++ compiler warning.,https://docs.scipy.org/doc/scipy/release/1.6.0-notes.html
should,#13060: MAINT: clip_x_for_func should be private,https://docs.scipy.org/doc/scipy/release/1.6.0-notes.html
should,#13060: MAINT: clip_x_for_func should be private,https://docs.scipy.org/doc/scipy/release/1.6.0-notes.html
should,#13194: BUG: slsqp should be able to use rel_step,https://docs.scipy.org/doc/scipy/release/1.6.0-notes.html
should,#13194: BUG: slsqp should be able to use rel_step,https://docs.scipy.org/doc/scipy/release/1.6.0-notes.html
note,Release notes,https://docs.scipy.org/doc/scipy/release/1.5.4-notes.html
note,"4 Release Notes

Authors

Issues closed for 1.",https://docs.scipy.org/doc/scipy/release/1.5.4-notes.html
note,Release notes,https://docs.scipy.org/doc/scipy/release/1.5.3-notes.html
note,"3 Release Notes

Authors

Issues closed for 1.",https://docs.scipy.org/doc/scipy/release/1.5.3-notes.html
should,#12543: BUG: Picture rotated 180 degrees and rotated -180 degrees should…,https://docs.scipy.org/doc/scipy/release/1.5.3-notes.html
should,#12543: BUG: Picture rotated 180 degrees and rotated -180 degrees should…,https://docs.scipy.org/doc/scipy/release/1.5.3-notes.html
warning,#12913: MAINT: Ignore pytest’s PytestConfigWarning,https://docs.scipy.org/doc/scipy/release/1.5.3-notes.html
warning,#12913: MAINT: Ignore pytest’s PytestConfigWarning,https://docs.scipy.org/doc/scipy/release/1.5.3-notes.html
note,Release notes,https://docs.scipy.org/doc/scipy/release/1.5.2-notes.html
note,"2 Release Notes

Authors

Issues closed for 1.",https://docs.scipy.org/doc/scipy/release/1.5.2-notes.html
warning,#12449: Warnings are not filtered in csr_matrix.,https://docs.scipy.org/doc/scipy/release/1.5.2-notes.html
warning,#12449: Warnings are not filtered in csr_matrix.,https://docs.scipy.org/doc/scipy/release/1.5.2-notes.html
warning,#12461: MAINT: sparse: write matrix/asmatrix wrappers without warning…,https://docs.scipy.org/doc/scipy/release/1.5.2-notes.html
warning,#12461: MAINT: sparse: write matrix/asmatrix wrappers without warning…,https://docs.scipy.org/doc/scipy/release/1.5.2-notes.html
note,Release notes,https://docs.scipy.org/doc/scipy/release/1.5.1-notes.html
note,"1 Release Notes

Authors

Issues closed for 1.",https://docs.scipy.org/doc/scipy/release/1.5.1-notes.html
should,#12336: BUG: KDTree should reject complex input points,https://docs.scipy.org/doc/scipy/release/1.5.1-notes.html
should,#12336: BUG: KDTree should reject complex input points,https://docs.scipy.org/doc/scipy/release/1.5.1-notes.html
note,Release notes,https://docs.scipy.org/doc/scipy/release/1.5.0-notes.html
note,"0 Release Notes

Highlights of this release

New features


scipy.",https://docs.scipy.org/doc/scipy/release/1.5.0-notes.html
warning,"Before upgrading, we recommend that users check that
their own code does not use deprecated SciPy functionality (to do so,
run your code with python -Wd and check for DeprecationWarning s).",https://docs.scipy.org/doc/scipy/release/1.5.0-notes.html
only,"A new keyword-only argument plan is added to all FFT functions in this
module.",https://docs.scipy.org/doc/scipy/release/1.5.0-notes.html
only,"Previously
only a 2-step finite difference was available.",https://docs.scipy.org/doc/scipy/release/1.5.0-notes.html
only,"Previously
only a 2-step finite difference was available.",https://docs.scipy.org/doc/scipy/release/1.5.0-notes.html
only,"There is now the possibility to use a relative step size, previously only an
absolute step size was available.",https://docs.scipy.org/doc/scipy/release/1.5.0-notes.html
only,"There is now the possibility to use a relative step size, previously only an
absolute step size was available.",https://docs.scipy.org/doc/scipy/release/1.5.0-notes.html
warning,"(A
one-time VisibleDeprecationWarning is emitted when using non-conformant
distributions.",https://docs.scipy.org/doc/scipy/release/1.5.0-notes.html
should,"Added a new Cython-based implementation to evaluate guassian kernel estimates,
which should improve the performance of gaussian_kde",https://docs.scipy.org/doc/scipy/release/1.5.0-notes.html
only,"The two-sample variation, invoked if cdf is array_like, uses
an algorithm described by Hodges to compute the probability directly, only
backing off to scipy.",https://docs.scipy.org/doc/scipy/release/1.5.0-notes.html
warning,Many warnings due to unused imports and unused assignments have been addressed.,https://docs.scipy.org/doc/scipy/release/1.5.0-notes.html
warning,#5144: RuntimeWarning on csgraph.,https://docs.scipy.org/doc/scipy/release/1.5.0-notes.html
warning,#5144: RuntimeWarning on csgraph.,https://docs.scipy.org/doc/scipy/release/1.5.0-notes.html
should,#10014: Distribution names `weibull_min`and `weibull_max` should…,https://docs.scipy.org/doc/scipy/release/1.5.0-notes.html
should,#10014: Distribution names `weibull_min`and `weibull_max` should…,https://docs.scipy.org/doc/scipy/release/1.5.0-notes.html
should,#11464: Shouldn’t data type of KDE evaluation should be like in the input…,https://docs.scipy.org/doc/scipy/release/1.5.0-notes.html
should,#11464: Shouldn’t data type of KDE evaluation should be like in the input…,https://docs.scipy.org/doc/scipy/release/1.5.0-notes.html
warning,#11529: Pyflakes generates almost 700 warnings.,https://docs.scipy.org/doc/scipy/release/1.5.0-notes.html
warning,#11529: Pyflakes generates almost 700 warnings.,https://docs.scipy.org/doc/scipy/release/1.5.0-notes.html
should,#11908: LinearOperator should have ndim attribute,https://docs.scipy.org/doc/scipy/release/1.5.0-notes.html
should,#11908: LinearOperator should have ndim attribute,https://docs.scipy.org/doc/scipy/release/1.5.0-notes.html
warning,#10136: DEP: Add warning to linprog_verbose_callback,https://docs.scipy.org/doc/scipy/release/1.5.0-notes.html
warning,#10136: DEP: Add warning to linprog_verbose_callback,https://docs.scipy.org/doc/scipy/release/1.5.0-notes.html
warning,#11160: ignore warning on 0 * inf in basin hopping,https://docs.scipy.org/doc/scipy/release/1.5.0-notes.html
warning,#11160: ignore warning on 0 * inf in basin hopping,https://docs.scipy.org/doc/scipy/release/1.5.0-notes.html
warning,#11225: Add a warning to constant input for spearmanr() function,https://docs.scipy.org/doc/scipy/release/1.5.0-notes.html
warning,#11225: Add a warning to constant input for spearmanr() function,https://docs.scipy.org/doc/scipy/release/1.5.0-notes.html
should,#11301: CI: azure conditions should require succeeded(),https://docs.scipy.org/doc/scipy/release/1.5.0-notes.html
should,#11301: CI: azure conditions should require succeeded(),https://docs.scipy.org/doc/scipy/release/1.5.0-notes.html
should,#11425: FIX: _array_newton should preserve complex inputs,https://docs.scipy.org/doc/scipy/release/1.5.0-notes.html
should,#11425: FIX: _array_newton should preserve complex inputs,https://docs.scipy.org/doc/scipy/release/1.5.0-notes.html
only,getargspec_no_self lack of KEYWORD_ONLY support.,https://docs.scipy.org/doc/scipy/release/1.5.0-notes.html
only,getargspec_no_self lack of KEYWORD_ONLY support.,https://docs.scipy.org/doc/scipy/release/1.5.0-notes.html
warning,"#11533: MAINT: Fixed about 100 unused imports, unused assignment warnings…",https://docs.scipy.org/doc/scipy/release/1.5.0-notes.html
warning,"#11533: MAINT: Fixed about 100 unused imports, unused assignment warnings…",https://docs.scipy.org/doc/scipy/release/1.5.0-notes.html
warning,#11672: Add warning to medfilt when array size < kernel_size,https://docs.scipy.org/doc/scipy/release/1.5.0-notes.html
warning,#11672: Add warning to medfilt when array size < kernel_size,https://docs.scipy.org/doc/scipy/release/1.5.0-notes.html
note,#11796: DOC: add a note about precision losing in csgraph.,https://docs.scipy.org/doc/scipy/release/1.5.0-notes.html
note,#11796: DOC: add a note about precision losing in csgraph.,https://docs.scipy.org/doc/scipy/release/1.5.0-notes.html
warning,#11996: DOC: add Examples and fix pep warning for fft.,https://docs.scipy.org/doc/scipy/release/1.5.0-notes.html
warning,#11996: DOC: add Examples and fix pep warning for fft.,https://docs.scipy.org/doc/scipy/release/1.5.0-notes.html
warning,#12072: TST: filter out factorial(float) deprecation warning,https://docs.scipy.org/doc/scipy/release/1.5.0-notes.html
warning,#12072: TST: filter out factorial(float) deprecation warning,https://docs.scipy.org/doc/scipy/release/1.5.0-notes.html
warning,#12181: DOC: for versionwarning don’t use $.,https://docs.scipy.org/doc/scipy/release/1.5.0-notes.html
warning,#12181: DOC: for versionwarning don’t use $.,https://docs.scipy.org/doc/scipy/release/1.5.0-notes.html
note,0-notes.,https://docs.scipy.org/doc/scipy/release/1.5.0-notes.html
note,0-notes.,https://docs.scipy.org/doc/scipy/release/1.5.0-notes.html
note,Release notes,https://docs.scipy.org/doc/scipy/release/1.4.1-notes.html
note,"1 Release Notes

Authors

Issues closed for 1.",https://docs.scipy.org/doc/scipy/release/1.4.1-notes.html
note,Release notes,https://docs.scipy.org/doc/scipy/release/1.4.0-notes.html
note,"0 Release Notes

Highlights of this release

New features


Infrastructure
scipy.",https://docs.scipy.org/doc/scipy/release/1.4.0-notes.html
warning,"Before upgrading, we recommend that users check that
their own code does not use deprecated SciPy functionality (to do so,
run your code with python -Wd and check for DeprecationWarning s).",https://docs.scipy.org/doc/scipy/release/1.4.0-notes.html
note,Note that scipy.,https://docs.scipy.org/doc/scipy/release/1.4.0-notes.html
only,"Before this, the function only returned
correct values for real-valued matrices.",https://docs.scipy.org/doc/scipy/release/1.4.0-notes.html
only,"norm; whether
to check that the input matrix contains only finite numbers.",https://docs.scipy.org/doc/scipy/release/1.4.0-notes.html
only,"stats tests while being the only one that operates on
multivariate data.",https://docs.scipy.org/doc/scipy/release/1.4.0-notes.html
should,"diag, you should change your code to directly use
numpy.",https://docs.scipy.org/doc/scipy/release/1.4.0-notes.html
only,"fft is now meant to be used only as a module, so the ability to
call scipy.",https://docs.scipy.org/doc/scipy/release/1.4.0-notes.html
should,"CSR and CSC sparse matrix classes should now return empty matrices
of the same type when indexed out of bounds.",https://docs.scipy.org/doc/scipy/release/1.4.0-notes.html
should,#3793: cwt should also return complex array,https://docs.scipy.org/doc/scipy/release/1.4.0-notes.html
should,#3793: cwt should also return complex array,https://docs.scipy.org/doc/scipy/release/1.4.0-notes.html
only,#8815: [BUG] GMRES: number of iteration is only increased if callback…,https://docs.scipy.org/doc/scipy/release/1.4.0-notes.html
only,#8815: [BUG] GMRES: number of iteration is only increased if callback…,https://docs.scipy.org/doc/scipy/release/1.4.0-notes.html
warning,#10262: distance matrix lacks dtype checks / warnings,https://docs.scipy.org/doc/scipy/release/1.4.0-notes.html
warning,#10262: distance matrix lacks dtype checks / warnings,https://docs.scipy.org/doc/scipy/release/1.4.0-notes.html
note,#10292: DOC/REL: Some sections of the release notes are not nested correctly.,https://docs.scipy.org/doc/scipy/release/1.4.0-notes.html
note,#10292: DOC/REL: Some sections of the release notes are not nested correctly.,https://docs.scipy.org/doc/scipy/release/1.4.0-notes.html
warning,#10395: Remove warning about output shape of zoom,https://docs.scipy.org/doc/scipy/release/1.4.0-notes.html
warning,#10395: Remove warning about output shape of zoom,https://docs.scipy.org/doc/scipy/release/1.4.0-notes.html
should,#10427: ENH: convolve numbers should be updated,https://docs.scipy.org/doc/scipy/release/1.4.0-notes.html
should,#10427: ENH: convolve numbers should be updated,https://docs.scipy.org/doc/scipy/release/1.4.0-notes.html
only,#10733: DOC/BUG: min_only result does not match documentation,https://docs.scipy.org/doc/scipy/release/1.4.0-notes.html
only,#10733: DOC/BUG: min_only result does not match documentation,https://docs.scipy.org/doc/scipy/release/1.4.0-notes.html
only,#10774: min_only=true djisktra infinite loop with duplicate indices,https://docs.scipy.org/doc/scipy/release/1.4.0-notes.html
only,#10774: min_only=true djisktra infinite loop with duplicate indices,https://docs.scipy.org/doc/scipy/release/1.4.0-notes.html
should,"#10948: gammainc(0,x) = nan but should be 1, gammaincc(0,x) = nan but…",https://docs.scipy.org/doc/scipy/release/1.4.0-notes.html
should,"#10948: gammainc(0,x) = nan but should be 1, gammaincc(0,x) = nan but…",https://docs.scipy.org/doc/scipy/release/1.4.0-notes.html
warning,#10110: MAINT: _lib: Fix a build warning.,https://docs.scipy.org/doc/scipy/release/1.4.0-notes.html
warning,#10110: MAINT: _lib: Fix a build warning.,https://docs.scipy.org/doc/scipy/release/1.4.0-notes.html
only,#10114: FIX: only print bounds when supported by minimizer (shgo),https://docs.scipy.org/doc/scipy/release/1.4.0-notes.html
only,#10114: FIX: only print bounds when supported by minimizer (shgo),https://docs.scipy.org/doc/scipy/release/1.4.0-notes.html
warning,#10130: MAINT: ndimage: Fix some compiler warnings.,https://docs.scipy.org/doc/scipy/release/1.4.0-notes.html
warning,#10130: MAINT: ndimage: Fix some compiler warnings.,https://docs.scipy.org/doc/scipy/release/1.4.0-notes.html
note,#10131: DOC: Note the solve_ivp args enhancement in the 1.,https://docs.scipy.org/doc/scipy/release/1.4.0-notes.html
note,#10131: DOC: Note the solve_ivp args enhancement in the 1.,https://docs.scipy.org/doc/scipy/release/1.4.0-notes.html
warning,#10139: MAINT: spatial: Fix some compiler warnings in the file distance_wrap.,https://docs.scipy.org/doc/scipy/release/1.4.0-notes.html
warning,#10139: MAINT: spatial: Fix some compiler warnings in the file distance_wrap.,https://docs.scipy.org/doc/scipy/release/1.4.0-notes.html
warning,#10140: ENH: add handling of NaN in RuntimeWarning except clause,https://docs.scipy.org/doc/scipy/release/1.4.0-notes.html
warning,#10140: ENH: add handling of NaN in RuntimeWarning except clause,https://docs.scipy.org/doc/scipy/release/1.4.0-notes.html
should,#10207: BUG: Compressed matrix indexing should return a scalar,https://docs.scipy.org/doc/scipy/release/1.4.0-notes.html
should,#10207: BUG: Compressed matrix indexing should return a scalar,https://docs.scipy.org/doc/scipy/release/1.4.0-notes.html
warning,#10396: Remove warning about output shape of zoom,https://docs.scipy.org/doc/scipy/release/1.4.0-notes.html
warning,#10396: Remove warning about output shape of zoom,https://docs.scipy.org/doc/scipy/release/1.4.0-notes.html
only,"#10407: MAINT: drop pybind11 from install_requires, it’s only build-time…",https://docs.scipy.org/doc/scipy/release/1.4.0-notes.html
only,"#10407: MAINT: drop pybind11 from install_requires, it’s only build-time…",https://docs.scipy.org/doc/scipy/release/1.4.0-notes.html
should,#10411: TST: optimize: test should use assert_allclose for fp comparisons,https://docs.scipy.org/doc/scipy/release/1.4.0-notes.html
should,#10411: TST: optimize: test should use assert_allclose for fp comparisons,https://docs.scipy.org/doc/scipy/release/1.4.0-notes.html
only,#10462: TST: special: only show max atol/rtol for test points that failed,https://docs.scipy.org/doc/scipy/release/1.4.0-notes.html
only,#10462: TST: special: only show max atol/rtol for test points that failed,https://docs.scipy.org/doc/scipy/release/1.4.0-notes.html
note,"#10506: DOC: interp2d, note nearest neighbor extrapolation",https://docs.scipy.org/doc/scipy/release/1.4.0-notes.html
note,"#10506: DOC: interp2d, note nearest neighbor extrapolation",https://docs.scipy.org/doc/scipy/release/1.4.0-notes.html
should,#10517: ENH: fftconvolve should not FFT broadcastable axes,https://docs.scipy.org/doc/scipy/release/1.4.0-notes.html
should,#10517: ENH: fftconvolve should not FFT broadcastable axes,https://docs.scipy.org/doc/scipy/release/1.4.0-notes.html
should,#10608: Univariate splines should require x to be strictly increasing…,https://docs.scipy.org/doc/scipy/release/1.4.0-notes.html
should,#10608: Univariate splines should require x to be strictly increasing…,https://docs.scipy.org/doc/scipy/release/1.4.0-notes.html
should,"#10633: BUG: interpolate: integral(a, b) should be zero when both limits…",https://docs.scipy.org/doc/scipy/release/1.4.0-notes.html
should,"#10633: BUG: interpolate: integral(a, b) should be zero when both limits…",https://docs.scipy.org/doc/scipy/release/1.4.0-notes.html
warning,#10720: DOC: silence random warning in doc build for `stats.,https://docs.scipy.org/doc/scipy/release/1.4.0-notes.html
warning,#10720: DOC: silence random warning in doc build for `stats.,https://docs.scipy.org/doc/scipy/release/1.4.0-notes.html
only,#10732: DOC: add min_only to docstring for Dijkstra’s algorithm,https://docs.scipy.org/doc/scipy/release/1.4.0-notes.html
only,#10732: DOC: add min_only to docstring for Dijkstra’s algorithm,https://docs.scipy.org/doc/scipy/release/1.4.0-notes.html
should,#10777: MAINT: minimizer–>custom should handle the kinds of bounds/constrain……,https://docs.scipy.org/doc/scipy/release/1.4.0-notes.html
should,#10777: MAINT: minimizer–>custom should handle the kinds of bounds/constrain……,https://docs.scipy.org/doc/scipy/release/1.4.0-notes.html
warning,#11018: MAINT: Filter unrelated warning,https://docs.scipy.org/doc/scipy/release/1.4.0-notes.html
warning,#11018: MAINT: Filter unrelated warning,https://docs.scipy.org/doc/scipy/release/1.4.0-notes.html
should,#11065: DOC: Ubuntu Development Environment Quickstart should not modify…,https://docs.scipy.org/doc/scipy/release/1.4.0-notes.html
should,#11065: DOC: Ubuntu Development Environment Quickstart should not modify…,https://docs.scipy.org/doc/scipy/release/1.4.0-notes.html
should,#11070: DOC: Amendment to Ubuntu Development Environment Quickstart should…,https://docs.scipy.org/doc/scipy/release/1.4.0-notes.html
should,#11070: DOC: Amendment to Ubuntu Development Environment Quickstart should…,https://docs.scipy.org/doc/scipy/release/1.4.0-notes.html
warning,#11124: fix Cython warnings related to _stats.,https://docs.scipy.org/doc/scipy/release/1.4.0-notes.html
warning,#11124: fix Cython warnings related to _stats.,https://docs.scipy.org/doc/scipy/release/1.4.0-notes.html
note,Release notes,https://docs.scipy.org/doc/scipy/release/1.3.3-notes.html
note,"3 Release Notes

Authors

Issues closed for 1.",https://docs.scipy.org/doc/scipy/release/1.3.3-notes.html
note,Release notes,https://docs.scipy.org/doc/scipy/release/1.3.2-notes.html
note,"2 Release Notes

Authors

Issues closed for 1.",https://docs.scipy.org/doc/scipy/release/1.3.2-notes.html
note,Release notes,https://docs.scipy.org/doc/scipy/release/1.3.1-notes.html
note,"1 Release Notes

Authors

Issues closed for 1.",https://docs.scipy.org/doc/scipy/release/1.3.1-notes.html
note,#10292: DOC/REL: Some sections of the release notes are not nested correctly.,https://docs.scipy.org/doc/scipy/release/1.3.1-notes.html
note,#10292: DOC/REL: Some sections of the release notes are not nested correctly.,https://docs.scipy.org/doc/scipy/release/1.3.1-notes.html
warning,#10384: CircleCI doc build failing on new warnings,https://docs.scipy.org/doc/scipy/release/1.3.1-notes.html
warning,#10384: CircleCI doc build failing on new warnings,https://docs.scipy.org/doc/scipy/release/1.3.1-notes.html
warning,#10597: BUG: No warning on PchipInterpolator changing from bernstein base to local power base,https://docs.scipy.org/doc/scipy/release/1.3.1-notes.html
warning,#10597: BUG: No warning on PchipInterpolator changing from bernstein base to local power base,https://docs.scipy.org/doc/scipy/release/1.3.1-notes.html
warning,#10071: DOC: reconstruct SuperLU permutation matrices avoiding SparseEfficiencyWarning,https://docs.scipy.org/doc/scipy/release/1.3.1-notes.html
warning,#10071: DOC: reconstruct SuperLU permutation matrices avoiding SparseEfficiencyWarning,https://docs.scipy.org/doc/scipy/release/1.3.1-notes.html
should,#10207: BUG: Compressed matrix indexing should return a scalar,https://docs.scipy.org/doc/scipy/release/1.3.1-notes.html
should,#10207: BUG: Compressed matrix indexing should return a scalar,https://docs.scipy.org/doc/scipy/release/1.3.1-notes.html
note,Release notes,https://docs.scipy.org/doc/scipy/release/1.3.0-notes.html
note,"0 Release Notes

Highlights of this release
New features

scipy.",https://docs.scipy.org/doc/scipy/release/1.3.0-notes.html
warning,"Before upgrading, we recommend that users check that
their own code does not use deprecated SciPy functionality (to do so,
run your code with python -Wd and check for DeprecationWarning s).",https://docs.scipy.org/doc/scipy/release/1.3.0-notes.html
should,"Truly sparse input matrices should also benefit from the improved sketch
algorithm, which now correctly runs in O(nnz(A)) time.",https://docs.scipy.org/doc/scipy/release/1.3.0-notes.html
only,"return_length only computes the length of the
returned indices list instead of allocating the array every time.",https://docs.scipy.org/doc/scipy/release/1.3.0-notes.html
warning,"pearsonr to use a more robust algorithm,
provide meaningful exceptions and warnings on potentially pathological input,
and fix at least five separate reported issues in the original implementation.",https://docs.scipy.org/doc/scipy/release/1.3.0-notes.html
should,#9381: linregress should warn user in 2x2 array case,https://docs.scipy.org/doc/scipy/release/1.3.0-notes.html
should,#9381: linregress should warn user in 2x2 array case,https://docs.scipy.org/doc/scipy/release/1.3.0-notes.html
must,"#9406: BUG: stats: In pearsonr, when r is nan, the p-value must also…",https://docs.scipy.org/doc/scipy/release/1.3.0-notes.html
must,"#9406: BUG: stats: In pearsonr, when r is nan, the p-value must also…",https://docs.scipy.org/doc/scipy/release/1.3.0-notes.html
warning,#9734: PendingDeprecationWarning for np.,https://docs.scipy.org/doc/scipy/release/1.3.0-notes.html
warning,#9734: PendingDeprecationWarning for np.,https://docs.scipy.org/doc/scipy/release/1.3.0-notes.html
warning,#9833: IntegrationWarning from mielke.,https://docs.scipy.org/doc/scipy/release/1.3.0-notes.html
warning,#9833: IntegrationWarning from mielke.,https://docs.scipy.org/doc/scipy/release/1.3.0-notes.html
note,#9330: Add note on push and pull affine transformations,https://docs.scipy.org/doc/scipy/release/1.3.0-notes.html
note,#9330: Add note on push and pull affine transformations,https://docs.scipy.org/doc/scipy/release/1.3.0-notes.html
note,#9605: Reference to pylops in LinearOperator notes and ARPACK example,https://docs.scipy.org/doc/scipy/release/1.3.0-notes.html
note,#9605: Reference to pylops in LinearOperator notes and ARPACK example,https://docs.scipy.org/doc/scipy/release/1.3.0-notes.html
warning,#9623: DOC: Build docs with warnings as errors,https://docs.scipy.org/doc/scipy/release/1.3.0-notes.html
warning,#9623: DOC: Build docs with warnings as errors,https://docs.scipy.org/doc/scipy/release/1.3.0-notes.html
warning,#9764: BUG: Catch internal warnings for matrix,https://docs.scipy.org/doc/scipy/release/1.3.0-notes.html
warning,#9764: BUG: Catch internal warnings for matrix,https://docs.scipy.org/doc/scipy/release/1.3.0-notes.html
only,#9769: BUG: Fix Cubic Spline Read Only issues,https://docs.scipy.org/doc/scipy/release/1.3.0-notes.html
only,#9769: BUG: Fix Cubic Spline Read Only issues,https://docs.scipy.org/doc/scipy/release/1.3.0-notes.html
note,#9874: DOC: Update requirements in release notes,https://docs.scipy.org/doc/scipy/release/1.3.0-notes.html
note,#9874: DOC: Update requirements in release notes,https://docs.scipy.org/doc/scipy/release/1.3.0-notes.html
warning,csgraph: Add cdef to stop build warning.,https://docs.scipy.org/doc/scipy/release/1.3.0-notes.html
warning,csgraph: Add cdef to stop build warning.,https://docs.scipy.org/doc/scipy/release/1.3.0-notes.html
only,#10009: BUG: Make sure that _binary_erosion only accepts an integer number…,https://docs.scipy.org/doc/scipy/release/1.3.0-notes.html
only,#10009: BUG: Make sure that _binary_erosion only accepts an integer number…,https://docs.scipy.org/doc/scipy/release/1.3.0-notes.html
warning,#10018: MAINT: special: Fix a few warnings that occur when compiling…,https://docs.scipy.org/doc/scipy/release/1.3.0-notes.html
warning,#10018: MAINT: special: Fix a few warnings that occur when compiling…,https://docs.scipy.org/doc/scipy/release/1.3.0-notes.html
warning,#10041: MAINT: special: Fix a warning generated when building the AMOS…,https://docs.scipy.org/doc/scipy/release/1.3.0-notes.html
warning,#10041: MAINT: special: Fix a warning generated when building the AMOS…,https://docs.scipy.org/doc/scipy/release/1.3.0-notes.html
warning,#10047: MAINT: interpolate: Fix a few build warnings.,https://docs.scipy.org/doc/scipy/release/1.3.0-notes.html
warning,#10047: MAINT: interpolate: Fix a few build warnings.,https://docs.scipy.org/doc/scipy/release/1.3.0-notes.html
warning,#10054: MAINT: signal: Fix a few build warnings and modernize some C…,https://docs.scipy.org/doc/scipy/release/1.3.0-notes.html
warning,#10054: MAINT: signal: Fix a few build warnings and modernize some C…,https://docs.scipy.org/doc/scipy/release/1.3.0-notes.html
note,Release notes,https://docs.scipy.org/doc/scipy/release/1.2.3-notes.html
note,"3 Release Notes

Authors

Issues closed for 1.",https://docs.scipy.org/doc/scipy/release/1.2.3-notes.html
warning,#10384: CircleCI doc build failing on new warnings,https://docs.scipy.org/doc/scipy/release/1.2.3-notes.html
warning,#10384: CircleCI doc build failing on new warnings,https://docs.scipy.org/doc/scipy/release/1.2.3-notes.html
warning,#10071: DOC: reconstruct SuperLU permutation matrices avoiding SparseEfficiencyWarning,https://docs.scipy.org/doc/scipy/release/1.2.3-notes.html
warning,#10071: DOC: reconstruct SuperLU permutation matrices avoiding SparseEfficiencyWarning,https://docs.scipy.org/doc/scipy/release/1.2.3-notes.html
should,"#10633: BUG: interpolate: integral(a, b) should be zero when both limits are outside of the interpolation range",https://docs.scipy.org/doc/scipy/release/1.2.3-notes.html
should,"#10633: BUG: interpolate: integral(a, b) should be zero when both limits are outside of the interpolation range",https://docs.scipy.org/doc/scipy/release/1.2.3-notes.html
note,Release notes,https://docs.scipy.org/doc/scipy/release/1.2.2-notes.html
note,"2 Release Notes

Authors

Issues closed for 1.",https://docs.scipy.org/doc/scipy/release/1.2.2-notes.html
note,Release notes,https://docs.scipy.org/doc/scipy/release/1.2.1-notes.html
note,"1 Release Notes

Authors

Issues closed for 1.",https://docs.scipy.org/doc/scipy/release/1.2.1-notes.html
note,Release notes,https://docs.scipy.org/doc/scipy/release/1.2.0-notes.html
note,"0 Release Notes

Highlights of this release
New features

scipy.",https://docs.scipy.org/doc/scipy/release/1.2.0-notes.html
warning,"Before upgrading, we recommend that users check that
their own code does not use deprecated SciPy functionality (to do so,
run your code with python -Wd and check for DeprecationWarning s).",https://docs.scipy.org/doc/scipy/release/1.2.0-notes.html
note,Note,https://docs.scipy.org/doc/scipy/release/1.2.0-notes.html
only,"Previously, digital filters could only be specified using normalized
frequency, but different functions used different scales (e.",https://docs.scipy.org/doc/scipy/release/1.2.0-notes.html
warning,"A
PeakPropertyWarning is given instead.",https://docs.scipy.org/doc/scipy/release/1.2.0-notes.html
only,"Added a general method to sample random variates based on the density only, in
the new function rvs_ratio_uniforms.",https://docs.scipy.org/doc/scipy/release/1.2.0-notes.html
only,"Before this, the function only returned
correct values for those angles which were greater than π/4.",https://docs.scipy.org/doc/scipy/release/1.2.0-notes.html
should,#7914: TravisCI not failing when it should for -OO run,https://docs.scipy.org/doc/scipy/release/1.2.0-notes.html
should,#7914: TravisCI not failing when it should for -OO run,https://docs.scipy.org/doc/scipy/release/1.2.0-notes.html
should,#8791: Checking COLA condition in istft should be optional (or omitted),https://docs.scipy.org/doc/scipy/release/1.2.0-notes.html
should,#8791: Checking COLA condition in istft should be optional (or omitted),https://docs.scipy.org/doc/scipy/release/1.2.0-notes.html
warning,"#8904: BUG: if zero derivative at root, then Newton fails with RuntimeWarning",https://docs.scipy.org/doc/scipy/release/1.2.0-notes.html
warning,"#8904: BUG: if zero derivative at root, then Newton fails with RuntimeWarning",https://docs.scipy.org/doc/scipy/release/1.2.0-notes.html
warning,#8802: MAINT: Suppress dd_real unused function compiler warnings.,https://docs.scipy.org/doc/scipy/release/1.2.0-notes.html
warning,#8802: MAINT: Suppress dd_real unused function compiler warnings.,https://docs.scipy.org/doc/scipy/release/1.2.0-notes.html
note,#8808: DOC: add note about isinstance for frozen rvs,https://docs.scipy.org/doc/scipy/release/1.2.0-notes.html
note,#8808: DOC: add note about isinstance for frozen rvs,https://docs.scipy.org/doc/scipy/release/1.2.0-notes.html
only,#8882: ENH: Only use Halley’s adjustment to Newton if close enough.,https://docs.scipy.org/doc/scipy/release/1.2.0-notes.html
only,#8882: ENH: Only use Halley’s adjustment to Newton if close enough.,https://docs.scipy.org/doc/scipy/release/1.2.0-notes.html
warning,#8885: TST: Do not error on warnings raised about non-tuple indexing.,https://docs.scipy.org/doc/scipy/release/1.2.0-notes.html
warning,#8885: TST: Do not error on warnings raised about non-tuple indexing.,https://docs.scipy.org/doc/scipy/release/1.2.0-notes.html
only,#8920: DOC: update Contributing to SciPy to say “prefer no PEP8 only…,https://docs.scipy.org/doc/scipy/release/1.2.0-notes.html
only,#8920: DOC: update Contributing to SciPy to say “prefer no PEP8 only…,https://docs.scipy.org/doc/scipy/release/1.2.0-notes.html
warning,#8936: Fix (some) non-tuple index warnings,https://docs.scipy.org/doc/scipy/release/1.2.0-notes.html
warning,#8936: Fix (some) non-tuple index warnings,https://docs.scipy.org/doc/scipy/release/1.2.0-notes.html
warning,#8944: MAINT: Address tuple indexing and warnings,https://docs.scipy.org/doc/scipy/release/1.2.0-notes.html
warning,#8944: MAINT: Address tuple indexing and warnings,https://docs.scipy.org/doc/scipy/release/1.2.0-notes.html
warning,#8971: Better imresize deprecation warning,https://docs.scipy.org/doc/scipy/release/1.2.0-notes.html
warning,#8971: Better imresize deprecation warning,https://docs.scipy.org/doc/scipy/release/1.2.0-notes.html
warning,#8975: MAINT: Fix warning-based failures,https://docs.scipy.org/doc/scipy/release/1.2.0-notes.html
warning,#8975: MAINT: Fix warning-based failures,https://docs.scipy.org/doc/scipy/release/1.2.0-notes.html
warning,#9081: MAINT: Add warnings if pivot value is close to tolerance in linprog(method=’simplex’),https://docs.scipy.org/doc/scipy/release/1.2.0-notes.html
warning,#9081: MAINT: Add warnings if pivot value is close to tolerance in linprog(method=’simplex’),https://docs.scipy.org/doc/scipy/release/1.2.0-notes.html
warning,#9126: MAINT: Use warnings for unexpected peak properties,https://docs.scipy.org/doc/scipy/release/1.2.0-notes.html
warning,#9126: MAINT: Use warnings for unexpected peak properties,https://docs.scipy.org/doc/scipy/release/1.2.0-notes.html
only,#9281: BUG: only accept 1d input for bartlett / levene in scipy.,https://docs.scipy.org/doc/scipy/release/1.2.0-notes.html
only,#9281: BUG: only accept 1d input for bartlett / levene in scipy.,https://docs.scipy.org/doc/scipy/release/1.2.0-notes.html
only,#9350: Fix interpolate read only,https://docs.scipy.org/doc/scipy/release/1.2.0-notes.html
only,#9350: Fix interpolate read only,https://docs.scipy.org/doc/scipy/release/1.2.0-notes.html
warning,#9408: ENH: linalg: Shorter ill-conditioned warning message,https://docs.scipy.org/doc/scipy/release/1.2.0-notes.html
warning,#9408: ENH: linalg: Shorter ill-conditioned warning message,https://docs.scipy.org/doc/scipy/release/1.2.0-notes.html
warning,#9418: DOC: Fix ndimage docstrings and reduce doc build warnings,https://docs.scipy.org/doc/scipy/release/1.2.0-notes.html
warning,#9418: DOC: Fix ndimage docstrings and reduce doc build warnings,https://docs.scipy.org/doc/scipy/release/1.2.0-notes.html
note,#9446: DOC: Add note about version changed for jaccard distance,https://docs.scipy.org/doc/scipy/release/1.2.0-notes.html
note,#9446: DOC: Add note about version changed for jaccard distance,https://docs.scipy.org/doc/scipy/release/1.2.0-notes.html
note,Release notes,https://docs.scipy.org/doc/scipy/release/1.1.0-notes.html
note,"0 Release Notes

New features

scipy.",https://docs.scipy.org/doc/scipy/release/1.1.0-notes.html
warning,"Before upgrading, we recommend that users check that
their own code does not use deprecated SciPy functionality (to do so,
run your code with python -Wd and check for DeprecationWarning
s).",https://docs.scipy.org/doc/scipy/release/1.1.0-notes.html
note,"Note: These names were already in
use but implemented a different mutation strategy.",https://docs.scipy.org/doc/scipy/release/1.1.0-notes.html
only,"Previously, the reshape method only worked on
scipy.",https://docs.scipy.org/doc/scipy/release/1.1.0-notes.html
warning,"To silence deprecation warnings, set the
atol= parameter explicitly.",https://docs.scipy.org/doc/scipy/release/1.1.0-notes.html
only,"windows is preferred, and
new window functions will be added only there.",https://docs.scipy.org/doc/scipy/release/1.1.0-notes.html
only,"Before, most functions only returned the output array if it had been
allocated by the function, and would return None if it had been
provided by the user.",https://docs.scipy.org/doc/scipy/release/1.1.0-notes.html
should,#4866: Shouldn’t scipy.,https://docs.scipy.org/doc/scipy/release/1.1.0-notes.html
should,#4866: Shouldn’t scipy.,https://docs.scipy.org/doc/scipy/release/1.1.0-notes.html
should,#7291: fsolve docs should say it doesn’t handle over- or under-determined…,https://docs.scipy.org/doc/scipy/release/1.1.0-notes.html
should,#7291: fsolve docs should say it doesn’t handle over- or under-determined…,https://docs.scipy.org/doc/scipy/release/1.1.0-notes.html
should,#8288: Should tests be written for scipy.,https://docs.scipy.org/doc/scipy/release/1.1.0-notes.html
should,#8288: Should tests be written for scipy.,https://docs.scipy.org/doc/scipy/release/1.1.0-notes.html
warning,#7980: MAINT: Truncate the warning msg about ill-conditioning,https://docs.scipy.org/doc/scipy/release/1.1.0-notes.html
warning,#7980: MAINT: Truncate the warning msg about ill-conditioning,https://docs.scipy.org/doc/scipy/release/1.1.0-notes.html
note,#8088: DOC: note version for which new attributes have been added to…,https://docs.scipy.org/doc/scipy/release/1.1.0-notes.html
note,#8088: DOC: note version for which new attributes have been added to…,https://docs.scipy.org/doc/scipy/release/1.1.0-notes.html
note,#8168: DOC: release note for sparse resize methods,https://docs.scipy.org/doc/scipy/release/1.1.0-notes.html
note,#8168: DOC: release note for sparse resize methods,https://docs.scipy.org/doc/scipy/release/1.1.0-notes.html
warning,#8194: Fix warning message,https://docs.scipy.org/doc/scipy/release/1.1.0-notes.html
warning,#8194: Fix warning message,https://docs.scipy.org/doc/scipy/release/1.1.0-notes.html
note,#8276: DOC: Add notes to explain constrains on overwrite_<>,https://docs.scipy.org/doc/scipy/release/1.1.0-notes.html
note,#8276: DOC: Add notes to explain constrains on overwrite_<>,https://docs.scipy.org/doc/scipy/release/1.1.0-notes.html
warning,#8300: MAINT: Housekeeping for minimizing the linalg compiler warnings,https://docs.scipy.org/doc/scipy/release/1.1.0-notes.html
warning,#8300: MAINT: Housekeeping for minimizing the linalg compiler warnings,https://docs.scipy.org/doc/scipy/release/1.1.0-notes.html
warning,#8547: Giving both size and input now raises UserWarning (#7334),https://docs.scipy.org/doc/scipy/release/1.1.0-notes.html
warning,#8547: Giving both size and input now raises UserWarning (#7334),https://docs.scipy.org/doc/scipy/release/1.1.0-notes.html
note,#8553: Note in docs to address issue #3164.,https://docs.scipy.org/doc/scipy/release/1.1.0-notes.html
note,#8553: Note in docs to address issue #3164.,https://docs.scipy.org/doc/scipy/release/1.1.0-notes.html
note,#8620: DOC: add note on dtype attribute of aslinearoperator() argument,https://docs.scipy.org/doc/scipy/release/1.1.0-notes.html
note,#8620: DOC: add note on dtype attribute of aslinearoperator() argument,https://docs.scipy.org/doc/scipy/release/1.1.0-notes.html
warning,#8635: MAINT: remove spurious warning from (z)vode and lsoda.,https://docs.scipy.org/doc/scipy/release/1.1.0-notes.html
warning,#8635: MAINT: remove spurious warning from (z)vode and lsoda.,https://docs.scipy.org/doc/scipy/release/1.1.0-notes.html
note,Release notes,https://docs.scipy.org/doc/scipy/release/1.0.1-notes.html
note,"1 Release Notes

Authors

Issues closed for 1.",https://docs.scipy.org/doc/scipy/release/1.0.1-notes.html
note,Release notes,https://docs.scipy.org/doc/scipy/release/1.0.0-notes.html
note,"0 Release Notes

Why 1.",https://docs.scipy.org/doc/scipy/release/1.0.0-notes.html
should,"A version number should reflect the maturity of a project - and SciPy was a
mature and stable library that is heavily used in production settings for a
long time already.",https://docs.scipy.org/doc/scipy/release/1.0.0-notes.html
note,"I’m honored to write a note of congratulations to the SciPy developers and the
entire SciPy community for the release of SciPy 1.",https://docs.scipy.org/doc/scipy/release/1.0.0-notes.html
only,"While I have only been able to admire the development of
SciPy from a distance for the past 7 years, I have never lost my love of the
project and the concept of community-driven development.",https://docs.scipy.org/doc/scipy/release/1.0.0-notes.html
only,"I remain driven
even now by a desire to help sustain the development of not only the SciPy
library but many other affiliated and related open-source projects.",https://docs.scipy.org/doc/scipy/release/1.0.0-notes.html
warning,"Before upgrading, we recommend that users check that
their own code does not use deprecated SciPy functionality (to do so, run your
code with python -Wd and check for DeprecationWarning s).",https://docs.scipy.org/doc/scipy/release/1.0.0-notes.html
should,"hamming, which should be used instead.",https://docs.scipy.org/doc/scipy/release/1.0.0-notes.html
should,cdist should be replaced with their keyword version.,https://docs.scipy.org/doc/scipy/release/1.0.0-notes.html
should,"Users should instead use
the functions spherical_jn, spherical_yn, spherical_in, and
spherical_kn.",https://docs.scipy.org/doc/scipy/release/1.0.0-notes.html
warning,#7154: MAINT: Fix some code that generates C compiler warnings,https://docs.scipy.org/doc/scipy/release/1.0.0-notes.html
warning,#7154: MAINT: Fix some code that generates C compiler warnings,https://docs.scipy.org/doc/scipy/release/1.0.0-notes.html
only,#7184: MAINT: Remove hack modifying a readonly attr,https://docs.scipy.org/doc/scipy/release/1.0.0-notes.html
only,#7184: MAINT: Remove hack modifying a readonly attr,https://docs.scipy.org/doc/scipy/release/1.0.0-notes.html
note,0 release notes for several recent PRs.,https://docs.scipy.org/doc/scipy/release/1.0.0-notes.html
note,0 release notes for several recent PRs.,https://docs.scipy.org/doc/scipy/release/1.0.0-notes.html
warning,#7290: BUG: stats: Fix spurious warnings in genextreme.,https://docs.scipy.org/doc/scipy/release/1.0.0-notes.html
warning,#7290: BUG: stats: Fix spurious warnings in genextreme.,https://docs.scipy.org/doc/scipy/release/1.0.0-notes.html
only,#7401: DOC: zeta only accepts real input,https://docs.scipy.org/doc/scipy/release/1.0.0-notes.html
only,#7401: DOC: zeta only accepts real input,https://docs.scipy.org/doc/scipy/release/1.0.0-notes.html
warning,#7479: MAINT: update for new FutureWarning’s in numpy 1.,https://docs.scipy.org/doc/scipy/release/1.0.0-notes.html
warning,#7479: MAINT: update for new FutureWarning’s in numpy 1.,https://docs.scipy.org/doc/scipy/release/1.0.0-notes.html
warning,#7525: TST: Warning cleanup,https://docs.scipy.org/doc/scipy/release/1.0.0-notes.html
warning,#7525: TST: Warning cleanup,https://docs.scipy.org/doc/scipy/release/1.0.0-notes.html
note,#7548: DOC: make a note in benchmarks README on how to run without rebuilding.,https://docs.scipy.org/doc/scipy/release/1.0.0-notes.html
note,#7548: DOC: make a note in benchmarks README on how to run without rebuilding.,https://docs.scipy.org/doc/scipy/release/1.0.0-notes.html
warning,#7552: TST: Fix new warnings -> error bugs found on OSX,https://docs.scipy.org/doc/scipy/release/1.0.0-notes.html
warning,#7552: TST: Fix new warnings -> error bugs found on OSX,https://docs.scipy.org/doc/scipy/release/1.0.0-notes.html
warning,#7556: MAINT: Fix some types from #7549 + miscellaneous warnings.,https://docs.scipy.org/doc/scipy/release/1.0.0-notes.html
warning,#7556: MAINT: Fix some types from #7549 + miscellaneous warnings.,https://docs.scipy.org/doc/scipy/release/1.0.0-notes.html
warning,#7574: TST: Remove ignore warnings filters from stats,https://docs.scipy.org/doc/scipy/release/1.0.0-notes.html
warning,#7574: TST: Remove ignore warnings filters from stats,https://docs.scipy.org/doc/scipy/release/1.0.0-notes.html
warning,"#7578: TST: Remove ignore warnings filters from sparse, clean up warning…",https://docs.scipy.org/doc/scipy/release/1.0.0-notes.html
warning,"#7578: TST: Remove ignore warnings filters from sparse, clean up warning…",https://docs.scipy.org/doc/scipy/release/1.0.0-notes.html
warning,#7583: Remove remaining ignore warnings filters,https://docs.scipy.org/doc/scipy/release/1.0.0-notes.html
warning,#7583: Remove remaining ignore warnings filters,https://docs.scipy.org/doc/scipy/release/1.0.0-notes.html
note,#7586: DOC: add note to HACKING.,https://docs.scipy.org/doc/scipy/release/1.0.0-notes.html
note,#7586: DOC: add note to HACKING.,https://docs.scipy.org/doc/scipy/release/1.0.0-notes.html
warning,#7609: MAINT: Remove unnecessary warning filter by avoiding unnecessary…,https://docs.scipy.org/doc/scipy/release/1.0.0-notes.html
warning,#7609: MAINT: Remove unnecessary warning filter by avoiding unnecessary…,https://docs.scipy.org/doc/scipy/release/1.0.0-notes.html
warning,#7625: TST: Add a test for “ignore” warning filters,https://docs.scipy.org/doc/scipy/release/1.0.0-notes.html
warning,#7625: TST: Add a test for “ignore” warning filters,https://docs.scipy.org/doc/scipy/release/1.0.0-notes.html
note,#7678: Note the zero-padding of the results of splrep and splprep,https://docs.scipy.org/doc/scipy/release/1.0.0-notes.html
note,#7678: Note the zero-padding of the results of splrep and splprep,https://docs.scipy.org/doc/scipy/release/1.0.0-notes.html
warning,#7687: BUG: stats: don’t emit invalid warnings if moments are infinite,https://docs.scipy.org/doc/scipy/release/1.0.0-notes.html
warning,#7687: BUG: stats: don’t emit invalid warnings if moments are infinite,https://docs.scipy.org/doc/scipy/release/1.0.0-notes.html
note,#7719: DOC: stats: Add a note about the special cases of the rdist distribution.,https://docs.scipy.org/doc/scipy/release/1.0.0-notes.html
note,#7719: DOC: stats: Add a note about the special cases of the rdist distribution.,https://docs.scipy.org/doc/scipy/release/1.0.0-notes.html
note,0 release notes.,https://docs.scipy.org/doc/scipy/release/1.0.0-notes.html
note,0 release notes.,https://docs.scipy.org/doc/scipy/release/1.0.0-notes.html
note,#7768: DOC: update notes on how to release.,https://docs.scipy.org/doc/scipy/release/1.0.0-notes.html
note,#7768: DOC: update notes on how to release.,https://docs.scipy.org/doc/scipy/release/1.0.0-notes.html
warning,#7811: BUG: stats: Fix warnings in binned_statistics_dd,https://docs.scipy.org/doc/scipy/release/1.0.0-notes.html
warning,#7811: BUG: stats: Fix warnings in binned_statistics_dd,https://docs.scipy.org/doc/scipy/release/1.0.0-notes.html
warning,#7859: FIX: Squash place_poles warning corner case,https://docs.scipy.org/doc/scipy/release/1.0.0-notes.html
warning,#7859: FIX: Squash place_poles warning corner case,https://docs.scipy.org/doc/scipy/release/1.0.0-notes.html
warning,#7872: TST: silence RuntimeWarning for stats.,https://docs.scipy.org/doc/scipy/release/1.0.0-notes.html
warning,#7872: TST: silence RuntimeWarning for stats.,https://docs.scipy.org/doc/scipy/release/1.0.0-notes.html
warning,#7875: TST: filter two integration warnings in stats tests.,https://docs.scipy.org/doc/scipy/release/1.0.0-notes.html
warning,#7875: TST: filter two integration warnings in stats tests.,https://docs.scipy.org/doc/scipy/release/1.0.0-notes.html
note,#7948: DOC: add note on checking for deprecations before upgrade to…,https://docs.scipy.org/doc/scipy/release/1.0.0-notes.html
note,#7948: DOC: add note on checking for deprecations before upgrade to…,https://docs.scipy.org/doc/scipy/release/1.0.0-notes.html
note,Release notes,https://docs.scipy.org/doc/scipy/release/0.19.1-notes.html
note,Release notes,https://docs.scipy.org/doc/scipy/release/0.19.0-notes.html
note,"0 Release Notes

New features

Foreign function interface improvements
scipy.",https://docs.scipy.org/doc/scipy/release/0.19.0-notes.html
warning,"Moreover, ill-conditioned matrices now cause
a warning to be emitted with the estimated condition number information.",https://docs.scipy.org/doc/scipy/release/0.19.0-notes.html
only,"Moreover, the debug keyword,
which had no function but only printing the overwrite_<a, b> values, is
deprecated.",https://docs.scipy.org/doc/scipy/release/0.19.0-notes.html
only,"This change was made because Numpy wheels are available, and because the pip
upgrade behavior is finally changing for the better (use
--upgrade-strategy=only-if-needed for pip >= 8.",https://docs.scipy.org/doc/scipy/release/0.19.0-notes.html
should,h should be moved.,https://docs.scipy.org/doc/scipy/release/0.19.0-notes.html
should,h should be moved.,https://docs.scipy.org/doc/scipy/release/0.19.0-notes.html
warning,#6984: Assert raises test failure for test_ill_condition_warning,https://docs.scipy.org/doc/scipy/release/0.19.0-notes.html
warning,#6984: Assert raises test failure for test_ill_condition_warning,https://docs.scipy.org/doc/scipy/release/0.19.0-notes.html
warning,#6291: Fixes gh-6219: remove runtime warning from genextreme distribution,https://docs.scipy.org/doc/scipy/release/0.19.0-notes.html
warning,#6291: Fixes gh-6219: remove runtime warning from genextreme distribution,https://docs.scipy.org/doc/scipy/release/0.19.0-notes.html
should,#6407: ENH: Window functions should not accept non-integer or negative…,https://docs.scipy.org/doc/scipy/release/0.19.0-notes.html
should,#6407: ENH: Window functions should not accept non-integer or negative…,https://docs.scipy.org/doc/scipy/release/0.19.0-notes.html
warning,#6481: TST: Supress some warnings from test_windows,https://docs.scipy.org/doc/scipy/release/0.19.0-notes.html
warning,#6481: TST: Supress some warnings from test_windows,https://docs.scipy.org/doc/scipy/release/0.19.0-notes.html
note,#6527: DOC: Release notes to reflect the new covariance feature in optimize.,https://docs.scipy.org/doc/scipy/release/0.19.0-notes.html
note,#6527: DOC: Release notes to reflect the new covariance feature in optimize.,https://docs.scipy.org/doc/scipy/release/0.19.0-notes.html
note,#6607: DOC: add note on change in wheel dependency on numpy and pip…,https://docs.scipy.org/doc/scipy/release/0.19.0-notes.html
note,#6607: DOC: add note on change in wheel dependency on numpy and pip…,https://docs.scipy.org/doc/scipy/release/0.19.0-notes.html
should,#6623: CS matrix prune method should copy data from large unpruned arrays,https://docs.scipy.org/doc/scipy/release/0.19.0-notes.html
should,#6623: CS matrix prune method should copy data from large unpruned arrays,https://docs.scipy.org/doc/scipy/release/0.19.0-notes.html
warning,#6626: TST: special: silence some deprecation warnings,https://docs.scipy.org/doc/scipy/release/0.19.0-notes.html
warning,#6626: TST: special: silence some deprecation warnings,https://docs.scipy.org/doc/scipy/release/0.19.0-notes.html
note,#6715: DOC: update the release notes with BSpline et al.,https://docs.scipy.org/doc/scipy/release/0.19.0-notes.html
note,#6715: DOC: update the release notes with BSpline et al.,https://docs.scipy.org/doc/scipy/release/0.19.0-notes.html
warning,#6733: MAINT: special: fix some pyflakes warnings,https://docs.scipy.org/doc/scipy/release/0.19.0-notes.html
warning,#6733: MAINT: special: fix some pyflakes warnings,https://docs.scipy.org/doc/scipy/release/0.19.0-notes.html
warning,#6775: ENH: Integrating LAPACK “expert” routines with conditioning warnings…,https://docs.scipy.org/doc/scipy/release/0.19.0-notes.html
warning,#6775: ENH: Integrating LAPACK “expert” routines with conditioning warnings…,https://docs.scipy.org/doc/scipy/release/0.19.0-notes.html
warning,#6776: MAINT: Removing the trivial f2py warnings,https://docs.scipy.org/doc/scipy/release/0.19.0-notes.html
warning,#6776: MAINT: Removing the trivial f2py warnings,https://docs.scipy.org/doc/scipy/release/0.19.0-notes.html
should,"#6862: DOC: dx should be float, not int",https://docs.scipy.org/doc/scipy/release/0.19.0-notes.html
should,"#6862: DOC: dx should be float, not int",https://docs.scipy.org/doc/scipy/release/0.19.0-notes.html
note,#6867: DOC: cdist move long examples list into Notes section,https://docs.scipy.org/doc/scipy/release/0.19.0-notes.html
note,#6867: DOC: cdist move long examples list into Notes section,https://docs.scipy.org/doc/scipy/release/0.19.0-notes.html
note,#6964: DOC: note argmin/argmax addition,https://docs.scipy.org/doc/scipy/release/0.19.0-notes.html
note,#6964: DOC: note argmin/argmax addition,https://docs.scipy.org/doc/scipy/release/0.19.0-notes.html
warning,#6973: Silence expected numpy warnings in scipy.,https://docs.scipy.org/doc/scipy/release/0.19.0-notes.html
warning,#6973: Silence expected numpy warnings in scipy.,https://docs.scipy.org/doc/scipy/release/0.19.0-notes.html
note,#7060: DOC: updated release notes with #7043 and #6656,https://docs.scipy.org/doc/scipy/release/0.19.0-notes.html
note,#7060: DOC: updated release notes with #7043 and #6656,https://docs.scipy.org/doc/scipy/release/0.19.0-notes.html
warning,#7071: TST: silence RuntimeWarning for nan test of stats.,https://docs.scipy.org/doc/scipy/release/0.19.0-notes.html
warning,#7071: TST: silence RuntimeWarning for nan test of stats.,https://docs.scipy.org/doc/scipy/release/0.19.0-notes.html
note,Release notes,https://docs.scipy.org/doc/scipy/release/0.18.1-notes.html
note,#6455: DOC: add links to release notes,https://docs.scipy.org/doc/scipy/release/0.18.1-notes.html
note,#6455: DOC: add links to release notes,https://docs.scipy.org/doc/scipy/release/0.18.1-notes.html
note,Release notes,https://docs.scipy.org/doc/scipy/release/0.18.0-notes.html
note,"0 Release Notes

New features

scipy.",https://docs.scipy.org/doc/scipy/release/0.18.0-notes.html
only,"Nelder-Mead and Powell minimization will now only set defaults for
maximum iterations or function evaluations if neither limit is set by
the caller.",https://docs.scipy.org/doc/scipy/release/0.18.0-notes.html
only,"In some cases with a slow converging function and only 1
limit set, the minimization may continue for longer than with previous
versions and so is more likely to reach convergence.",https://docs.scipy.org/doc/scipy/release/0.18.0-notes.html
only,"They
generate matrices in the Haar distribution, the only uniform distribution on
these group manifolds.",https://docs.scipy.org/doc/scipy/release/0.18.0-notes.html
should,"For complex input, it has more consistent
behavior in the complex plane and should be preferred over gammaln.",https://docs.scipy.org/doc/scipy/release/0.18.0-notes.html
warning,"Name - (accessing/setting raises warning) - (setting raises warning)
* StateSpace - (num, den, gain) - (zeros, poles)
* TransferFunction (A, B, C, D, gain) - (zeros, poles)
* ZerosPolesGain (A, B, C, D, num, den) - ()",https://docs.scipy.org/doc/scipy/release/0.18.0-notes.html
only,"The bug
only affected code that relied on the broadcasting of the shape, location
and scale parameters.",https://docs.scipy.org/doc/scipy/release/0.18.0-notes.html
should,The rvs() method also accepted some arguments that it should not have.,https://docs.scipy.org/doc/scipy/release/0.18.0-notes.html
only,"Also, data are only
treated as missing if they match one of these attributes exactly: values that
differ by roundoff from _FillValue or missing_value are no longer
treated as missing values.",https://docs.scipy.org/doc/scipy/release/0.18.0-notes.html
only,"#5695: DOC: dx might be a float, not only an integer",https://docs.scipy.org/doc/scipy/release/0.18.0-notes.html
only,"#5695: DOC: dx might be a float, not only an integer",https://docs.scipy.org/doc/scipy/release/0.18.0-notes.html
note,#5864: DOC: add a little note about the Normal survival function (Q-function),https://docs.scipy.org/doc/scipy/release/0.18.0-notes.html
note,#5864: DOC: add a little note about the Normal survival function (Q-function),https://docs.scipy.org/doc/scipy/release/0.18.0-notes.html
note,#5872: DOC: Note that morlet and cwt don’t work together,https://docs.scipy.org/doc/scipy/release/0.18.0-notes.html
note,#5872: DOC: Note that morlet and cwt don’t work together,https://docs.scipy.org/doc/scipy/release/0.18.0-notes.html
warning,#5878: MAINT: Fixed noisy UserWarnings in ndimage tests.,https://docs.scipy.org/doc/scipy/release/0.18.0-notes.html
warning,#5878: MAINT: Fixed noisy UserWarnings in ndimage tests.,https://docs.scipy.org/doc/scipy/release/0.18.0-notes.html
warning,#5930: TST: special: silence DeprecationWarnings from sph_yn,https://docs.scipy.org/doc/scipy/release/0.18.0-notes.html
warning,#5930: TST: special: silence DeprecationWarnings from sph_yn,https://docs.scipy.org/doc/scipy/release/0.18.0-notes.html
must,#5934: Typo: “mush” => “must”,https://docs.scipy.org/doc/scipy/release/0.18.0-notes.html
must,#5934: Typo: “mush” => “must”,https://docs.scipy.org/doc/scipy/release/0.18.0-notes.html
warning,#5945: MAINT: interpolate: Tweak declaration to avoid cython warning…,https://docs.scipy.org/doc/scipy/release/0.18.0-notes.html
warning,#5945: MAINT: interpolate: Tweak declaration to avoid cython warning…,https://docs.scipy.org/doc/scipy/release/0.18.0-notes.html
should,#5990: BUG: read tries to handle 20-bit WAV files but shouldn’t,https://docs.scipy.org/doc/scipy/release/0.18.0-notes.html
should,#5990: BUG: read tries to handle 20-bit WAV files but shouldn’t,https://docs.scipy.org/doc/scipy/release/0.18.0-notes.html
warning,#6119: TST: DeprecationWarnings in stats on python 3.,https://docs.scipy.org/doc/scipy/release/0.18.0-notes.html
warning,#6119: TST: DeprecationWarnings in stats on python 3.,https://docs.scipy.org/doc/scipy/release/0.18.0-notes.html
should,#6122: DOC: optimize: linprog docs should say minimize instead of maximize,https://docs.scipy.org/doc/scipy/release/0.18.0-notes.html
should,#6122: DOC: optimize: linprog docs should say minimize instead of maximize,https://docs.scipy.org/doc/scipy/release/0.18.0-notes.html
must,#6154: fix typo “mush”–>”must”,https://docs.scipy.org/doc/scipy/release/0.18.0-notes.html
must,#6154: fix typo “mush”–>”must”,https://docs.scipy.org/doc/scipy/release/0.18.0-notes.html
warning,#6179: TST: avoid a deprecation warning from numpy,https://docs.scipy.org/doc/scipy/release/0.18.0-notes.html
warning,#6179: TST: avoid a deprecation warning from numpy,https://docs.scipy.org/doc/scipy/release/0.18.0-notes.html
should,#6223: pchip should work for length-2 arrays,https://docs.scipy.org/doc/scipy/release/0.18.0-notes.html
should,#6223: pchip should work for length-2 arrays,https://docs.scipy.org/doc/scipy/release/0.18.0-notes.html
warning,#6254: MAINT: special: fix some build warnings,https://docs.scipy.org/doc/scipy/release/0.18.0-notes.html
warning,#6254: MAINT: special: fix some build warnings,https://docs.scipy.org/doc/scipy/release/0.18.0-notes.html
warning,#6269: TST: fix some warnings in the test suite,https://docs.scipy.org/doc/scipy/release/0.18.0-notes.html
warning,#6269: TST: fix some warnings in the test suite,https://docs.scipy.org/doc/scipy/release/0.18.0-notes.html
note,#6276: DOC: update release notes for 0.,https://docs.scipy.org/doc/scipy/release/0.18.0-notes.html
note,#6276: DOC: update release notes for 0.,https://docs.scipy.org/doc/scipy/release/0.18.0-notes.html
note,0 release notes.,https://docs.scipy.org/doc/scipy/release/0.18.0-notes.html
note,0 release notes.,https://docs.scipy.org/doc/scipy/release/0.18.0-notes.html
warning,"iqr test to not emit warnings, and fix line lengths.",https://docs.scipy.org/doc/scipy/release/0.18.0-notes.html
warning,"iqr test to not emit warnings, and fix line lengths.",https://docs.scipy.org/doc/scipy/release/0.18.0-notes.html
note,Release notes,https://docs.scipy.org/doc/scipy/release/0.17.1-notes.html
note,Release notes,https://docs.scipy.org/doc/scipy/release/0.17.0-notes.html
note,"0 Release Notes

New features

scipy.",https://docs.scipy.org/doc/scipy/release/0.17.0-notes.html
should,"sf
should be used instead.",https://docs.scipy.org/doc/scipy/release/0.17.0-notes.html
should,"betainc
which should be used instead.",https://docs.scipy.org/doc/scipy/release/0.17.0-notes.html
should,#3191: interp1d should contain a fill_value_below and a fill_value_above…,https://docs.scipy.org/doc/scipy/release/0.17.0-notes.html
should,#3191: interp1d should contain a fill_value_below and a fill_value_above…,https://docs.scipy.org/doc/scipy/release/0.17.0-notes.html
should,#4834: gammainc should return 1.,https://docs.scipy.org/doc/scipy/release/0.17.0-notes.html
should,#4834: gammainc should return 1.,https://docs.scipy.org/doc/scipy/release/0.17.0-notes.html
only,"#4967: block_diag should look at dtypes of all arguments, not only the…",https://docs.scipy.org/doc/scipy/release/0.17.0-notes.html
should,"#4967: block_diag should look at dtypes of all arguments, not only the…",https://docs.scipy.org/doc/scipy/release/0.17.0-notes.html
only,"#4967: block_diag should look at dtypes of all arguments, not only the…",https://docs.scipy.org/doc/scipy/release/0.17.0-notes.html
should,"#4967: block_diag should look at dtypes of all arguments, not only the…",https://docs.scipy.org/doc/scipy/release/0.17.0-notes.html
warning,#5261: Fix bug causing a TypeError in splrep when a runtime warning…,https://docs.scipy.org/doc/scipy/release/0.17.0-notes.html
warning,#5261: Fix bug causing a TypeError in splrep when a runtime warning…,https://docs.scipy.org/doc/scipy/release/0.17.0-notes.html
warning,#5398: MAINT: stats: avoid spurious warnings in lognorm.,https://docs.scipy.org/doc/scipy/release/0.17.0-notes.html
warning,#5398: MAINT: stats: avoid spurious warnings in lognorm.,https://docs.scipy.org/doc/scipy/release/0.17.0-notes.html
warning,#5412: TST: stats: skip a test to avoid a spurious log(0) warning,https://docs.scipy.org/doc/scipy/release/0.17.0-notes.html
warning,#5412: TST: stats: skip a test to avoid a spurious log(0) warning,https://docs.scipy.org/doc/scipy/release/0.17.0-notes.html
warning,#5445: MAINT: stats: fix incorrect deprecation warnings and test noise,https://docs.scipy.org/doc/scipy/release/0.17.0-notes.html
warning,#5445: MAINT: stats: fix incorrect deprecation warnings and test noise,https://docs.scipy.org/doc/scipy/release/0.17.0-notes.html
note,#5446: DOC: add note about PyFFTW in fftpack tutorial.,https://docs.scipy.org/doc/scipy/release/0.17.0-notes.html
note,#5446: DOC: add note about PyFFTW in fftpack tutorial.,https://docs.scipy.org/doc/scipy/release/0.17.0-notes.html
should,#5471: ConvexHull should raise ValueError for NaNs.,https://docs.scipy.org/doc/scipy/release/0.17.0-notes.html
should,#5471: ConvexHull should raise ValueError for NaNs.,https://docs.scipy.org/doc/scipy/release/0.17.0-notes.html
note,#5514: DOC: further update the release notes,https://docs.scipy.org/doc/scipy/release/0.17.0-notes.html
note,#5514: DOC: further update the release notes,https://docs.scipy.org/doc/scipy/release/0.17.0-notes.html
note,0 release notes.,https://docs.scipy.org/doc/scipy/release/0.17.0-notes.html
note,0 release notes.,https://docs.scipy.org/doc/scipy/release/0.17.0-notes.html
warning,"#5561: BUG: eliminate warnings, exception (on Win) in test_maskandscale;…",https://docs.scipy.org/doc/scipy/release/0.17.0-notes.html
warning,"#5561: BUG: eliminate warnings, exception (on Win) in test_maskandscale;…",https://docs.scipy.org/doc/scipy/release/0.17.0-notes.html
note,#5588: DOC: stats: Add a note that stats.,https://docs.scipy.org/doc/scipy/release/0.17.0-notes.html
note,#5588: DOC: stats: Add a note that stats.,https://docs.scipy.org/doc/scipy/release/0.17.0-notes.html
note,0 release notes.,https://docs.scipy.org/doc/scipy/release/0.17.0-notes.html
note,0 release notes.,https://docs.scipy.org/doc/scipy/release/0.17.0-notes.html
note,Release notes,https://docs.scipy.org/doc/scipy/release/0.16.1-notes.html
warning,#5352: TST: sparse: silence warnings about boolean indexing,https://docs.scipy.org/doc/scipy/release/0.16.1-notes.html
warning,#5352: TST: sparse: silence warnings about boolean indexing,https://docs.scipy.org/doc/scipy/release/0.16.1-notes.html
note,Release notes,https://docs.scipy.org/doc/scipy/release/0.16.0-notes.html
note,"0 Release Notes

New features

Benchmark suite
scipy.",https://docs.scipy.org/doc/scipy/release/0.16.0-notes.html
should,"0, the functionality should be accessed as scipy.",https://docs.scipy.org/doc/scipy/release/0.16.0-notes.html
warning,#1885: Rbf: floating point warnings - possible bug (Trac #1360),https://docs.scipy.org/doc/scipy/release/0.16.0-notes.html
warning,#1885: Rbf: floating point warnings - possible bug (Trac #1360),https://docs.scipy.org/doc/scipy/release/0.16.0-notes.html
warning,#4554: filter out convergence warnings in optimization tests,https://docs.scipy.org/doc/scipy/release/0.16.0-notes.html
warning,#4554: filter out convergence warnings in optimization tests,https://docs.scipy.org/doc/scipy/release/0.16.0-notes.html
note,#3956: add note to scipy.,https://docs.scipy.org/doc/scipy/release/0.16.0-notes.html
note,#3956: add note to scipy.,https://docs.scipy.org/doc/scipy/release/0.16.0-notes.html
warning,"#4116: MAINT: fitpack: trim down compiler warnings (unused labels, variables)",https://docs.scipy.org/doc/scipy/release/0.16.0-notes.html
warning,"#4116: MAINT: fitpack: trim down compiler warnings (unused labels, variables)",https://docs.scipy.org/doc/scipy/release/0.16.0-notes.html
warning,#4205: BLD: fix a number of Bento build warnings.,https://docs.scipy.org/doc/scipy/release/0.16.0-notes.html
warning,#4205: BLD: fix a number of Bento build warnings.,https://docs.scipy.org/doc/scipy/release/0.16.0-notes.html
warning,#4213: ENH: specific warning if matlab file is empty,https://docs.scipy.org/doc/scipy/release/0.16.0-notes.html
warning,#4213: ENH: specific warning if matlab file is empty,https://docs.scipy.org/doc/scipy/release/0.16.0-notes.html
warning,#4219: DOC: silence several Sphinx warnings when building the docs,https://docs.scipy.org/doc/scipy/release/0.16.0-notes.html
warning,#4219: DOC: silence several Sphinx warnings when building the docs,https://docs.scipy.org/doc/scipy/release/0.16.0-notes.html
only,#4281: Sparse matrix multiplication: only convert array if needed (with…,https://docs.scipy.org/doc/scipy/release/0.16.0-notes.html
only,#4281: Sparse matrix multiplication: only convert array if needed (with…,https://docs.scipy.org/doc/scipy/release/0.16.0-notes.html
should,#4502: SLSQP should strictly satisfy bound constraints,https://docs.scipy.org/doc/scipy/release/0.16.0-notes.html
should,#4502: SLSQP should strictly satisfy bound constraints,https://docs.scipy.org/doc/scipy/release/0.16.0-notes.html
warning,#4570: MNT: Suppress LineSearchWarning’s in scipy.,https://docs.scipy.org/doc/scipy/release/0.16.0-notes.html
warning,#4570: MNT: Suppress LineSearchWarning’s in scipy.,https://docs.scipy.org/doc/scipy/release/0.16.0-notes.html
note,#4611: DOC: stats: explain rice scaling; add a note to the tutorial…,https://docs.scipy.org/doc/scipy/release/0.16.0-notes.html
note,#4611: DOC: stats: explain rice scaling; add a note to the tutorial…,https://docs.scipy.org/doc/scipy/release/0.16.0-notes.html
warning,#4698: MAINT: quiet warnings from cephes.,https://docs.scipy.org/doc/scipy/release/0.16.0-notes.html
warning,#4698: MAINT: quiet warnings from cephes.,https://docs.scipy.org/doc/scipy/release/0.16.0-notes.html
warning,"#4717: MAINT: basinhopping: fix error in tests, silence /0 warning,…",https://docs.scipy.org/doc/scipy/release/0.16.0-notes.html
warning,"#4717: MAINT: basinhopping: fix error in tests, silence /0 warning,…",https://docs.scipy.org/doc/scipy/release/0.16.0-notes.html
warning,#4738: TST: silence runtime warnings for some corner cases in stats…,https://docs.scipy.org/doc/scipy/release/0.16.0-notes.html
warning,#4738: TST: silence runtime warnings for some corner cases in stats…,https://docs.scipy.org/doc/scipy/release/0.16.0-notes.html
note,0 release notes.,https://docs.scipy.org/doc/scipy/release/0.16.0-notes.html
note,0 release notes.,https://docs.scipy.org/doc/scipy/release/0.16.0-notes.html
note,#4785: Brief note about origin of Lena image,https://docs.scipy.org/doc/scipy/release/0.16.0-notes.html
note,#4785: Brief note about origin of Lena image,https://docs.scipy.org/doc/scipy/release/0.16.0-notes.html
note,Release notes,https://docs.scipy.org/doc/scipy/release/0.15.1-notes.html
note,Release notes,https://docs.scipy.org/doc/scipy/release/0.15.0-notes.html
note,"0 Release Notes

New features

Linear Programming Interface
Differential evolution, a global optimizer
scipy.",https://docs.scipy.org/doc/scipy/release/0.15.0-notes.html
only,"Currently the only method supported is simplex which provides
a two-phase, dense-matrix-based simplex algorithm.",https://docs.scipy.org/doc/scipy/release/0.15.0-notes.html
only,"It was the only module never ported
to Python 3.",https://docs.scipy.org/doc/scipy/release/0.15.0-notes.html
note,"Note that the previous documentation of this feature was
erroneous.",https://docs.scipy.org/doc/scipy/release/0.15.0-notes.html
must,#3714: Misleading error message in eigsh: k must be between 1 and rank(A)-1,https://docs.scipy.org/doc/scipy/release/0.15.0-notes.html
must,#3714: Misleading error message in eigsh: k must be between 1 and rank(A)-1,https://docs.scipy.org/doc/scipy/release/0.15.0-notes.html
should,#3785: minimize() should have friendlier args=,https://docs.scipy.org/doc/scipy/release/0.15.0-notes.html
should,#3785: minimize() should have friendlier args=,https://docs.scipy.org/doc/scipy/release/0.15.0-notes.html
warning,#3817: Warning in calculating moments from Binomial distribution for…,https://docs.scipy.org/doc/scipy/release/0.15.0-notes.html
warning,#3817: Warning in calculating moments from Binomial distribution for…,https://docs.scipy.org/doc/scipy/release/0.15.0-notes.html
note,#3876: savgol_filter not in release notes and has no versionadded,https://docs.scipy.org/doc/scipy/release/0.15.0-notes.html
note,#3876: savgol_filter not in release notes and has no versionadded,https://docs.scipy.org/doc/scipy/release/0.15.0-notes.html
warning,#3915: DOC: sphinx warnings because of **kwds in the stats distributions…,https://docs.scipy.org/doc/scipy/release/0.15.0-notes.html
warning,#3915: DOC: sphinx warnings because of **kwds in the stats distributions…,https://docs.scipy.org/doc/scipy/release/0.15.0-notes.html
warning,#3430: MAINT: Fix some cython variable declarations to avoid warnings…,https://docs.scipy.org/doc/scipy/release/0.15.0-notes.html
warning,#3430: MAINT: Fix some cython variable declarations to avoid warnings…,https://docs.scipy.org/doc/scipy/release/0.15.0-notes.html
warning,#3462: MAINT : Returning a warning for low attenuation values of chebwin…,https://docs.scipy.org/doc/scipy/release/0.15.0-notes.html
warning,#3462: MAINT : Returning a warning for low attenuation values of chebwin…,https://docs.scipy.org/doc/scipy/release/0.15.0-notes.html
warning,#3498: MAINT: io: remove old warnings from idl.,https://docs.scipy.org/doc/scipy/release/0.15.0-notes.html
warning,#3498: MAINT: io: remove old warnings from idl.,https://docs.scipy.org/doc/scipy/release/0.15.0-notes.html
warning,#3537: STY: reduce number of C compiler warnings,https://docs.scipy.org/doc/scipy/release/0.15.0-notes.html
warning,#3537: STY: reduce number of C compiler warnings,https://docs.scipy.org/doc/scipy/release/0.15.0-notes.html
note,0 release notes entry for linprog function.,https://docs.scipy.org/doc/scipy/release/0.15.0-notes.html
note,0 release notes entry for linprog function.,https://docs.scipy.org/doc/scipy/release/0.15.0-notes.html
warning,#3762: TST: filter out RuntimeWarning in vq tests,https://docs.scipy.org/doc/scipy/release/0.15.0-notes.html
warning,#3762: TST: filter out RuntimeWarning in vq tests,https://docs.scipy.org/doc/scipy/release/0.15.0-notes.html
warning,"#3820: MAINT: avoid spurious warnings in binom(n, p=0).",https://docs.scipy.org/doc/scipy/release/0.15.0-notes.html
warning,"#3820: MAINT: avoid spurious warnings in binom(n, p=0).",https://docs.scipy.org/doc/scipy/release/0.15.0-notes.html
note,#3878: DOC: move versionadded to notes,https://docs.scipy.org/doc/scipy/release/0.15.0-notes.html
note,#3878: DOC: move versionadded to notes,https://docs.scipy.org/doc/scipy/release/0.15.0-notes.html
warning,#3929: Added a warning about leastsq using with NaNs.,https://docs.scipy.org/doc/scipy/release/0.15.0-notes.html
warning,#3929: Added a warning about leastsq using with NaNs.,https://docs.scipy.org/doc/scipy/release/0.15.0-notes.html
note,#3939: DOC: fitpack: add a note about Sch-W conditions to splrep docstring,https://docs.scipy.org/doc/scipy/release/0.15.0-notes.html
note,#3939: DOC: fitpack: add a note about Sch-W conditions to splrep docstring,https://docs.scipy.org/doc/scipy/release/0.15.0-notes.html
warning,#3965: DOC: Fix a few more sphinx warnings that occur when building…,https://docs.scipy.org/doc/scipy/release/0.15.0-notes.html
warning,#3965: DOC: Fix a few more sphinx warnings that occur when building…,https://docs.scipy.org/doc/scipy/release/0.15.0-notes.html
warning,#4003: ENH: using python’s warnings instead of prints in fitpack.,https://docs.scipy.org/doc/scipy/release/0.15.0-notes.html
warning,#4003: ENH: using python’s warnings instead of prints in fitpack.,https://docs.scipy.org/doc/scipy/release/0.15.0-notes.html
warning,#4006: BUG: Fix C90 compiler warnings in NI_MinOrMaxFilter1D,https://docs.scipy.org/doc/scipy/release/0.15.0-notes.html
warning,#4006: BUG: Fix C90 compiler warnings in NI_MinOrMaxFilter1D,https://docs.scipy.org/doc/scipy/release/0.15.0-notes.html
warning,#4016: MAINT: remove some inf-related warnings from logsumexp,https://docs.scipy.org/doc/scipy/release/0.15.0-notes.html
warning,#4016: MAINT: remove some inf-related warnings from logsumexp,https://docs.scipy.org/doc/scipy/release/0.15.0-notes.html
note,#4058: MAINT: stats: Add note about change to scoreatpercentile in release…,https://docs.scipy.org/doc/scipy/release/0.15.0-notes.html
note,#4058: MAINT: stats: Add note about change to scoreatpercentile in release…,https://docs.scipy.org/doc/scipy/release/0.15.0-notes.html
note,#4201: DOC: add blas2 and nan* deprecations to the release notes,https://docs.scipy.org/doc/scipy/release/0.15.0-notes.html
note,#4201: DOC: add blas2 and nan* deprecations to the release notes,https://docs.scipy.org/doc/scipy/release/0.15.0-notes.html
note,Release notes,https://docs.scipy.org/doc/scipy/release/0.14.1-notes.html
note,Release notes,https://docs.scipy.org/doc/scipy/release/0.14.0-notes.html
note,"0 Release Notes

New features

scipy.",https://docs.scipy.org/doc/scipy/release/0.14.0-notes.html
should,"New users should use these in favor of
scipy.",https://docs.scipy.org/doc/scipy/release/0.14.0-notes.html
should,All users should use the scipy.,https://docs.scipy.org/doc/scipy/release/0.14.0-notes.html
should,"All users should use
distribution-specific rvs methods instead.",https://docs.scipy.org/doc/scipy/release/0.14.0-notes.html
should,"A new function
clpmn with uniform complex analytic behavior has been added, and
it should be used instead.",https://docs.scipy.org/doc/scipy/release/0.14.0-notes.html
warning,#1887: Stats continuous distributions - floating point warnings (Trac…,https://docs.scipy.org/doc/scipy/release/0.14.0-notes.html
warning,#1887: Stats continuous distributions - floating point warnings (Trac…,https://docs.scipy.org/doc/scipy/release/0.14.0-notes.html
should,#2443: IIR filter design should not transform to tf representation internally,https://docs.scipy.org/doc/scipy/release/0.14.0-notes.html
should,#2443: IIR filter design should not transform to tf representation internally,https://docs.scipy.org/doc/scipy/release/0.14.0-notes.html
warning,#2944: MacPorts builds yield 40Mb worth of build warnings,https://docs.scipy.org/doc/scipy/release/0.14.0-notes.html
warning,#2944: MacPorts builds yield 40Mb worth of build warnings,https://docs.scipy.org/doc/scipy/release/0.14.0-notes.html
note,#3006: DOC: stats: add a log base note to the docstring,https://docs.scipy.org/doc/scipy/release/0.14.0-notes.html
note,#3006: DOC: stats: add a log base note to the docstring,https://docs.scipy.org/doc/scipy/release/0.14.0-notes.html
should,#3083: Bug: should return 0 if no regions found,https://docs.scipy.org/doc/scipy/release/0.14.0-notes.html
should,#3083: Bug: should return 0 if no regions found,https://docs.scipy.org/doc/scipy/release/0.14.0-notes.html
warning,"#3177: Update numpy version warning, remove oldnumeric import",https://docs.scipy.org/doc/scipy/release/0.14.0-notes.html
warning,"#3177: Update numpy version warning, remove oldnumeric import",https://docs.scipy.org/doc/scipy/release/0.14.0-notes.html
warning,#3180: Suppress warnings when running stats.,https://docs.scipy.org/doc/scipy/release/0.14.0-notes.html
warning,#3180: Suppress warnings when running stats.,https://docs.scipy.org/doc/scipy/release/0.14.0-notes.html
note,#3228: DOC: tf2ss zpk2ss note controller canonical form,https://docs.scipy.org/doc/scipy/release/0.14.0-notes.html
note,#3228: DOC: tf2ss zpk2ss note controller canonical form,https://docs.scipy.org/doc/scipy/release/0.14.0-notes.html
note,0 release notes.,https://docs.scipy.org/doc/scipy/release/0.14.0-notes.html
note,0 release notes.,https://docs.scipy.org/doc/scipy/release/0.14.0-notes.html
note,#3307: DOC: add note about different ba forms in tf2zpk,https://docs.scipy.org/doc/scipy/release/0.14.0-notes.html
note,#3307: DOC: add note about different ba forms in tf2zpk,https://docs.scipy.org/doc/scipy/release/0.14.0-notes.html
note,Release notes,https://docs.scipy.org/doc/scipy/release/0.13.2-notes.html
note,Release notes,https://docs.scipy.org/doc/scipy/release/0.13.1-notes.html
only,"The only changes are several fixes in ndimage, one of which was a serious
regression in ndimage.",https://docs.scipy.org/doc/scipy/release/0.13.1-notes.html
note,Release notes,https://docs.scipy.org/doc/scipy/release/0.13.0-notes.html
note,"0 Release Notes

New features

scipy.",https://docs.scipy.org/doc/scipy/release/0.13.0-notes.html
only,"This function is not only useful for sparse matrices, but can also be
used to estimate the norm of products or powers of dense matrices without
explicitly building the intermediate matrix.",https://docs.scipy.org/doc/scipy/release/0.13.0-notes.html
only,"Previously it only
accepted a filename.",https://docs.scipy.org/doc/scipy/release/0.13.0-notes.html
should,"All users should use the numerically more robust
scipy.",https://docs.scipy.org/doc/scipy/release/0.13.0-notes.html
should,"f_oneway should be used
instead.",https://docs.scipy.org/doc/scipy/release/0.13.0-notes.html
should,median should be used instead.,https://docs.scipy.org/doc/scipy/release/0.13.0-notes.html
only,"path); now loadmat only looks in the current directory for a
relative path filename.",https://docs.scipy.org/doc/scipy/release/0.13.0-notes.html
should,"A tox pep8
command has been added; new code should pass this test command.",https://docs.scipy.org/doc/scipy/release/0.13.0-notes.html
not support,"1 anymore (at least on RH5), likely
due to that compiler version not supporting entry constructs well.",https://docs.scipy.org/doc/scipy/release/0.13.0-notes.html
note,Release notes,https://docs.scipy.org/doc/scipy/release/0.12.1-notes.html
note,Release notes,https://docs.scipy.org/doc/scipy/release/0.12.0-notes.html
note,"0 Release Notes

New features

scipy.",https://docs.scipy.org/doc/scipy/release/0.12.0-notes.html
note,Release notes,https://docs.scipy.org/doc/scipy/release/0.11.0-notes.html
note,"0 Release Notes

New features

Sparse Graph Submodule
scipy.",https://docs.scipy.org/doc/scipy/release/0.11.0-notes.html
warning,Calling the former routine will result in a deprecation warning.,https://docs.scipy.org/doc/scipy/release/0.11.0-notes.html
note,Release notes,https://docs.scipy.org/doc/scipy/release/0.10.1-notes.html
note,Release notes,https://docs.scipy.org/doc/scipy/release/0.10.0-notes.html
note,"0 Release Notes

New features

Bento: new optional build system
Generalized and shift-invert eigenvalue problems in scipy.",https://docs.scipy.org/doc/scipy/release/0.10.0-notes.html
only,(Previously it only handled a 1-dimensional array.,https://docs.scipy.org/doc/scipy/release/0.10.0-notes.html
only,"Only real, symmetric, assembled matrix are supported (RUA format)",https://docs.scipy.org/doc/scipy/release/0.10.0-notes.html
only,"Only real, symmetric, assembled matrix are supported (RUA format)",https://docs.scipy.org/doc/scipy/release/0.10.0-notes.html
note,Release notes,https://docs.scipy.org/doc/scipy/release/0.9.0-notes.html
note,"0 Release Notes

Python 3
Scipy source code location to be changed
New features

Delaunay tessellations (scipy.",https://docs.scipy.org/doc/scipy/release/0.9.0-notes.html
note,"Please note that SciPy is still considered to have “Beta” status, as
we work toward a SciPy 1.",https://docs.scipy.org/doc/scipy/release/0.9.0-notes.html
only,"The only module
that is not yet ported is scipy.",https://docs.scipy.org/doc/scipy/release/0.9.0-notes.html
note,Release notes,https://docs.scipy.org/doc/scipy/release/0.8.0-notes.html
note,"0 Release Notes

Python 3
Major documentation improvements
Deprecated features

Swapping inputs for correlation functions (scipy.",https://docs.scipy.org/doc/scipy/release/0.8.0-notes.html
note,"Please note that SciPy is still considered to have “Beta” status, as
we work toward a SciPy 1.",https://docs.scipy.org/doc/scipy/release/0.8.0-notes.html
warning,find will generate a DeprecationWarning.,https://docs.scipy.org/doc/scipy/release/0.8.0-notes.html
warning,find will generate a DeprecationWarning.,https://docs.scipy.org/doc/scipy/release/0.8.0-notes.html
should,"The outputs should now correspond to their matlab and R counterparts, and do
what most people expect if the old_behavior=False argument is passed:",https://docs.scipy.org/doc/scipy/release/0.8.0-notes.html
should,"We’ve rewritten the matlab file reader in Cython and it should now read
matlab files at around the same speed that Matlab does.",https://docs.scipy.org/doc/scipy/release/0.8.0-notes.html
warning,"There is a FutureWarning when calling the writer to warn
of this change; for now we suggest using the oned_as='row' keyword
argument to scipy.",https://docs.scipy.org/doc/scipy/release/0.8.0-notes.html
only,"This is faster than constructing the
full coefficient representation of the polynomials, which was previously the
only available way.",https://docs.scipy.org/doc/scipy/release/0.8.0-notes.html
note,"Note that the previous orthogonal polynomial routines will now also invoke this
feature, when possible.",https://docs.scipy.org/doc/scipy/release/0.8.0-notes.html
should,The new version should produce accurate values for all real parameters.,https://docs.scipy.org/doc/scipy/release/0.8.0-notes.html
note,Release notes,https://docs.scipy.org/doc/scipy/release/0.7.2-notes.html
only,"The
only change is that all C sources from Cython code have been regenerated with
Cython 0.",https://docs.scipy.org/doc/scipy/release/0.7.2-notes.html
note,Release notes,https://docs.scipy.org/doc/scipy/release/0.7.1-notes.html
note,"1 Release Notes

scipy.",https://docs.scipy.org/doc/scipy/release/0.7.1-notes.html
only,"ive, jve, yve, kv, kve: with real-valued input, return nan for out-of-domain
instead of returning only the real part of the result.",https://docs.scipy.org/doc/scipy/release/0.7.1-notes.html
only,"ive, jve, yve, kv, kve: with real-valued input, return nan for out-of-domain
instead of returning only the real part of the result.",https://docs.scipy.org/doc/scipy/release/0.7.1-notes.html
warning,"errprint(1) has been enabled, warning
messages are now issued as Python warnings instead of printing them to
stderr.",https://docs.scipy.org/doc/scipy/release/0.7.1-notes.html
note,Release notes,https://docs.scipy.org/doc/scipy/release/0.7.0-notes.html
note,"0 Release Notes

Python 2.",https://docs.scipy.org/doc/scipy/release/0.7.0-notes.html
note,"Please note that SciPy is still considered to have “Beta” status, as
we work toward a SciPy 1.",https://docs.scipy.org/doc/scipy/release/0.7.0-notes.html
not support,"0 is not supported at all; it requires NumPy to be ported to
Python 3.",https://docs.scipy.org/doc/scipy/release/0.7.0-notes.html
warning,"Added deprecation warning for mean, median, var, std,
cov, and corrcoef.",https://docs.scipy.org/doc/scipy/release/0.7.0-notes.html
should,"These functions should be replaced by their
numpy counterparts.",https://docs.scipy.org/doc/scipy/release/0.7.0-notes.html
note,"Note, however, that some of the default options
differ between the scipy.",https://docs.scipy.org/doc/scipy/release/0.7.0-notes.html
only,"Pairwise distance matrices are stored in condensed
form; only the upper triangular is stored.",https://docs.scipy.org/doc/scipy/release/0.7.0-notes.html
only,"Only (NETLIB)
fftpack remains.",https://docs.scipy.org/doc/scipy/release/0.7.0-notes.html
should,"Radial basis functions can be used for smoothing/interpolating
scattered data in n-dimensions, but should be used with caution for
extrapolation outside of the observed data range.",https://docs.scipy.org/doc/scipy/release/0.7.0-notes.html
only,"Users can now solve
generalized problems, select a range of eigenvalues only, and choose
to use a faster algorithm at the expense of increased memory
usage.",https://docs.scipy.org/doc/scipy/release/0.7.0-notes.html
note,Release notes,https://docs.scipy.org/doc/scipy/dev/contributor/using_act.html
not support,act does not support Windows and macOS images yet.,https://docs.scipy.org/doc/scipy/dev/contributor/using_act.html
note,Release Notes,https://docs.scipy.org/doc/scipy/dev/contributor/using_act.html
note,Release notes,https://docs.scipy.org/doc/scipy/reference/generated/scipy.special.jv.html#scipy.special.jv
note,Notes,https://docs.scipy.org/doc/scipy/reference/generated/scipy.special.jv.html#scipy.special.jv
note,"Note that the second
term is exactly zero for integer v; to improve accuracy the second
term is explicitly omitted for v values such that v = floor(v).",https://docs.scipy.org/doc/scipy/reference/generated/scipy.special.jv.html#scipy.special.jv
must,"If z is an array, the order parameter v must be broadcastable to
the correct shape if different orders shall be computed in one call.",https://docs.scipy.org/doc/scipy/reference/generated/scipy.special.jv.html#scipy.special.jv
note,Release notes,https://docs.scipy.org/doc/scipy/reference/generated/scipy.special.jn_zeros.html#scipy.special.jn_zeros
note,"Note that this interval excludes the zero at \(x = 0\)
that exists for \(n > 0\).",https://docs.scipy.org/doc/scipy/reference/generated/scipy.special.jn_zeros.html#scipy.special.jn_zeros
note,"Note
that the root located at 0 is not returned by jn_zeros.",https://docs.scipy.org/doc/scipy/reference/generated/scipy.special.jn_zeros.html#scipy.special.jn_zeros
note,Release notes,https://docs.scipy.org/doc/scipy/reference/special.cython_special.html#module-scipy.special.cython_special
warning,"Functions can indicate an error by returning nan; however they
cannot emit warnings like their counterparts in scipy.",https://docs.scipy.org/doc/scipy/reference/special.cython_special.html#module-scipy.special.cython_special
note,Release notes,https://docs.scipy.org/doc/scipy/reference/generated/scipy.special.gamma.html#scipy.special.gamma
note,Notes,https://docs.scipy.org/doc/scipy/reference/generated/scipy.special.gamma.html#scipy.special.gamma
note,Release notes,https://docs.scipy.org/doc/scipy/reference/generated/scipy.special.sici.html#scipy.special.sici
note,Notes,https://docs.scipy.org/doc/scipy/reference/generated/scipy.special.sici.html#scipy.special.sici
note,Release notes,https://docs.scipy.org/doc/scipy/reference/generated/scipy.special.hankel1.html#scipy.special.hankel1
note,Notes,https://docs.scipy.org/doc/scipy/reference/generated/scipy.special.hankel1.html#scipy.special.hankel1
note,Release notes,https://docs.scipy.org/doc/scipy/reference/generated/scipy.integrate.quad.html#scipy.integrate.quad
should,"In addition, certain ctypes call signatures are supported for
backward compatibility, but those should not be used in new code.",https://docs.scipy.org/doc/scipy/reference/generated/scipy.integrate.quad.html#scipy.integrate.quad
warning,"If non-zero, warning messages are also suppressed and the
message is appended to the output tuple.",https://docs.scipy.org/doc/scipy/reference/generated/scipy.integrate.quad.html#scipy.integrate.quad
only,"Appended only with ‘cos’ or ‘sin’ weighting and infinite
integration limits, it contains an explanation of the codes in
infodict[‘ierlst’]",https://docs.scipy.org/doc/scipy/reference/generated/scipy.integrate.quad.html#scipy.integrate.quad
must,"If epsabs <= 0, epsrel must be greater than both 5e-29
and 50 * (machine epsilon).",https://docs.scipy.org/doc/scipy/reference/generated/scipy.integrate.quad.html#scipy.integrate.quad
note,"Note that this option cannot be used in conjunction
with weight.",https://docs.scipy.org/doc/scipy/reference/generated/scipy.integrate.quad.html#scipy.integrate.quad
note,Notes,https://docs.scipy.org/doc/scipy/reference/generated/scipy.integrate.quad.html#scipy.integrate.quad
must,"For valid results, the integral must converge; behavior for divergent
integrals is not guaranteed.",https://docs.scipy.org/doc/scipy/reference/generated/scipy.integrate.quad.html#scipy.integrate.quad
not support,"Different integration
methods are used to compute the integral with these weighting
functions, and these do not support specifying break points.",https://docs.scipy.org/doc/scipy/reference/generated/scipy.integrate.quad.html#scipy.integrate.quad
must,"compute \(\int^b_a f(x) / (x-c)dx\) where the integral must be
interpreted as a Cauchy principal value integral, for user specified
\(c\) and \(f\).",https://docs.scipy.org/doc/scipy/reference/generated/scipy.integrate.quad.html#scipy.integrate.quad
note,Release notes,https://docs.scipy.org/doc/scipy/reference/generated/scipy.special.expn.html#scipy.special.expn
note,Release notes,https://docs.scipy.org/doc/scipy/reference/generated/scipy.integrate.dblquad.html#scipy.integrate.dblquad
must,"A Python function or method of at least two variables: y must be the
first argument and x the second argument.",https://docs.scipy.org/doc/scipy/reference/generated/scipy.integrate.dblquad.html#scipy.integrate.dblquad
must,"If epsabs <= 0, epsrel must be greater than both 5e-29
and 50 * (machine epsilon).",https://docs.scipy.org/doc/scipy/reference/generated/scipy.integrate.dblquad.html#scipy.integrate.dblquad
note,Notes,https://docs.scipy.org/doc/scipy/reference/generated/scipy.integrate.dblquad.html#scipy.integrate.dblquad
must,"For valid results, the integral must converge; behavior for divergent
integrals is not guaranteed.",https://docs.scipy.org/doc/scipy/reference/generated/scipy.integrate.dblquad.html#scipy.integrate.dblquad
note,Release notes,https://docs.scipy.org/doc/scipy/reference/generated/scipy.integrate.tplquad.html#scipy.integrate.tplquad
must,"It must be a function that takes
two floats in the order (x, y) and returns a float or a float
indicating a constant boundary surface.",https://docs.scipy.org/doc/scipy/reference/generated/scipy.integrate.tplquad.html#scipy.integrate.tplquad
note,Notes,https://docs.scipy.org/doc/scipy/reference/generated/scipy.integrate.tplquad.html#scipy.integrate.tplquad
must,"For valid results, the integral must converge; behavior for divergent
integrals is not guaranteed.",https://docs.scipy.org/doc/scipy/reference/generated/scipy.integrate.tplquad.html#scipy.integrate.tplquad
note,"Note: qfun/rfun takes arguments in the order (x, y), even though f
takes arguments in the order (z, y, x).",https://docs.scipy.org/doc/scipy/reference/generated/scipy.integrate.tplquad.html#scipy.integrate.tplquad
note,Release notes,https://docs.scipy.org/doc/scipy/reference/generated/scipy.integrate.nquad.html#scipy.integrate.nquad
must,"xn,
which must be floats.",https://docs.scipy.org/doc/scipy/reference/generated/scipy.integrate.nquad.html#scipy.integrate.nquad
should,"Function signature should be func(x0, x1, .",https://docs.scipy.org/doc/scipy/reference/generated/scipy.integrate.nquad.html#scipy.integrate.nquad
must,"If a
callable, the signature must be the same as for ranges.",https://docs.scipy.org/doc/scipy/reference/generated/scipy.integrate.nquad.html#scipy.integrate.nquad
note,Notes,https://docs.scipy.org/doc/scipy/reference/generated/scipy.integrate.nquad.html#scipy.integrate.nquad
must,"For valid results, the integral must converge; behavior for divergent
integrals is not guaranteed.",https://docs.scipy.org/doc/scipy/reference/generated/scipy.integrate.nquad.html#scipy.integrate.nquad
must,"compute \(\int^b_a f(x) / (x-c)dx\) where the integral must be
interpreted as a Cauchy principal value integral, for user specified
\(c\) and \(f\).",https://docs.scipy.org/doc/scipy/reference/generated/scipy.integrate.nquad.html#scipy.integrate.nquad
note,Release notes,https://docs.scipy.org/doc/scipy/reference/generated/scipy.integrate.fixed_quad.html#scipy.integrate.fixed_quad
must,A Python function or method to integrate (must accept vector inputs).,https://docs.scipy.org/doc/scipy/reference/generated/scipy.integrate.fixed_quad.html#scipy.integrate.fixed_quad
must,"If integrating a vector-valued function, the returned array must have
shape (.",https://docs.scipy.org/doc/scipy/reference/generated/scipy.integrate.fixed_quad.html#scipy.integrate.fixed_quad
note,Release notes,https://docs.scipy.org/doc/scipy/reference/generated/scipy.integrate.quadrature.html#scipy.integrate.quadrature
note,Release notes,https://docs.scipy.org/doc/scipy/reference/generated/scipy.special.legendre.html#scipy.special.legendre
note,Notes,https://docs.scipy.org/doc/scipy/reference/generated/scipy.special.legendre.html#scipy.special.legendre
note,Release notes,https://docs.scipy.org/doc/scipy/reference/generated/scipy.integrate.romberg.html#scipy.integrate.romberg
note,Release notes,https://docs.scipy.org/doc/scipy/reference/generated/scipy.integrate.romb.html#scipy.integrate.romb
note,Release notes,https://docs.scipy.org/doc/scipy/reference/generated/scipy.integrate.trapezoid.html#scipy.integrate.trapezoid
note,Notes,https://docs.scipy.org/doc/scipy/reference/generated/scipy.integrate.trapezoid.html#scipy.integrate.trapezoid
note,Release notes,https://docs.scipy.org/doc/scipy/reference/generated/scipy.integrate.simpson.html#scipy.integrate.simpson
only,"Only used when
x is None.",https://docs.scipy.org/doc/scipy/reference/generated/scipy.integrate.simpson.html#scipy.integrate.simpson
only,"If the axis to be integrated over only has two points then
the integration falls back to a trapezoidal integration.",https://docs.scipy.org/doc/scipy/reference/generated/scipy.integrate.simpson.html#scipy.integrate.simpson
note,Notes,https://docs.scipy.org/doc/scipy/reference/generated/scipy.integrate.simpson.html#scipy.integrate.simpson
only,"If
the samples are not equally spaced, then the result is exact only
if the function is a polynomial of order 2 or less.",https://docs.scipy.org/doc/scipy/reference/generated/scipy.integrate.simpson.html#scipy.integrate.simpson
note,Release notes,https://docs.scipy.org/doc/scipy/reference/generated/scipy.LowLevelCallable.html#scipy.LowLevelCallable
note,Notes,https://docs.scipy.org/doc/scipy/reference/generated/scipy.LowLevelCallable.html#scipy.LowLevelCallable
must,"The signature of the low-level callback must match one of those expected
by the routine it is passed to.",https://docs.scipy.org/doc/scipy/reference/generated/scipy.LowLevelCallable.html#scipy.LowLevelCallable
must,"If constructing low-level functions from a PyCapsule, the name of the
capsule must be the corresponding signature, in the format:",https://docs.scipy.org/doc/scipy/reference/generated/scipy.LowLevelCallable.html#scipy.LowLevelCallable
note,Release notes,https://docs.scipy.org/doc/scipy/reference/generated/scipy.integrate.solve_ivp.html#scipy.integrate.solve_ivp
note,"Some of the solvers support integration in the complex domain, but note
that for stiff ODE solvers, the right-hand side must be
complex-differentiable (satisfy Cauchy-Riemann equations [11]).",https://docs.scipy.org/doc/scipy/reference/generated/scipy.integrate.solve_ivp.html#scipy.integrate.solve_ivp
must,"Some of the solvers support integration in the complex domain, but note
that for stiff ODE solvers, the right-hand side must be
complex-differentiable (satisfy Cauchy-Riemann equations [11]).",https://docs.scipy.org/doc/scipy/reference/generated/scipy.integrate.solve_ivp.html#scipy.integrate.solve_ivp
must,"fun must return an array of the same shape as
y.",https://docs.scipy.org/doc/scipy/reference/generated/scipy.integrate.solve_ivp.html#scipy.integrate.solve_ivp
must,"Both t0 and tf must be floats
or values interpretable by the float conversion function.",https://docs.scipy.org/doc/scipy/reference/generated/scipy.integrate.solve_ivp.html#scipy.integrate.solve_ivp
should,"Explicit Runge-Kutta methods (‘RK23’, ‘RK45’, ‘DOP853’) should be used
for non-stiff problems and implicit methods (‘Radau’, ‘BDF’) for
stiff problems [9].",https://docs.scipy.org/doc/scipy/reference/generated/scipy.integrate.solve_ivp.html#scipy.integrate.solve_ivp
should,"If it makes unusually many
iterations, diverges, or fails, your problem is likely to be stiff and
you should use ‘Radau’ or ‘BDF’.",https://docs.scipy.org/doc/scipy/reference/generated/scipy.integrate.solve_ivp.html#scipy.integrate.solve_ivp
must,"Times at which to store the computed solution, must be sorted and lie
within t_span.",https://docs.scipy.org/doc/scipy/reference/generated/scipy.integrate.solve_ivp.html#scipy.integrate.solve_ivp
must,"Each function must have the signature event(t, y) where
additional argument have to be passed if args is used (see
documentation of args argument).",https://docs.scipy.org/doc/scipy/reference/generated/scipy.integrate.solve_ivp.html#scipy.integrate.solve_ivp
must,"Each function must return a
float.",https://docs.scipy.org/doc/scipy/reference/generated/scipy.integrate.solve_ivp.html#scipy.integrate.solve_ivp
only,"If direction is positive,
event will only trigger when going from negative to positive,
and vice versa if direction is negative.",https://docs.scipy.org/doc/scipy/reference/generated/scipy.integrate.solve_ivp.html#scipy.integrate.solve_ivp
must,"In this case, fun must behave
such that fun(t, y)[:, i] == fun(t, y[:, i]) (i.",https://docs.scipy.org/doc/scipy/reference/generated/scipy.integrate.solve_ivp.html#scipy.integrate.solve_ivp
must,"So if, for example, fun has the signature fun(t, y, a, b, c),
then jac (if given) and any event functions must have the same
signature, and args must be a tuple of length 3.",https://docs.scipy.org/doc/scipy/reference/generated/scipy.integrate.solve_ivp.html#scipy.integrate.solve_ivp
should,"Default is None which means that the algorithm
should choose.",https://docs.scipy.org/doc/scipy/reference/generated/scipy.integrate.solve_ivp.html#scipy.integrate.solve_ivp
not support,Not supported by ‘LSODA’.,https://docs.scipy.org/doc/scipy/reference/generated/scipy.integrate.solve_ivp.html#scipy.integrate.solve_ivp
not support,Not supported by ‘LSODA’.,https://docs.scipy.org/doc/scipy/reference/generated/scipy.integrate.solve_ivp.html#scipy.integrate.solve_ivp
must,"Its shape must be (n, n).",https://docs.scipy.org/doc/scipy/reference/generated/scipy.integrate.solve_ivp.html#scipy.integrate.solve_ivp
only,"If the Jacobian has only few
non-zero elements in each row, providing the sparsity structure
will greatly speed up the computations [10].",https://docs.scipy.org/doc/scipy/reference/generated/scipy.integrate.solve_ivp.html#scipy.integrate.solve_ivp
not support,"Not supported by ‘LSODA’, see lband and uband instead.",https://docs.scipy.org/doc/scipy/reference/generated/scipy.integrate.solve_ivp.html#scipy.integrate.solve_ivp
only,= 0 only for i - lband <= j <= i + uband.,https://docs.scipy.org/doc/scipy/reference/generated/scipy.integrate.solve_ivp.html#scipy.integrate.solve_ivp
must,"Setting these requires your jac routine to return the
Jacobian in the packed format: the returned array must have n
columns and uband + lband + 1 rows in which Jacobian diagonals are
written.",https://docs.scipy.org/doc/scipy/reference/generated/scipy.integrate.solve_ivp.html#scipy.integrate.solve_ivp
note,"Note that the integration never reaches
t=100 because the event is terminal.",https://docs.scipy.org/doc/scipy/reference/generated/scipy.integrate.solve_ivp.html#scipy.integrate.solve_ivp
note,Release notes,https://docs.scipy.org/doc/scipy/reference/generated/scipy.special.airy.html#scipy.special.airy
note,Notes,https://docs.scipy.org/doc/scipy/reference/generated/scipy.special.airy.html#scipy.special.airy
note,Release notes,https://docs.scipy.org/doc/scipy/reference/generated/scipy.integrate.RK45.html#scipy.integrate.RK45
must,"Here t is a scalar, and there are two options for the ndarray y:
It can either have shape (n,); then fun must return array_like with
shape (n,).",https://docs.scipy.org/doc/scipy/reference/generated/scipy.integrate.RK45.html#scipy.integrate.RK45
must,"Alternatively it can have shape (n, k); then fun
must return an array_like with shape (n, k), i.",https://docs.scipy.org/doc/scipy/reference/generated/scipy.integrate.RK45.html#scipy.integrate.RK45
should,"Default is None which means that the algorithm
should choose.",https://docs.scipy.org/doc/scipy/reference/generated/scipy.integrate.RK45.html#scipy.integrate.RK45
note,Release notes,https://docs.scipy.org/doc/scipy/reference/generated/scipy.integrate.Radau.html#scipy.integrate.Radau
must,"fun must
return an array of the same shape as y.",https://docs.scipy.org/doc/scipy/reference/generated/scipy.integrate.Radau.html#scipy.integrate.Radau
should,"Default is None which means that the algorithm
should choose.",https://docs.scipy.org/doc/scipy/reference/generated/scipy.integrate.Radau.html#scipy.integrate.Radau
must,"Its shape must be (n, n).",https://docs.scipy.org/doc/scipy/reference/generated/scipy.integrate.Radau.html#scipy.integrate.Radau
only,"If the Jacobian has only few non-zero
elements in each row, providing the sparsity structure will greatly
speed up the computations [2].",https://docs.scipy.org/doc/scipy/reference/generated/scipy.integrate.Radau.html#scipy.integrate.Radau
must,"In this case, fun must behave
such that fun(t, y)[:, i] == fun(t, y[:, i]) (i.",https://docs.scipy.org/doc/scipy/reference/generated/scipy.integrate.Radau.html#scipy.integrate.Radau
note,Release notes,https://docs.scipy.org/doc/scipy/reference/generated/scipy.integrate.odeint.html#scipy.integrate.odeint
note,Note,https://docs.scipy.org/doc/scipy/reference/generated/scipy.integrate.odeint.html#scipy.integrate.odeint
note,Note,https://docs.scipy.org/doc/scipy/reference/generated/scipy.integrate.odeint.html#scipy.integrate.odeint
must,"), the argument tfirst must be
set to True.",https://docs.scipy.org/doc/scipy/reference/generated/scipy.integrate.odeint.html#scipy.integrate.odeint
must,"), then the argument
tfirst must be set True.",https://docs.scipy.org/doc/scipy/reference/generated/scipy.integrate.odeint.html#scipy.integrate.odeint
should,"The initial
value point should be the first element of this sequence.",https://docs.scipy.org/doc/scipy/reference/generated/scipy.integrate.odeint.html#scipy.integrate.odeint
must,"This sequence must be monotonically increasing or monotonically
decreasing; repeated values are allowed.",https://docs.scipy.org/doc/scipy/reference/generated/scipy.integrate.odeint.html#scipy.integrate.odeint
must,"), then the argument
tfirst must be set True.",https://docs.scipy.org/doc/scipy/reference/generated/scipy.integrate.odeint.html#scipy.integrate.odeint
should,"True if Dfun defines derivatives down columns (faster),
otherwise Dfun should define derivatives across rows.",https://docs.scipy.org/doc/scipy/reference/generated/scipy.integrate.odeint.html#scipy.integrate.odeint
must,"If True, the first two arguments of func (and Dfun, if given)
must t, y instead of the default y, t.",https://docs.scipy.org/doc/scipy/reference/generated/scipy.integrate.odeint.html#scipy.integrate.odeint
should,"For the banded case, Dfun should return a matrix whose
rows contain the non-zero bands (starting with the lowest diagonal).",https://docs.scipy.org/doc/scipy/reference/generated/scipy.integrate.odeint.html#scipy.integrate.odeint
should,"Thus, the return matrix jac from Dfun should have shape
(ml + mu + 1, len(y0)) when ml >=0 or mu >=0.",https://docs.scipy.org/doc/scipy/reference/generated/scipy.integrate.odeint.html#scipy.integrate.odeint
must,"The data in jac must be stored such that jac[i - j + mu, j]
holds the derivative of the ith equation with respect to the
jth state variable.",https://docs.scipy.org/doc/scipy/reference/generated/scipy.integrate.odeint.html#scipy.integrate.odeint
must,"If col_deriv is True, the transpose of
this jac must be returned.",https://docs.scipy.org/doc/scipy/reference/generated/scipy.integrate.odeint.html#scipy.integrate.odeint
should,", singularities) where integration
care should be taken.",https://docs.scipy.org/doc/scipy/reference/generated/scipy.integrate.odeint.html#scipy.integrate.odeint
note,"where b and c are positive constants, and a prime (’) denotes a
derivative.",https://docs.scipy.org/doc/scipy/reference/generated/scipy.integrate.odeint.html#scipy.integrate.odeint
must,"To solve this equation with odeint, we must first convert
it to a system of first order equations.",https://docs.scipy.org/doc/scipy/reference/generated/scipy.integrate.odeint.html#scipy.integrate.odeint
note,Release notes,https://docs.scipy.org/doc/scipy/reference/generated/scipy.optimize.minimize.html#scipy.optimize.minimize
only,"Only for CG, BFGS,
Newton-CG, L-BFGS-B, TNC, SLSQP, dogleg, trust-ncg, trust-krylov,
trust-exact and trust-constr.",https://docs.scipy.org/doc/scipy/reference/generated/scipy.optimize.minimize.html#scipy.optimize.minimize
only,"Only for Newton-CG, dogleg,
trust-ncg, trust-krylov, trust-exact and trust-constr.",https://docs.scipy.org/doc/scipy/reference/generated/scipy.optimize.minimize.html#scipy.optimize.minimize
note,"Not all of the options are available for each of the methods; for
availability refer to the notes.",https://docs.scipy.org/doc/scipy/reference/generated/scipy.optimize.minimize.html#scipy.optimize.minimize
only,"Only for
Newton-CG, trust-ncg, trust-krylov, trust-constr.",https://docs.scipy.org/doc/scipy/reference/generated/scipy.optimize.minimize.html#scipy.optimize.minimize
only,Only one of hessp or hess needs to be given.,https://docs.scipy.org/doc/scipy/reference/generated/scipy.optimize.minimize.html#scipy.optimize.minimize
only,"Only for COBYLA, SLSQP and trust-constr.",https://docs.scipy.org/doc/scipy/reference/generated/scipy.optimize.minimize.html#scipy.optimize.minimize
only,The Jacobian of fun (only for SLSQP).,https://docs.scipy.org/doc/scipy/reference/generated/scipy.optimize.minimize.html#scipy.optimize.minimize
note,Note that COBYLA only supports inequality constraints.,https://docs.scipy.org/doc/scipy/reference/generated/scipy.optimize.minimize.html#scipy.optimize.minimize
only,Note that COBYLA only supports inequality constraints.,https://docs.scipy.org/doc/scipy/reference/generated/scipy.optimize.minimize.html#scipy.optimize.minimize
note,"Note that the name
of the parameter must be intermediate_result for the callback
to be passed an OptimizeResult.",https://docs.scipy.org/doc/scipy/reference/generated/scipy.optimize.minimize.html#scipy.optimize.minimize
must,"Note that the name
of the parameter must be intermediate_result for the callback
to be passed an OptimizeResult.",https://docs.scipy.org/doc/scipy/reference/generated/scipy.optimize.minimize.html#scipy.optimize.minimize
note,Notes,https://docs.scipy.org/doc/scipy/reference/generated/scipy.optimize.minimize.html#scipy.optimize.minimize
only,"Only the
first derivatives are used.",https://docs.scipy.org/doc/scipy/reference/generated/scipy.optimize.minimize.html#scipy.optimize.minimize
only,It uses the first derivatives only.,https://docs.scipy.org/doc/scipy/reference/generated/scipy.optimize.minimize.html#scipy.optimize.minimize
note,"Note that the
wrapper handles infinite values in bounds by converting them into
large floating values.",https://docs.scipy.org/doc/scipy/reference/generated/scipy.optimize.minimize.html#scipy.optimize.minimize
must,"If the
gradient is estimated via finite-differences the Hessian must be
estimated using one of the quasi-Newton strategies.",https://docs.scipy.org/doc/scipy/reference/generated/scipy.optimize.minimize.html#scipy.optimize.minimize
must,"The provided method callable must be able to accept (and possibly ignore)
arbitrary parameters; the set of parameters accepted by minimize may
expand in future versions and then these parameters will be passed to
the method.",https://docs.scipy.org/doc/scipy/reference/generated/scipy.optimize.minimize.html#scipy.optimize.minimize
must,"And variables must be positive, hence the following bounds:",https://docs.scipy.org/doc/scipy/reference/generated/scipy.optimize.minimize.html#scipy.optimize.minimize
should,It should converge to the theoretical solution (1.,https://docs.scipy.org/doc/scipy/reference/generated/scipy.optimize.minimize.html#scipy.optimize.minimize
note,Release notes,https://docs.scipy.org/doc/scipy/reference/generated/scipy.optimize.least_squares.html#scipy.optimize.least_squares
must,"It must allocate and return a 1-D array_like of shape (m,) or a scalar.",https://docs.scipy.org/doc/scipy/reference/generated/scipy.optimize.least_squares.html#scipy.optimize.least_squares
must,"If the argument x is complex or the function fun returns
complex residuals, it must be wrapped in a real function of real
arguments, as shown at the end of the Examples section.",https://docs.scipy.org/doc/scipy/reference/generated/scipy.optimize.least_squares.html#scipy.optimize.least_squares
only,"The scheme ‘cs’
uses complex steps, and while potentially the most accurate, it is
applicable only when fun correctly handles complex inputs and
can be analytically continued to the complex plane.",https://docs.scipy.org/doc/scipy/reference/generated/scipy.optimize.least_squares.html#scipy.optimize.least_squares
should,"If callable, it is used as
jac(x, *args, **kwargs) and should return a good approximation
(or the exact value) for the Jacobian as an array_like (np.",https://docs.scipy.org/doc/scipy/reference/generated/scipy.optimize.least_squares.html#scipy.optimize.least_squares
must,"Each array must match the size of x0 or be a scalar,
in the latter case a bound will be the same for all variables.",https://docs.scipy.org/doc/scipy/reference/generated/scipy.optimize.least_squares.html#scipy.optimize.least_squares
must,"Each array must match the size of x0 or be a scalar,
in the latter case a bound will be the same for all variables.",https://docs.scipy.org/doc/scipy/reference/generated/scipy.optimize.least_squares.html#scipy.optimize.least_squares
note,See Notes for more information.,https://docs.scipy.org/doc/scipy/reference/generated/scipy.optimize.least_squares.html#scipy.optimize.least_squares
must,"If ‘method’ is ‘lm’, this tolerance must be higher than
machine epsilon.",https://docs.scipy.org/doc/scipy/reference/generated/scipy.optimize.least_squares.html#scipy.optimize.least_squares
must,"If ‘method’ is ‘lm’, this tolerance must be higher than
machine epsilon.",https://docs.scipy.org/doc/scipy/reference/generated/scipy.optimize.least_squares.html#scipy.optimize.least_squares
must,"If ‘method’ is ‘lm’, this tolerance must be higher than
machine epsilon.",https://docs.scipy.org/doc/scipy/reference/generated/scipy.optimize.least_squares.html#scipy.optimize.least_squares
must,"If callable, it must take a 1-D ndarray z=f**2 and return an
array_like with shape (3, m) where row 0 contains function values,
row 1 contains first derivatives and row 2 contains second
derivatives.",https://docs.scipy.org/doc/scipy/reference/generated/scipy.optimize.least_squares.html#scipy.optimize.least_squares
only,Method ‘lm’ supports only ‘linear’ loss.,https://docs.scipy.org/doc/scipy/reference/generated/scipy.optimize.least_squares.html#scipy.optimize.least_squares
only,"Method for solving trust-region subproblems, relevant only for ‘trf’
and ‘dogbox’ methods.",https://docs.scipy.org/doc/scipy/reference/generated/scipy.optimize.least_squares.html#scipy.optimize.least_squares
only,"lsmr for finding a solution of a linear
least-squares problem and only requires matrix-vector product
evaluations.",https://docs.scipy.org/doc/scipy/reference/generated/scipy.optimize.least_squares.html#scipy.optimize.least_squares
only,"lsmr for finding a solution of a linear
least-squares problem and only requires matrix-vector product
evaluations.",https://docs.scipy.org/doc/scipy/reference/generated/scipy.optimize.least_squares.html#scipy.optimize.least_squares
must,"Defines the sparsity structure of the Jacobian matrix for finite
difference estimation, its shape must be (m, n).",https://docs.scipy.org/doc/scipy/reference/generated/scipy.optimize.least_squares.html#scipy.optimize.least_squares
only,"If the Jacobian has
only few non-zero elements in each row, providing the sparsity
structure will greatly speed up the computations [Curtis].",https://docs.scipy.org/doc/scipy/reference/generated/scipy.optimize.least_squares.html#scipy.optimize.least_squares
not support,"2 : display progress during iterations (not supported by ‘lm’
method).",https://docs.scipy.org/doc/scipy/reference/generated/scipy.optimize.least_squares.html#scipy.optimize.least_squares
not support,"2 : display progress during iterations (not supported by ‘lm’
method).",https://docs.scipy.org/doc/scipy/reference/generated/scipy.optimize.least_squares.html#scipy.optimize.least_squares
note,Notes,https://docs.scipy.org/doc/scipy/reference/generated/scipy.optimize.least_squares.html#scipy.optimize.least_squares
should,"It should be your first choice
for unconstrained problems.",https://docs.scipy.org/doc/scipy/reference/generated/scipy.optimize.least_squares.html#scipy.optimize.least_squares
note,Note that it doesn’t support bounds.,https://docs.scipy.org/doc/scipy/reference/generated/scipy.optimize.least_squares.html#scipy.optimize.least_squares
note,"Watson, Lecture
Notes in Mathematics 630, Springer Verlag, pp.",https://docs.scipy.org/doc/scipy/reference/generated/scipy.optimize.least_squares.html#scipy.optimize.least_squares
only,Notice that we only provide the vector of the residuals.,https://docs.scipy.org/doc/scipy/reference/generated/scipy.optimize.least_squares.html#scipy.optimize.least_squares
should,"1, meaning that inlier residuals should
not significantly exceed 0.",https://docs.scipy.org/doc/scipy/reference/generated/scipy.optimize.least_squares.html#scipy.optimize.least_squares
note,Release notes,https://docs.scipy.org/doc/scipy/reference/generated/scipy.optimize.minimize_scalar.html#scipy.optimize.minimize_scalar
must,"Scalar function, must return a scalar.",https://docs.scipy.org/doc/scipy/reference/generated/scipy.optimize.minimize_scalar.html#scipy.optimize.minimize_scalar
must,"For method ‘bounded’, bounds is mandatory and must have two finite
items corresponding to the optimization bounds.",https://docs.scipy.org/doc/scipy/reference/generated/scipy.optimize.minimize_scalar.html#scipy.optimize.minimize_scalar
note,See the ‘Notes’ section for details of each solver.,https://docs.scipy.org/doc/scipy/reference/generated/scipy.optimize.minimize_scalar.html#scipy.optimize.minimize_scalar
note,Notes,https://docs.scipy.org/doc/scipy/reference/generated/scipy.optimize.minimize_scalar.html#scipy.optimize.minimize_scalar
note,"Note that the Brent and Golden methods do not guarantee success unless a
valid bracket triple is provided.",https://docs.scipy.org/doc/scipy/reference/generated/scipy.optimize.minimize_scalar.html#scipy.optimize.minimize_scalar
only,"Also, all methods are intended
only for local minimization.",https://docs.scipy.org/doc/scipy/reference/generated/scipy.optimize.minimize_scalar.html#scipy.optimize.minimize_scalar
must,"The provided method callable must be able to accept (and possibly ignore)
arbitrary parameters; the set of parameters accepted by minimize may
expand in future versions and then these parameters will be passed to
the method.",https://docs.scipy.org/doc/scipy/reference/generated/scipy.optimize.minimize_scalar.html#scipy.optimize.minimize_scalar
note,Release notes,https://docs.scipy.org/doc/scipy/reference/generated/scipy.optimize.linprog.html#scipy.optimize.linprog
note,Note that by default lb = 0 and ub = None.,https://docs.scipy.org/doc/scipy/reference/generated/scipy.optimize.linprog.html#scipy.optimize.linprog
must,"Each element of A_eq @ x must equal
the corresponding element of b_eq.",https://docs.scipy.org/doc/scipy/reference/generated/scipy.optimize.linprog.html#scipy.optimize.linprog
must,"The callback function must accept a single
scipy.",https://docs.scipy.org/doc/scipy/reference/generated/scipy.optimize.linprog.html#scipy.optimize.linprog
only,"This argument is currently used only by the
‘revised simplex’ method, and can only be used if x0 represents a
basic feasible solution.",https://docs.scipy.org/doc/scipy/reference/generated/scipy.optimize.linprog.html#scipy.optimize.linprog
must,"1 : Integer variable; decision variable must be an integer
within bounds.",https://docs.scipy.org/doc/scipy/reference/generated/scipy.optimize.linprog.html#scipy.optimize.linprog
must,"2 : Semi-continuous variable; decision variable must be within
bounds or take value 0.",https://docs.scipy.org/doc/scipy/reference/generated/scipy.optimize.linprog.html#scipy.optimize.linprog
must,"3 : Semi-integer variable; decision variable must be an integer
within bounds or take value 0.",https://docs.scipy.org/doc/scipy/reference/generated/scipy.optimize.linprog.html#scipy.optimize.linprog
only,"This argument is currently used only by the 'highs' method and
ignored otherwise.",https://docs.scipy.org/doc/scipy/reference/generated/scipy.optimize.linprog.html#scipy.optimize.linprog
note,"Note that the return types of the fields may depend on whether
the optimization was successful, therefore it is recommended to check
OptimizeResult.",https://docs.scipy.org/doc/scipy/reference/generated/scipy.optimize.linprog.html#scipy.optimize.linprog
note,Notes,https://docs.scipy.org/doc/scipy/reference/generated/scipy.optimize.linprog.html#scipy.optimize.linprog
note,"Note, however, that the solution returned may be slightly less
accurate than those of the simplex methods and will not, in general,
correspond with a vertex of the polytope defined by the constraints.",https://docs.scipy.org/doc/scipy/reference/generated/scipy.optimize.linprog.html#scipy.optimize.linprog
note,"Note that presolve terminates
as soon as any sign of unboundedness is detected; consequently, a problem
may be reported as unbounded when in reality the problem is infeasible
(but infeasibility has not been detected yet).",https://docs.scipy.org/doc/scipy/reference/generated/scipy.optimize.linprog.html#scipy.optimize.linprog
note,"Note that rows that are nearly linearly dependent (within a
prescribed tolerance) may also be removed, which can change the optimal
solution in rare cases.",https://docs.scipy.org/doc/scipy/reference/generated/scipy.optimize.linprog.html#scipy.optimize.linprog
should,"Several potential improvements can be made here: additional presolve
checks outlined in [8] should be implemented, the presolve routine should
be run multiple times (until no further simplifications can be made), and
more of the efficiency improvements from [5] should be implemented in the
redundancy removal routines.",https://docs.scipy.org/doc/scipy/reference/generated/scipy.optimize.linprog.html#scipy.optimize.linprog
note,"” Unpublished Course Notes,
March 2004.",https://docs.scipy.org/doc/scipy/reference/generated/scipy.optimize.linprog.html#scipy.optimize.linprog
note,edu/courses/sloan-school-of-management/15-084j-nonlinear-programming-spring-2004/lecture-notes/lec14_int_pt_mthd.,https://docs.scipy.org/doc/scipy/reference/generated/scipy.optimize.linprog.html#scipy.optimize.linprog
note,"”
Unpublished Course Notes, August 26, 2005.",https://docs.scipy.org/doc/scipy/reference/generated/scipy.optimize.linprog.html#scipy.optimize.linprog
note,org/CourseNotes/Book%20B/B-III.,https://docs.scipy.org/doc/scipy/reference/generated/scipy.optimize.linprog.html#scipy.optimize.linprog
note,"Note also that the last
constraint is really the simple bound \(-3 \leq x_1 \leq \infty\).",https://docs.scipy.org/doc/scipy/reference/generated/scipy.optimize.linprog.html#scipy.optimize.linprog
must,"Finally, since there are no bounds on \(x_0\), we must explicitly
specify the bounds \(-\infty \leq x_0 \leq \infty\), as the
default is for variables to be non-negative.",https://docs.scipy.org/doc/scipy/reference/generated/scipy.optimize.linprog.html#scipy.optimize.linprog
note,Release notes,https://docs.scipy.org/doc/scipy/reference/generated/scipy.optimize.LinearConstraint.html#scipy.optimize.LinearConstraint
must,"Each array must have the
shape (m,) or be a scalar, in the latter case a bound will be the same
for all components of the constraint.",https://docs.scipy.org/doc/scipy/reference/generated/scipy.optimize.LinearConstraint.html#scipy.optimize.LinearConstraint
note,"Note that you can mix constraints of different types:
interval, one-sided or equality, by setting different components of
lb and ub as  necessary.",https://docs.scipy.org/doc/scipy/reference/generated/scipy.optimize.LinearConstraint.html#scipy.optimize.LinearConstraint
note,Release notes,https://docs.scipy.org/doc/scipy/reference/generated/scipy.optimize.NonlinearConstraint.html#scipy.optimize.NonlinearConstraint
must,"Each array must have the
shape (m,) or be a scalar, in the latter case a bound will be the same
for all components of the constraint.",https://docs.scipy.org/doc/scipy/reference/generated/scipy.optimize.NonlinearConstraint.html#scipy.optimize.NonlinearConstraint
note,"Note that you can mix constraints of different types:
interval, one-sided or equality, by setting different components of
lb and ub as  necessary.",https://docs.scipy.org/doc/scipy/reference/generated/scipy.optimize.NonlinearConstraint.html#scipy.optimize.NonlinearConstraint
must,"A callable must have the following signature:
jac(x) -> {ndarray, sparse matrix}, shape (m, n).",https://docs.scipy.org/doc/scipy/reference/generated/scipy.optimize.NonlinearConstraint.html#scipy.optimize.NonlinearConstraint
must,"A callable must return the Hessian matrix of dot(fun, v) and
must have the following signature:
hess(x, v) -> {LinearOperator, sparse matrix, array_like}, shape (n, n).",https://docs.scipy.org/doc/scipy/reference/generated/scipy.optimize.NonlinearConstraint.html#scipy.optimize.NonlinearConstraint
must,"Defines the sparsity structure of the Jacobian matrix for finite
difference estimation, its shape must be (m, n).",https://docs.scipy.org/doc/scipy/reference/generated/scipy.optimize.NonlinearConstraint.html#scipy.optimize.NonlinearConstraint
only,"If the Jacobian has
only few non-zero elements in each row, providing the sparsity
structure will greatly speed up the computations.",https://docs.scipy.org/doc/scipy/reference/generated/scipy.optimize.NonlinearConstraint.html#scipy.optimize.NonlinearConstraint
note,Notes,https://docs.scipy.org/doc/scipy/reference/generated/scipy.optimize.NonlinearConstraint.html#scipy.optimize.NonlinearConstraint
note,Release notes,https://docs.scipy.org/doc/scipy/reference/generated/scipy.optimize.Bounds.html#scipy.optimize.Bounds
must,"lb, ub, and
keep_feasible must be the same shape or broadcastable.",https://docs.scipy.org/doc/scipy/reference/generated/scipy.optimize.Bounds.html#scipy.optimize.Bounds
note,"Note that you can mix constraints of
different types: interval, one-sided or equality, by setting different
components of lb and ub as necessary.",https://docs.scipy.org/doc/scipy/reference/generated/scipy.optimize.Bounds.html#scipy.optimize.Bounds
must,Must be broadcastable with lb and ub.,https://docs.scipy.org/doc/scipy/reference/generated/scipy.optimize.Bounds.html#scipy.optimize.Bounds
note,Release notes,https://docs.scipy.org/doc/scipy/reference/generated/scipy.sparse.linalg.LinearOperator.html#scipy.sparse.linalg.LinearOperator
only,"Such solvers only require the computation of matrix vector
products, A*v where v is a dense vector.",https://docs.scipy.org/doc/scipy/reference/generated/scipy.sparse.linalg.LinearOperator.html#scipy.sparse.linalg.LinearOperator
must,"A subclass must implement either one of the methods _matvec
and _matmat, and the attributes/properties shape (pair of
integers) and dtype (may be None).",https://docs.scipy.org/doc/scipy/reference/generated/scipy.sparse.linalg.LinearOperator.html#scipy.sparse.linalg.LinearOperator
note,Notes,https://docs.scipy.org/doc/scipy/reference/generated/scipy.sparse.linalg.LinearOperator.html#scipy.sparse.linalg.LinearOperator
must,"The user-defined matvec() function must properly handle the case
where v has shape (N,) as well as the (N,1) case.",https://docs.scipy.org/doc/scipy/reference/generated/scipy.sparse.linalg.LinearOperator.html#scipy.sparse.linalg.LinearOperator
note,Release notes,https://docs.scipy.org/doc/scipy/reference/generated/scipy.optimize.HessianUpdateStrategy.html#scipy.optimize.HessianUpdateStrategy
should,"Four methods should be implemented in derived classes: initialize,
update, dot and get_matrix.",https://docs.scipy.org/doc/scipy/reference/generated/scipy.optimize.HessianUpdateStrategy.html#scipy.optimize.HessianUpdateStrategy
note,Notes,https://docs.scipy.org/doc/scipy/reference/generated/scipy.optimize.HessianUpdateStrategy.html#scipy.optimize.HessianUpdateStrategy
note,Release notes,https://docs.scipy.org/doc/scipy/reference/generated/scipy.optimize.BFGS.html#scipy.optimize.BFGS
note,Notes,https://docs.scipy.org/doc/scipy/reference/generated/scipy.optimize.BFGS.html#scipy.optimize.BFGS
note,Release notes,https://docs.scipy.org/doc/scipy/reference/generated/scipy.optimize.SR1.html#scipy.optimize.SR1
note,Notes,https://docs.scipy.org/doc/scipy/reference/generated/scipy.optimize.SR1.html#scipy.optimize.SR1
note,Release notes,https://docs.scipy.org/doc/scipy/reference/generated/scipy.optimize.shgo.html#scipy.optimize.shgo
must,"Must be in the form
f(x, *args), where x is the argument in the form of a 1-D array
and args is a tuple of any additional fixed parameters needed to
completely specify the function.",https://docs.scipy.org/doc/scipy/reference/generated/scipy.optimize.shgo.html#scipy.optimize.shgo
only,"Only for COBYLA, SLSQP and trust-constr.",https://docs.scipy.org/doc/scipy/reference/generated/scipy.optimize.shgo.html#scipy.optimize.shgo
note,Note,https://docs.scipy.org/doc/scipy/reference/generated/scipy.optimize.shgo.html#scipy.optimize.shgo
only,"Only COBYLA, SLSQP, and trust-constr local minimize methods
currently support constraint arguments.",https://docs.scipy.org/doc/scipy/reference/generated/scipy.optimize.shgo.html#scipy.optimize.shgo
only,COBYLA only supports inequality constraints.,https://docs.scipy.org/doc/scipy/reference/generated/scipy.optimize.shgo.html#scipy.optimize.shgo
note,"optionsdict, optionalNote that by default the tolerance is specified as
{ftol: 1e-12}",https://docs.scipy.org/doc/scipy/reference/generated/scipy.optimize.shgo.html#scipy.optimize.shgo
note,"Note that by default the tolerance is specified as
{ftol: 1e-12}",https://docs.scipy.org/doc/scipy/reference/generated/scipy.optimize.shgo.html#scipy.optimize.shgo
note,"(Note only methods that support this option will terminate
the routine at precisely exact specified value.",https://docs.scipy.org/doc/scipy/reference/generated/scipy.optimize.shgo.html#scipy.optimize.shgo
only,"(Note only methods that support this option will terminate
the routine at precisely exact specified value.",https://docs.scipy.org/doc/scipy/reference/generated/scipy.optimize.shgo.html#scipy.optimize.shgo
note,"(Note only methods that support this option will terminate
the routine at precisely exact specified value.",https://docs.scipy.org/doc/scipy/reference/generated/scipy.optimize.shgo.html#scipy.optimize.shgo
only,"(Note only methods that support this option will terminate
the routine at precisely exact specified value.",https://docs.scipy.org/doc/scipy/reference/generated/scipy.optimize.shgo.html#scipy.optimize.shgo
note,"Note that the global routine will also
terminate if a sampling point in the global routine is
within this tolerance.",https://docs.scipy.org/doc/scipy/reference/generated/scipy.optimize.shgo.html#scipy.optimize.shgo
note,"Note that the global routine will also
terminate if a sampling point in the global routine is
within this tolerance.",https://docs.scipy.org/doc/scipy/reference/generated/scipy.optimize.shgo.html#scipy.optimize.shgo
only,"Only for CG, BFGS,
Newton-CG, L-BFGS-B, TNC, SLSQP, dogleg, trust-ncg.",https://docs.scipy.org/doc/scipy/reference/generated/scipy.optimize.shgo.html#scipy.optimize.shgo
must,"In this case, it must accept the same
arguments as fun.",https://docs.scipy.org/doc/scipy/reference/generated/scipy.optimize.shgo.html#scipy.optimize.shgo
only,"Only for CG, BFGS,
Newton-CG, L-BFGS-B, TNC, SLSQP, dogleg, trust-ncg.",https://docs.scipy.org/doc/scipy/reference/generated/scipy.optimize.shgo.html#scipy.optimize.shgo
must,"In this case, it must accept the same
arguments as fun.",https://docs.scipy.org/doc/scipy/reference/generated/scipy.optimize.shgo.html#scipy.optimize.shgo
only,"Only for Newton-CG, dogleg, trust-ncg.",https://docs.scipy.org/doc/scipy/reference/generated/scipy.optimize.shgo.html#scipy.optimize.shgo
only,"Only one of hessp or
hess needs to be given.",https://docs.scipy.org/doc/scipy/reference/generated/scipy.optimize.shgo.html#scipy.optimize.shgo
must,"hessp must compute the Hessian
times an arbitrary vector.",https://docs.scipy.org/doc/scipy/reference/generated/scipy.optimize.shgo.html#scipy.optimize.shgo
only,"Only for Newton-CG, dogleg, trust-ncg.",https://docs.scipy.org/doc/scipy/reference/generated/scipy.optimize.shgo.html#scipy.optimize.shgo
only,"Only one of hessp or
hess needs to be given.",https://docs.scipy.org/doc/scipy/reference/generated/scipy.optimize.shgo.html#scipy.optimize.shgo
must,"hessp must compute the Hessian
times an arbitrary vector.",https://docs.scipy.org/doc/scipy/reference/generated/scipy.optimize.shgo.html#scipy.optimize.shgo
only,"If True then only the
final minimizer pool will be run.",https://docs.scipy.org/doc/scipy/reference/generated/scipy.optimize.shgo.html#scipy.optimize.shgo
only,"If True then only the
final minimizer pool will be run.",https://docs.scipy.org/doc/scipy/reference/generated/scipy.optimize.shgo.html#scipy.optimize.shgo
only,"local_iterintOnly evaluate a few of the best minimizer pool candidates every
iteration.",https://docs.scipy.org/doc/scipy/reference/generated/scipy.optimize.shgo.html#scipy.optimize.shgo
only,"Only evaluate a few of the best minimizer pool candidates every
iteration.",https://docs.scipy.org/doc/scipy/reference/generated/scipy.optimize.shgo.html#scipy.optimize.shgo
must,"User defined sampling functions must accept two arguments of n
sampling points of dimension dim per call and output an array of
sampling points with shape n x dim.",https://docs.scipy.org/doc/scipy/reference/generated/scipy.optimize.shgo.html#scipy.optimize.shgo
note,Notes,https://docs.scipy.org/doc/scipy/reference/generated/scipy.optimize.shgo.html#scipy.optimize.shgo
only,"While most of the theoretical advantages of SHGO are only proven for when
f(x) is a Lipschitz smooth function, the algorithm is also proven to
converge to the global optimum for the more general case where f(x) is
non-continuous, non-convex and non-smooth, if the default sampling method
is used [1].",https://docs.scipy.org/doc/scipy/reference/generated/scipy.optimize.shgo.html#scipy.optimize.shgo
note,"Hock, W and Schittkowski, K (1981) “Test examples for nonlinear
programming codes”, Lecture Notes in Economics and Mathematical
Systems, 187.",https://docs.scipy.org/doc/scipy/reference/generated/scipy.optimize.shgo.html#scipy.optimize.shgo
note,"Note that bounds determine the dimensionality of the objective
function and is therefore a required input, however you can specify
empty bounds using None or objects like np.",https://docs.scipy.org/doc/scipy/reference/generated/scipy.optimize.shgo.html#scipy.optimize.shgo
note,"Note the difference between, e.",https://docs.scipy.org/doc/scipy/reference/generated/scipy.optimize.shgo.html#scipy.optimize.shgo
only once,"In the first case the promising points contained in the minimiser pool
are processed only once.",https://docs.scipy.org/doc/scipy/reference/generated/scipy.optimize.shgo.html#scipy.optimize.shgo
only,"In the first case the promising points contained in the minimiser pool
are processed only once.",https://docs.scipy.org/doc/scipy/reference/generated/scipy.optimize.shgo.html#scipy.optimize.shgo
note,Release notes,https://docs.scipy.org/doc/scipy/reference/generated/scipy.optimize.brent.html#scipy.optimize.brent
note,Notes,https://docs.scipy.org/doc/scipy/reference/generated/scipy.optimize.brent.html#scipy.optimize.brent
note,Release notes,https://docs.scipy.org/doc/scipy/reference/generated/scipy.optimize.golden.html#scipy.optimize.golden
note,Notes,https://docs.scipy.org/doc/scipy/reference/generated/scipy.optimize.golden.html#scipy.optimize.golden
note,Release notes,https://docs.scipy.org/doc/scipy/reference/generated/scipy.optimize.bracket.html#scipy.optimize.bracket
note,See notes for conditions of a valid bracket.,https://docs.scipy.org/doc/scipy/reference/generated/scipy.optimize.bracket.html#scipy.optimize.bracket
note,Notes,https://docs.scipy.org/doc/scipy/reference/generated/scipy.optimize.bracket.html#scipy.optimize.bracket
must,"\(x_a < x_b < x_c\) or \(x_c < x_b < x_a\)) satisfying
\(f(x_b) ≤ f(x_a)\) and \(f(x_b) ≤ f(x_c)\), where one of the
inequalities must be satistfied strictly and all \(x_i\) must be
finite.",https://docs.scipy.org/doc/scipy/reference/generated/scipy.optimize.bracket.html#scipy.optimize.bracket
note,"Note that both initial points were to the right of the minimum, and the
third point was found in the “downhill” direction: the direction
in which the function appeared to be decreasing (to the left).",https://docs.scipy.org/doc/scipy/reference/generated/scipy.optimize.bracket.html#scipy.optimize.bracket
must,"The final points are strictly ordered, and the function value
at the middle point is less than the function values at the endpoints;
it follows that a minimum must lie within the bracket.",https://docs.scipy.org/doc/scipy/reference/generated/scipy.optimize.bracket.html#scipy.optimize.bracket
note,Release notes,https://docs.scipy.org/doc/scipy/reference/generated/scipy.optimize.basinhopping.html#scipy.optimize.basinhopping
should,"For best results T should be comparable to the
separation (in function value) between local minima.",https://docs.scipy.org/doc/scipy/reference/generated/scipy.optimize.basinhopping.html#scipy.optimize.basinhopping
only,"The random numbers
generated with this seed only affect the default Metropolis
accept_test and the default take_step.",https://docs.scipy.org/doc/scipy/reference/generated/scipy.optimize.basinhopping.html#scipy.optimize.basinhopping
note,Notes,https://docs.scipy.org/doc/scipy/reference/generated/scipy.optimize.basinhopping.html#scipy.optimize.basinhopping
should,"Ideally, it
should be comparable to the typical separation (in argument values) between
local minima of the function being optimized.",https://docs.scipy.org/doc/scipy/reference/generated/scipy.optimize.basinhopping.html#scipy.optimize.basinhopping
should,"So, for best results, T should to be comparable to the typical
difference (in function values) between local minima.",https://docs.scipy.org/doc/scipy/reference/generated/scipy.optimize.basinhopping.html#scipy.optimize.basinhopping
must,"Also, we must tell
the minimizer that our function returns both energy and gradient (Jacobian).",https://docs.scipy.org/doc/scipy/reference/generated/scipy.optimize.basinhopping.html#scipy.optimize.basinhopping
only,We’ll run it for only 10 basinhopping steps this time.,https://docs.scipy.org/doc/scipy/reference/generated/scipy.optimize.basinhopping.html#scipy.optimize.basinhopping
note,Release notes,https://docs.scipy.org/doc/scipy/reference/generated/scipy.optimize.brentq.html#scipy.optimize.brentq
should,"It should be easy to
understand the algorithm just by reading our code.",https://docs.scipy.org/doc/scipy/reference/generated/scipy.optimize.brentq.html#scipy.optimize.brentq
must,"The function \(f\)
must be continuous, and \(f(a)\) and \(f(b)\) must
have opposite signs.",https://docs.scipy.org/doc/scipy/reference/generated/scipy.optimize.brentq.html#scipy.optimize.brentq
must,"The
parameter must be positive.",https://docs.scipy.org/doc/scipy/reference/generated/scipy.optimize.brentq.html#scipy.optimize.brentq
must,Must be >= 0.,https://docs.scipy.org/doc/scipy/reference/generated/scipy.optimize.brentq.html#scipy.optimize.brentq
note,Notes,https://docs.scipy.org/doc/scipy/reference/generated/scipy.optimize.brentq.html#scipy.optimize.brentq
must,f must be continuous.,https://docs.scipy.org/doc/scipy/reference/generated/scipy.optimize.brentq.html#scipy.optimize.brentq
must,f(a) and f(b) must have opposite signs.,https://docs.scipy.org/doc/scipy/reference/generated/scipy.optimize.brentq.html#scipy.optimize.brentq
note,Release notes,https://docs.scipy.org/doc/scipy/reference/generated/scipy.optimize.newton.html#scipy.optimize.newton
must,"In this case, func must be vectorized to return a sequence or array of
the same shape as its first argument.",https://docs.scipy.org/doc/scipy/reference/generated/scipy.optimize.newton.html#scipy.optimize.newton
must,"If fprime (fprime2) is given,
then its return must also have the same shape: each element is the first
(second) derivative of func with respect to its only variable evaluated
at each element of its first argument.",https://docs.scipy.org/doc/scipy/reference/generated/scipy.optimize.newton.html#scipy.optimize.newton
only,"If fprime (fprime2) is given,
then its return must also have the same shape: each element is the first
(second) derivative of func with respect to its only variable evaluated
at each element of its first argument.",https://docs.scipy.org/doc/scipy/reference/generated/scipy.optimize.newton.html#scipy.optimize.newton
must,"It must be a function of a
single variable of the form f(x,a,b,c.",https://docs.scipy.org/doc/scipy/reference/generated/scipy.optimize.newton.html#scipy.optimize.newton
should,"An initial estimate of the root that should be somewhere near the
actual root.",https://docs.scipy.org/doc/scipy/reference/generated/scipy.optimize.newton.html#scipy.optimize.newton
must,"If not scalar, then func must be vectorized and return
a sequence or array of the same shape as its first argument.",https://docs.scipy.org/doc/scipy/reference/generated/scipy.optimize.newton.html#scipy.optimize.newton
should,"Another estimate of the root that should be somewhere near the
actual root.",https://docs.scipy.org/doc/scipy/reference/generated/scipy.optimize.newton.html#scipy.optimize.newton
note,"Note: this has little to do with displaying, however,
the `disp` keyword cannot be renamed for backwards compatibility.",https://docs.scipy.org/doc/scipy/reference/generated/scipy.optimize.newton.html#scipy.optimize.newton
note,Notes,https://docs.scipy.org/doc/scipy/reference/generated/scipy.optimize.newton.html#scipy.optimize.newton
should,"Consequently, the result should be verified.",https://docs.scipy.org/doc/scipy/reference/generated/scipy.optimize.newton.html#scipy.optimize.newton
only,"Only fprime is provided, use the Newton-Raphson method:",https://docs.scipy.org/doc/scipy/reference/generated/scipy.optimize.newton.html#scipy.optimize.newton
note,Release notes,https://docs.scipy.org/doc/scipy/reference/generated/scipy.optimize.fixed_point.html#scipy.optimize.fixed_point
note,Release notes,https://docs.scipy.org/doc/scipy/reference/generated/scipy.optimize.root.html#scipy.optimize.root
must,"In
this case, it must accept the same arguments as fun.",https://docs.scipy.org/doc/scipy/reference/generated/scipy.optimize.root.html#scipy.optimize.root
note,Notes,https://docs.scipy.org/doc/scipy/reference/generated/scipy.optimize.root.html#scipy.optimize.root
warning,Warning,https://docs.scipy.org/doc/scipy/reference/generated/scipy.optimize.root.html#scipy.optimize.root
note,Release notes,https://docs.scipy.org/doc/scipy/reference/generated/scipy.sparse.linalg.splu.html#scipy.sparse.linalg.splu
note,Notes,https://docs.scipy.org/doc/scipy/reference/generated/scipy.sparse.linalg.splu.html#scipy.sparse.linalg.splu
note,Release notes,https://docs.scipy.org/doc/scipy/reference/generated/scipy.sparse.linalg.spilu.html#scipy.sparse.linalg.spilu
note,Notes,https://docs.scipy.org/doc/scipy/reference/generated/scipy.sparse.linalg.spilu.html#scipy.sparse.linalg.spilu
note,Release notes,https://docs.scipy.org/doc/scipy/reference/generated/scipy.optimize.linear_sum_assignment.html#scipy.optimize.linear_sum_assignment
note,Notes,https://docs.scipy.org/doc/scipy/reference/generated/scipy.optimize.linear_sum_assignment.html#scipy.optimize.linear_sum_assignment
note,Release notes,https://docs.scipy.org/doc/scipy/reference/generated/scipy.optimize.milp.html#scipy.optimize.milp
must,"where \(x\) is a vector of decision variables;
\(c\), \(b_l\), \(b_u\), \(l\), and \(u\) are vectors;
\(A\) is a matrix, and \(X_i\) is the set of indices of
decision variables that must be integral.",https://docs.scipy.org/doc/scipy/reference/generated/scipy.optimize.milp.html#scipy.optimize.milp
only,"(In this context, a
variable that can assume only integer values is said to be “integral”;
it has an “integrality” constraint.",https://docs.scipy.org/doc/scipy/reference/generated/scipy.optimize.milp.html#scipy.optimize.milp
must,"1 : Integer variable; decision variable must be an integer
within bounds.",https://docs.scipy.org/doc/scipy/reference/generated/scipy.optimize.milp.html#scipy.optimize.milp
must,"2 : Semi-continuous variable; decision variable must be within
bounds or take value 0.",https://docs.scipy.org/doc/scipy/reference/generated/scipy.optimize.milp.html#scipy.optimize.milp
must,"3 : Semi-integer variable; decision variable must be an integer
within bounds or take value 0.",https://docs.scipy.org/doc/scipy/reference/generated/scipy.optimize.milp.html#scipy.optimize.milp
note,Notes,https://docs.scipy.org/doc/scipy/reference/generated/scipy.optimize.milp.html#scipy.optimize.milp
note,"Note the negative sign: we maximize the original objective function
by minimizing the negative of the objective function.",https://docs.scipy.org/doc/scipy/reference/generated/scipy.optimize.milp.html#scipy.optimize.milp
only,"linprog, which only accepts
“less than” (or “upper bound”) inequality constraints of the form
A_ub @ x <= b_u.",https://docs.scipy.org/doc/scipy/reference/generated/scipy.optimize.milp.html#scipy.optimize.milp
must,"Finally, the problem states that both decision variables must be integers:",https://docs.scipy.org/doc/scipy/reference/generated/scipy.optimize.milp.html#scipy.optimize.milp
note,"Note that had we solved the relaxed problem (without integrality
constraints):",https://docs.scipy.org/doc/scipy/reference/generated/scipy.optimize.milp.html#scipy.optimize.milp
note,Release notes,https://docs.scipy.org/doc/scipy/tutorial/interpolate/1D.html
note,"Note that the first and second derivatives are continuous by construction, and
the third derivative jumps at data points.",https://docs.scipy.org/doc/scipy/tutorial/interpolate/1D.html
only once,"In these situations, an alternative is to use the so-called
monotone cubic interpolants: these are constructed to be only once
continuously differentiable, and attempt to preserve the local shape implied
by the data.",https://docs.scipy.org/doc/scipy/tutorial/interpolate/1D.html
only,"In these situations, an alternative is to use the so-called
monotone cubic interpolants: these are constructed to be only once
continuously differentiable, and attempt to preserve the local shape implied
by the data.",https://docs.scipy.org/doc/scipy/tutorial/interpolate/1D.html
note,"Note that by specifying k=3 in the make_interp_spline call, we requested
a cubic spline (this is the default, so k=3 could have been omitted); the
derivative of a cubic is a quadratic:",https://docs.scipy.org/doc/scipy/tutorial/interpolate/1D.html
note,"Note that
this construction readily generalizes to higher dimensions where
\(\mathbf{p}_j\) are points in an N-dimensional space.",https://docs.scipy.org/doc/scipy/tutorial/interpolate/1D.html
note,Note,https://docs.scipy.org/doc/scipy/tutorial/interpolate/1D.html
note,We note that scipy.,https://docs.scipy.org/doc/scipy/tutorial/interpolate/1D.html
not support,"interpolate does not support interpolation with missing
data.",https://docs.scipy.org/doc/scipy/tutorial/interpolate/1D.html
note,Release notes,https://docs.scipy.org/doc/scipy/tutorial/interpolate/splines_and_polynomials.html
only,"In general, PPoly objects can represent polynomials of
arbitrary orders, not only cubics.",https://docs.scipy.org/doc/scipy/tutorial/interpolate/splines_and_polynomials.html
note,"Note that the second form above evaluates the derivative in place, while with
the dspl object, we can find the zeros of the derivative of spl:",https://docs.scipy.org/doc/scipy/tutorial/interpolate/splines_and_polynomials.html
note,"Note that by default it computed the roots extrapolated to the outside of
the interpolation interval \(0 \leqslant x \leqslant 10\), and that
the extrapolated results (the first and last values) are much less accurate.",https://docs.scipy.org/doc/scipy/tutorial/interpolate/splines_and_polynomials.html
only,"basis_element is essentially a shorthand for constructing a spline
with only a single non-zero coefficient.",https://docs.scipy.org/doc/scipy/tutorial/interpolate/splines_and_polynomials.html
note,Release notes,https://docs.scipy.org/doc/scipy/tutorial/interpolate/smoothing_splines.html
note,"Note that the limit s = 0 corresponds to the interpolation problem where
\(g(x_j) = y_j\).",https://docs.scipy.org/doc/scipy/tutorial/interpolate/smoothing_splines.html
only,"The
first two arguments are the only ones required, and these provide the
\(x\) and \(y\) components of the curve.",https://docs.scipy.org/doc/scipy/tutorial/interpolate/smoothing_splines.html
only,"For this function only 1 input argument is
required.",https://docs.scipy.org/doc/scipy/tutorial/interpolate/smoothing_splines.html
note,"Note that the knots, t correspond to the
parametrization of the curve u.",https://docs.scipy.org/doc/scipy/tutorial/interpolate/smoothing_splines.html
should,"Therefore, if no smoothing is desired a value of
\(\mathbf{s}=0\) should be passed to the routines.",https://docs.scipy.org/doc/scipy/tutorial/interpolate/smoothing_splines.html
note,Also note that the extrapolated values vary wildly depending on the value of s.,https://docs.scipy.org/doc/scipy/tutorial/interpolate/smoothing_splines.html
note,Note that the last line is equivalent to BSpline(*tck)(xnew).,https://docs.scipy.org/doc/scipy/tutorial/interpolate/smoothing_splines.html
note,"Note that in the last example, splprep returns the spline coefficients as a
list of arrays, where each array corresponds to a dimension of the input data.",https://docs.scipy.org/doc/scipy/tutorial/interpolate/smoothing_splines.html
should,"The class defines __call__, allowing the object
to be called with the x-axis values, at which the spline should be
evaluated, returning the interpolated y-values.",https://docs.scipy.org/doc/scipy/tutorial/interpolate/smoothing_splines.html
note,See the note below however.,https://docs.scipy.org/doc/scipy/tutorial/interpolate/smoothing_splines.html
note,Note,https://docs.scipy.org/doc/scipy/tutorial/interpolate/smoothing_splines.html
note,Note,https://docs.scipy.org/doc/scipy/tutorial/interpolate/smoothing_splines.html
should,"If these are taken as \(1/d_i\),
with \(d_i\) an estimate of the standard deviation of \(z_i\), a
good value of \(s\) should be found in the range \(m- \sqrt{2m}, m +
\sqrt{2m}\), where where \(m\) is the number of data points in the x,
y, and z vectors.",https://docs.scipy.org/doc/scipy/tutorial/interpolate/smoothing_splines.html
should,"As a result, if no smoothing is
desired, then ``s=0`` should be passed to `bisplrep`.",https://docs.scipy.org/doc/scipy/tutorial/interpolate/smoothing_splines.html
note,(See however the note above).,https://docs.scipy.org/doc/scipy/tutorial/interpolate/smoothing_splines.html
note,Note,https://docs.scipy.org/doc/scipy/tutorial/interpolate/smoothing_splines.html
note,"It is important to note that 2-D interpolation should not
be used to find the spline representation of images.",https://docs.scipy.org/doc/scipy/tutorial/interpolate/smoothing_splines.html
should,"It is important to note that 2-D interpolation should not
be used to find the spline representation of images.",https://docs.scipy.org/doc/scipy/tutorial/interpolate/smoothing_splines.html
warning,"Finally, we had to silence the warnings (which is a bad form, yes!",https://docs.scipy.org/doc/scipy/tutorial/interpolate/smoothing_splines.html
warning,"The warning here is emitted in the s=0 case, and signals an internal difficulty
FITPACK encountered when we forced the interpolation condition.",https://docs.scipy.org/doc/scipy/tutorial/interpolate/smoothing_splines.html
warning,"If you see
this warning in your code, consider switching to bisplrep and increase its
nxest, nyest parameters (see the bisplrep docstring for more details).",https://docs.scipy.org/doc/scipy/tutorial/interpolate/smoothing_splines.html
note,Release notes,https://docs.scipy.org/doc/scipy/tutorial/interpolate/ND_regular_grid.html
only,Suppose we only know some data on a regular grid.,https://docs.scipy.org/doc/scipy/tutorial/interpolate/ND_regular_grid.html
note,Note,https://docs.scipy.org/doc/scipy/tutorial/interpolate/ND_regular_grid.html
note,Note that the example above uses the map_coordinates boundary conditions.,https://docs.scipy.org/doc/scipy/tutorial/interpolate/ND_regular_grid.html
note,"Finally, we note that this simplified example assumes that the input data is
given in the ascending order.",https://docs.scipy.org/doc/scipy/tutorial/interpolate/ND_regular_grid.html
note,Release notes,https://docs.scipy.org/doc/scipy/tutorial/interpolate/ND_unstructured.html
only,"Suppose you have multidimensional data, for instance, for an underlying
function \(f(x, y)\) you only know the values at points (x[i], y[i])
that do not form a regular grid.",https://docs.scipy.org/doc/scipy/tutorial/interpolate/ND_unstructured.html
only,but we only know its values at 1000 data points:,https://docs.scipy.org/doc/scipy/tutorial/interpolate/ND_unstructured.html
note,Note,https://docs.scipy.org/doc/scipy/tutorial/interpolate/ND_unstructured.html
note,Note,https://docs.scipy.org/doc/scipy/tutorial/interpolate/ND_unstructured.html
should,"Radial basis functions can be used for smoothing/interpolating scattered
data in N dimensions, but should be used with caution for extrapolation
outside of the observed data range.",https://docs.scipy.org/doc/scipy/tutorial/interpolate/ND_unstructured.html
note,Release notes,https://docs.scipy.org/doc/scipy/tutorial/interpolate/extrapolation_examples.html
only,"This is of course
to be expected: an interpolant only knows the data within the data
domain.",https://docs.scipy.org/doc/scipy/tutorial/interpolate/extrapolation_examples.html
must,"For multidimensional y, these elements must have the
same shape as y or be broadcastable to it.",https://docs.scipy.org/doc/scipy/tutorial/interpolate/extrapolation_examples.html
only,"This expectation is
too strong: each boundary condition sets the derivatives at a single
point, at the boundary only.",https://docs.scipy.org/doc/scipy/tutorial/interpolate/extrapolation_examples.html
only,"One other way of seeing why this expectation is too strong is to
consider a dataset with only three data points, where the spline has two
polynomial pieces.",https://docs.scipy.org/doc/scipy/tutorial/interpolate/extrapolation_examples.html
only,"bc_type=""clamped"" shows a similar behavior: first derivatives are only
equal to zero exactly at the boundary.",https://docs.scipy.org/doc/scipy/tutorial/interpolate/extrapolation_examples.html
only,"For simplicity, let’s only
consider \(x\in (0, \pi/2)\).",https://docs.scipy.org/doc/scipy/tutorial/interpolate/extrapolation_examples.html
note,"Note that for \(a=3\), spl(0) agrees with the brentq call
above, while for \(a = 93\), the difference is substantial.",https://docs.scipy.org/doc/scipy/tutorial/interpolate/extrapolation_examples.html
note,"Looking at the original equation, we note that for \(x\to 0\),
\(\tan(x) = x + O(x^3)\), and the original equation becomes",https://docs.scipy.org/doc/scipy/tutorial/interpolate/extrapolation_examples.html
note,Note that this implementation is intentionally pared down.,https://docs.scipy.org/doc/scipy/tutorial/interpolate/extrapolation_examples.html
only,"Also in this example we artificially limited the problem to only
consider a single periodicity interval of the tan function, and only
dealt with \(a > 0\).",https://docs.scipy.org/doc/scipy/tutorial/interpolate/extrapolation_examples.html
note,Release notes,https://docs.scipy.org/doc/scipy/reference/generated/scipy.interpolate.CubicSpline.html#scipy.interpolate.CubicSpline
must,"Values must be real, finite and in strictly increasing order.",https://docs.scipy.org/doc/scipy/reference/generated/scipy.interpolate.CubicSpline.html#scipy.interpolate.CubicSpline
must,"It can have
arbitrary number of dimensions, but the length along axis
(see below) must match the length of x.",https://docs.scipy.org/doc/scipy/reference/generated/scipy.interpolate.CubicSpline.html#scipy.interpolate.CubicSpline
must,Values must be finite.,https://docs.scipy.org/doc/scipy/reference/generated/scipy.interpolate.CubicSpline.html#scipy.interpolate.CubicSpline
must,"The first and last value of y must be
identical: y[0] == y[-1].",https://docs.scipy.org/doc/scipy/reference/generated/scipy.interpolate.CubicSpline.html#scipy.interpolate.CubicSpline
must,"The first and last value of y must be
identical: y[0] == y[-1].",https://docs.scipy.org/doc/scipy/reference/generated/scipy.interpolate.CubicSpline.html#scipy.interpolate.CubicSpline
must,"deriv_value: array_like containing derivative values, shape must
be the same as y, excluding axis dimension.",https://docs.scipy.org/doc/scipy/reference/generated/scipy.interpolate.CubicSpline.html#scipy.interpolate.CubicSpline
must,"For example, if
y is 1-D, then deriv_value must be a scalar.",https://docs.scipy.org/doc/scipy/reference/generated/scipy.interpolate.CubicSpline.html#scipy.interpolate.CubicSpline
must,"If y is 3-D with
the shape (n0, n1, n2) and axis=2, then deriv_value must be 2-D
and have the shape (n0, n1).",https://docs.scipy.org/doc/scipy/reference/generated/scipy.interpolate.CubicSpline.html#scipy.interpolate.CubicSpline
must,"deriv_value: array_like containing derivative values, shape must
be the same as y, excluding axis dimension.",https://docs.scipy.org/doc/scipy/reference/generated/scipy.interpolate.CubicSpline.html#scipy.interpolate.CubicSpline
must,"For example, if
y is 1-D, then deriv_value must be a scalar.",https://docs.scipy.org/doc/scipy/reference/generated/scipy.interpolate.CubicSpline.html#scipy.interpolate.CubicSpline
must,"If y is 3-D with
the shape (n0, n1, n2) and axis=2, then deriv_value must be 2-D
and have the shape (n0, n1).",https://docs.scipy.org/doc/scipy/reference/generated/scipy.interpolate.CubicSpline.html#scipy.interpolate.CubicSpline
note,Notes,https://docs.scipy.org/doc/scipy/reference/generated/scipy.interpolate.CubicSpline.html#scipy.interpolate.CubicSpline
only,"the
former controls only construction of a spline, and the latter only
evaluation.",https://docs.scipy.org/doc/scipy/reference/generated/scipy.interpolate.CubicSpline.html#scipy.interpolate.CubicSpline
only,"You can see that the spline continuity property holds for the first and
second derivatives and violates only for the third derivative.",https://docs.scipy.org/doc/scipy/reference/generated/scipy.interpolate.CubicSpline.html#scipy.interpolate.CubicSpline
note,"Note that a circle cannot be exactly represented by a cubic
spline.",https://docs.scipy.org/doc/scipy/reference/generated/scipy.interpolate.CubicSpline.html#scipy.interpolate.CubicSpline
note,"Note that y’ = 3 * x**2 and thus y’(0) = 0 and
y’(1) = 3.",https://docs.scipy.org/doc/scipy/reference/generated/scipy.interpolate.CubicSpline.html#scipy.interpolate.CubicSpline
note,Release notes,https://docs.scipy.org/doc/scipy/reference/generated/scipy.interpolate.PchipInterpolator.html#scipy.interpolate.PchipInterpolator
must,"y’s length along the interpolation
axis must be equal to the length of x.",https://docs.scipy.org/doc/scipy/reference/generated/scipy.interpolate.PchipInterpolator.html#scipy.interpolate.PchipInterpolator
note,Notes,https://docs.scipy.org/doc/scipy/reference/generated/scipy.interpolate.PchipInterpolator.html#scipy.interpolate.PchipInterpolator
note,Release notes,https://docs.scipy.org/doc/scipy/reference/generated/scipy.interpolate.make_interp_spline.html#scipy.interpolate.make_interp_spline
must,"Specifically, nt - n must
equal len(deriv_l) + len(deriv_r).",https://docs.scipy.org/doc/scipy/reference/generated/scipy.interpolate.make_interp_spline.html#scipy.interpolate.make_interp_spline
must,"Otherwise, it must be a length-two tuple where the first
element (deriv_l) sets the boundary conditions at x[0] and
the second element (deriv_r) sets the boundary conditions at
x[-1].",https://docs.scipy.org/doc/scipy/reference/generated/scipy.interpolate.make_interp_spline.html#scipy.interpolate.make_interp_spline
must,"Each of these must be an iterable of pairs
(order, value) which gives the values of derivatives of specified
orders at the given edge of the interpolation interval.",https://docs.scipy.org/doc/scipy/reference/generated/scipy.interpolate.make_interp_spline.html#scipy.interpolate.make_interp_spline
only,Whether to check that the input arrays contain only finite numbers.,https://docs.scipy.org/doc/scipy/reference/generated/scipy.interpolate.make_interp_spline.html#scipy.interpolate.make_interp_spline
note,Note that the default is a cubic spline with a not-a-knot boundary condition,https://docs.scipy.org/doc/scipy/reference/generated/scipy.interpolate.make_interp_spline.html#scipy.interpolate.make_interp_spline
note,"Evaluate the interpolant on a finer grid (note that we transpose the result
to unpack it into a pair of x- and y-arrays)",https://docs.scipy.org/doc/scipy/reference/generated/scipy.interpolate.make_interp_spline.html#scipy.interpolate.make_interp_spline
note,Release notes,https://docs.scipy.org/doc/scipy/reference/generated/scipy.interpolate.interp1d.html#scipy.interpolate.interp1d
must,"The length of y along the interpolation
axis must be equal to the length of x.",https://docs.scipy.org/doc/scipy/reference/generated/scipy.interpolate.interp1d.html#scipy.interpolate.interp1d
must,"The array-like must broadcast properly to the
dimensions of the non-interpolation axes.",https://docs.scipy.org/doc/scipy/reference/generated/scipy.interpolate.interp1d.html#scipy.interpolate.interp1d
must,"The array-like must broadcast properly to the
dimensions of the non-interpolation axes.",https://docs.scipy.org/doc/scipy/reference/generated/scipy.interpolate.interp1d.html#scipy.interpolate.interp1d
note,Notes,https://docs.scipy.org/doc/scipy/reference/generated/scipy.interpolate.interp1d.html#scipy.interpolate.interp1d
must,"Input values x and y must be convertible to float values like
int or float.",https://docs.scipy.org/doc/scipy/reference/generated/scipy.interpolate.interp1d.html#scipy.interpolate.interp1d
note,Release notes,https://docs.scipy.org/doc/scipy/reference/generated/scipy.interpolate.RegularGridInterpolator.html#scipy.interpolate.RegularGridInterpolator
must,"The data must be defined on a rectilinear grid; that is, a rectangular
grid with even or uneven spacing.",https://docs.scipy.org/doc/scipy/reference/generated/scipy.interpolate.RegularGridInterpolator.html#scipy.interpolate.RegularGridInterpolator
must,"every elements of the points tuple) must be
strictly ascending or descending.",https://docs.scipy.org/doc/scipy/reference/generated/scipy.interpolate.RegularGridInterpolator.html#scipy.interpolate.RegularGridInterpolator
note,Notes,https://docs.scipy.org/doc/scipy/reference/generated/scipy.interpolate.RegularGridInterpolator.html#scipy.interpolate.RegularGridInterpolator
note,"“A note on piecewise linear
and multilinear table interpolation in many dimensions.",https://docs.scipy.org/doc/scipy/reference/generated/scipy.interpolate.RegularGridInterpolator.html#scipy.interpolate.RegularGridInterpolator
note,Release notes,https://docs.scipy.org/doc/scipy/reference/generated/scipy.interpolate.NearestNDInterpolator.html#scipy.interpolate.NearestNDInterpolator
note,Notes,https://docs.scipy.org/doc/scipy/reference/generated/scipy.interpolate.NearestNDInterpolator.html#scipy.interpolate.NearestNDInterpolator
note,Note,https://docs.scipy.org/doc/scipy/reference/generated/scipy.interpolate.NearestNDInterpolator.html#scipy.interpolate.NearestNDInterpolator
note,Release notes,https://docs.scipy.org/doc/scipy/reference/generated/scipy.interpolate.griddata.html#scipy.interpolate.griddata
note,Notes,https://docs.scipy.org/doc/scipy/reference/generated/scipy.interpolate.griddata.html#scipy.interpolate.griddata
note,Note,https://docs.scipy.org/doc/scipy/reference/generated/scipy.interpolate.griddata.html#scipy.interpolate.griddata
only,but we only know its values at 1000 data points:,https://docs.scipy.org/doc/scipy/reference/generated/scipy.interpolate.griddata.html#scipy.interpolate.griddata
note,Release notes,https://docs.scipy.org/doc/scipy/reference/generated/scipy.interpolate.LinearNDInterpolator.html#scipy.interpolate.LinearNDInterpolator
must,"The length of values along the
first axis must be equal to the length of points.",https://docs.scipy.org/doc/scipy/reference/generated/scipy.interpolate.LinearNDInterpolator.html#scipy.interpolate.LinearNDInterpolator
note,Notes,https://docs.scipy.org/doc/scipy/reference/generated/scipy.interpolate.LinearNDInterpolator.html#scipy.interpolate.LinearNDInterpolator
note,Note,https://docs.scipy.org/doc/scipy/reference/generated/scipy.interpolate.LinearNDInterpolator.html#scipy.interpolate.LinearNDInterpolator
note,Release notes,https://docs.scipy.org/doc/scipy/reference/generated/scipy.interpolate.CloughTocher2DInterpolator.html#scipy.interpolate.CloughTocher2DInterpolator
must,"The length of values along the
first axis must be equal to the length of points.",https://docs.scipy.org/doc/scipy/reference/generated/scipy.interpolate.CloughTocher2DInterpolator.html#scipy.interpolate.CloughTocher2DInterpolator
note,Notes,https://docs.scipy.org/doc/scipy/reference/generated/scipy.interpolate.CloughTocher2DInterpolator.html#scipy.interpolate.CloughTocher2DInterpolator
note,Note,https://docs.scipy.org/doc/scipy/reference/generated/scipy.interpolate.CloughTocher2DInterpolator.html#scipy.interpolate.CloughTocher2DInterpolator
note,Release notes,https://docs.scipy.org/doc/scipy/reference/generated/scipy.interpolate.RBFInterpolator.html#scipy.interpolate.RBFInterpolator
must,"The length of d along the first
axis must be equal to the length of y.",https://docs.scipy.org/doc/scipy/reference/generated/scipy.interpolate.RBFInterpolator.html#scipy.interpolate.RBFInterpolator
only,"If specified, the value of the interpolant at each evaluation point
will be computed using only this many nearest data points.",https://docs.scipy.org/doc/scipy/reference/generated/scipy.interpolate.RBFInterpolator.html#scipy.interpolate.RBFInterpolator
must,"Otherwise, this must be specified.",https://docs.scipy.org/doc/scipy/reference/generated/scipy.interpolate.RBFInterpolator.html#scipy.interpolate.RBFInterpolator
note,Notes,https://docs.scipy.org/doc/scipy/reference/generated/scipy.interpolate.RBFInterpolator.html#scipy.interpolate.RBFInterpolator
must,\(P(y)\) must have full column rank.,https://docs.scipy.org/doc/scipy/reference/generated/scipy.interpolate.RBFInterpolator.html#scipy.interpolate.RBFInterpolator
must,\(P(y)\) must have full column rank.,https://docs.scipy.org/doc/scipy/reference/generated/scipy.interpolate.RBFInterpolator.html#scipy.interpolate.RBFInterpolator
must,"If kernel is ‘multiquadric’, ‘linear’, ‘thin_plate_spline’,
‘cubic’, or ‘quintic’, then degree must not be lower than the
minimum value listed above.",https://docs.scipy.org/doc/scipy/reference/generated/scipy.interpolate.RBFInterpolator.html#scipy.interpolate.RBFInterpolator
must,"If kernel is ‘multiquadric’, ‘linear’, ‘thin_plate_spline’,
‘cubic’, or ‘quintic’, then degree must not be lower than the
minimum value listed above.",https://docs.scipy.org/doc/scipy/reference/generated/scipy.interpolate.RBFInterpolator.html#scipy.interpolate.RBFInterpolator
must,"If smoothing is 0, then each data point location must be distinct.",https://docs.scipy.org/doc/scipy/reference/generated/scipy.interpolate.RBFInterpolator.html#scipy.interpolate.RBFInterpolator
must,"If smoothing is 0, then each data point location must be distinct.",https://docs.scipy.org/doc/scipy/reference/generated/scipy.interpolate.RBFInterpolator.html#scipy.interpolate.RBFInterpolator
must,"When using an RBF that is not scale invariant (‘multiquadric’,
‘inverse_multiquadric’, ‘inverse_quadratic’, or ‘gaussian’), an appropriate
shape parameter must be chosen (e.",https://docs.scipy.org/doc/scipy/reference/generated/scipy.interpolate.RBFInterpolator.html#scipy.interpolate.RBFInterpolator
only,"To overcome memory limitations for large interpolation problems, the
neighbors argument can be specified to compute an RBF interpolant for
each evaluation point using only the nearest data points.",https://docs.scipy.org/doc/scipy/reference/generated/scipy.interpolate.RBFInterpolator.html#scipy.interpolate.RBFInterpolator
note,Release notes,https://docs.scipy.org/doc/scipy/reference/generated/scipy.fft.fft.html#scipy.fft.fft
note,See the notes below for more details.,https://docs.scipy.org/doc/scipy/reference/generated/scipy.fft.fft.html#scipy.fft.fft
note,Notes,https://docs.scipy.org/doc/scipy/reference/generated/scipy.fft.fft.html#scipy.fft.fft
only,"To increase efficiency
a little further, use rfft, which does the same calculation, but only
outputs half of the symmetrical spectrum.",https://docs.scipy.org/doc/scipy/reference/generated/scipy.fft.fft.html#scipy.fft.fft
warning,"You should not
rely on the contents of x after the transform as this may change in
future without warning.",https://docs.scipy.org/doc/scipy/reference/generated/scipy.fft.fft.html#scipy.fft.fft
should,"You should not
rely on the contents of x after the transform as this may change in
future without warning.",https://docs.scipy.org/doc/scipy/reference/generated/scipy.fft.fft.html#scipy.fft.fft
must,"So, x must be at least 2-D and the
non-transformed axes must be large enough to split into chunks.",https://docs.scipy.org/doc/scipy/reference/generated/scipy.fft.fft.html#scipy.fft.fft
note,Release notes,https://docs.scipy.org/doc/scipy/reference/generated/scipy.fft.ifft.html#scipy.fft.ifft
should,"The input should be ordered in the same way as is returned by fft,
i.",https://docs.scipy.org/doc/scipy/reference/generated/scipy.fft.ifft.html#scipy.fft.ifft
should,"x[0] should contain the zero frequency term,",https://docs.scipy.org/doc/scipy/reference/generated/scipy.fft.ifft.html#scipy.fft.ifft
should,"x[0] should contain the zero frequency term,",https://docs.scipy.org/doc/scipy/reference/generated/scipy.fft.ifft.html#scipy.fft.ifft
should,"x[1:n//2] should contain the positive-frequency terms,",https://docs.scipy.org/doc/scipy/reference/generated/scipy.fft.ifft.html#scipy.fft.ifft
should,"x[1:n//2] should contain the positive-frequency terms,",https://docs.scipy.org/doc/scipy/reference/generated/scipy.fft.ifft.html#scipy.fft.ifft
should,"x[n//2 + 1:] should contain the negative-frequency terms, in
increasing order starting from the most negative frequency.",https://docs.scipy.org/doc/scipy/reference/generated/scipy.fft.ifft.html#scipy.fft.ifft
should,"x[n//2 + 1:] should contain the negative-frequency terms, in
increasing order starting from the most negative frequency.",https://docs.scipy.org/doc/scipy/reference/generated/scipy.fft.ifft.html#scipy.fft.ifft
note,See notes about padding issues.,https://docs.scipy.org/doc/scipy/reference/generated/scipy.fft.ifft.html#scipy.fft.ifft
note,Notes,https://docs.scipy.org/doc/scipy/reference/generated/scipy.fft.ifft.html#scipy.fft.ifft
must,"If a different padding is
desired, it must be performed before calling ifft.",https://docs.scipy.org/doc/scipy/reference/generated/scipy.fft.ifft.html#scipy.fft.ifft
note,Release notes,https://docs.scipy.org/doc/scipy/reference/generated/scipy.fft.fftfreq.html#scipy.fft.fftfreq
only,Only valid when xp.,https://docs.scipy.org/doc/scipy/reference/generated/scipy.fft.fftfreq.html#scipy.fft.fftfreq
note,Release notes,https://docs.scipy.org/doc/scipy/reference/generated/scipy.fft.fftshift.html#scipy.fft.fftshift
note,Note that y[0] is the Nyquist component only if len(x) is even.,https://docs.scipy.org/doc/scipy/reference/generated/scipy.fft.fftshift.html#scipy.fft.fftshift
only,Note that y[0] is the Nyquist component only if len(x) is even.,https://docs.scipy.org/doc/scipy/reference/generated/scipy.fft.fftshift.html#scipy.fft.fftshift
only,Shift the zero-frequency component only along the second axis:,https://docs.scipy.org/doc/scipy/reference/generated/scipy.fft.fftshift.html#scipy.fft.fftshift
note,Release notes,https://docs.scipy.org/doc/scipy/reference/generated/scipy.fft.rfft.html#scipy.fft.rfft
note,Notes,https://docs.scipy.org/doc/scipy/reference/generated/scipy.fft.rfft.html#scipy.fft.rfft
must,"If n is even, A[-1] contains the term representing both positive
and negative Nyquist frequency (+fs/2 and -fs/2), and must also be purely
real.",https://docs.scipy.org/doc/scipy/reference/generated/scipy.fft.rfft.html#scipy.fft.rfft
only,"For rfft, this symmetry is
exploited to compute only the non-negative frequency terms.",https://docs.scipy.org/doc/scipy/reference/generated/scipy.fft.rfft.html#scipy.fft.rfft
note,Release notes,https://docs.scipy.org/doc/scipy/reference/generated/scipy.fft.irfft.html#scipy.fft.irfft
note,(See Notes below for why len(a) is necessary here.,https://docs.scipy.org/doc/scipy/reference/generated/scipy.fft.irfft.html#scipy.fft.irfft
must,"To get an odd number of output points, n must be specified.",https://docs.scipy.org/doc/scipy/reference/generated/scipy.fft.irfft.html#scipy.fft.irfft
note,Notes,https://docs.scipy.org/doc/scipy/reference/generated/scipy.fft.irfft.html#scipy.fft.irfft
must,"If you specify an n such that a must be zero-padded or truncated, the
extra/removed values will be added/removed at high frequencies.",https://docs.scipy.org/doc/scipy/reference/generated/scipy.fft.irfft.html#scipy.fft.irfft
must,"By the Hermitian
symmetry, the last imaginary component must be 0 and so is ignored.",https://docs.scipy.org/doc/scipy/reference/generated/scipy.fft.irfft.html#scipy.fft.irfft
must,"To
avoid losing information, the correct length of the real input must be
given.",https://docs.scipy.org/doc/scipy/reference/generated/scipy.fft.irfft.html#scipy.fft.irfft
note,Release notes,https://docs.scipy.org/doc/scipy/reference/generated/scipy.fft.fft2.html#scipy.fft.fft2
note,Notes,https://docs.scipy.org/doc/scipy/reference/generated/scipy.fft.fft2.html#scipy.fft.fft2
note,Release notes,https://docs.scipy.org/doc/scipy/reference/generated/scipy.fft.ifft2.html#scipy.fft.ifft2
should,"The input, analogously to ifft, should be ordered in the same way as is
returned by fft2, i.",https://docs.scipy.org/doc/scipy/reference/generated/scipy.fft.ifft2.html#scipy.fft.ifft2
should,", it should have the term for zero frequency
in the low-order corner of the two axes, the positive frequency terms in
the first half of these axes, the term for the Nyquist frequency in the
middle of the axes and the negative frequency terms in the second half of
both axes, in order of decreasingly negative frequency.",https://docs.scipy.org/doc/scipy/reference/generated/scipy.fft.ifft2.html#scipy.fft.ifft2
note,See notes for issue on ifft zero padding.,https://docs.scipy.org/doc/scipy/reference/generated/scipy.fft.ifft2.html#scipy.fft.ifft2
note,Notes,https://docs.scipy.org/doc/scipy/reference/generated/scipy.fft.ifft2.html#scipy.fft.ifft2
must,"If another form of zero
padding is desired, it must be performed before ifft2 is called.",https://docs.scipy.org/doc/scipy/reference/generated/scipy.fft.ifft2.html#scipy.fft.ifft2
note,Release notes,https://docs.scipy.org/doc/scipy/reference/generated/scipy.fft.fftn.html#scipy.fft.fftn
note,Notes,https://docs.scipy.org/doc/scipy/reference/generated/scipy.fft.fftn.html#scipy.fft.fftn
note,Release notes,https://docs.scipy.org/doc/scipy/reference/generated/scipy.fft.ifftn.html#scipy.fft.ifftn
should,"The input, analogously to ifft, should be ordered in the same way as is
returned by fftn, i.",https://docs.scipy.org/doc/scipy/reference/generated/scipy.fft.ifftn.html#scipy.fft.ifftn
should,", it should have the term for zero frequency
in all axes in the low-order corner, the positive frequency terms in the
first half of all axes, the term for the Nyquist frequency in the middle
of all axes and the negative frequency terms in the second half of all
axes, in order of decreasingly negative frequency.",https://docs.scipy.org/doc/scipy/reference/generated/scipy.fft.ifftn.html#scipy.fft.ifftn
note,See notes for issue on ifft zero padding.,https://docs.scipy.org/doc/scipy/reference/generated/scipy.fft.ifftn.html#scipy.fft.ifftn
note,Notes,https://docs.scipy.org/doc/scipy/reference/generated/scipy.fft.ifftn.html#scipy.fft.ifftn
must,"If another form of zero
padding is desired, it must be performed before ifftn is called.",https://docs.scipy.org/doc/scipy/reference/generated/scipy.fft.ifftn.html#scipy.fft.ifftn
note,Release notes,https://docs.scipy.org/doc/scipy/reference/generated/scipy.fft.rfft2.html#scipy.fft.rfft2
note,Notes,https://docs.scipy.org/doc/scipy/reference/generated/scipy.fft.rfft2.html#scipy.fft.rfft2
note,Release notes,https://docs.scipy.org/doc/scipy/reference/generated/scipy.fft.irfft2.html#scipy.fft.irfft2
note,Notes,https://docs.scipy.org/doc/scipy/reference/generated/scipy.fft.irfft2.html#scipy.fft.irfft2
note,Release notes,https://docs.scipy.org/doc/scipy/reference/generated/scipy.fft.rfftn.html#scipy.fft.rfftn
note,Notes,https://docs.scipy.org/doc/scipy/reference/generated/scipy.fft.rfftn.html#scipy.fft.rfftn
note,Release notes,https://docs.scipy.org/doc/scipy/reference/generated/scipy.fft.irfftn.html#scipy.fft.irfftn
should,"The input should be ordered in the same way as is returned by rfftn,
i.",https://docs.scipy.org/doc/scipy/reference/generated/scipy.fft.irfftn.html#scipy.fft.irfftn
must,"To get an odd
number of output points in the final axis, s must be specified.",https://docs.scipy.org/doc/scipy/reference/generated/scipy.fft.irfftn.html#scipy.fft.irfftn
note,Notes,https://docs.scipy.org/doc/scipy/reference/generated/scipy.fft.irfftn.html#scipy.fft.irfftn
must,"When performing the final complex to real
transformation, the Hermitian symmetry requires that the last imaginary
component along that axis must be 0 and so it is ignored.",https://docs.scipy.org/doc/scipy/reference/generated/scipy.fft.irfftn.html#scipy.fft.irfftn
must,"To avoid losing
information, the correct length of the real input must be given.",https://docs.scipy.org/doc/scipy/reference/generated/scipy.fft.irfftn.html#scipy.fft.irfftn
note,Release notes,https://docs.scipy.org/doc/scipy/reference/generated/scipy.fft.dct.html#scipy.fft.dct
note,Type of the DCT (see Notes).,https://docs.scipy.org/doc/scipy/reference/generated/scipy.fft.dct.html#scipy.fft.dct
note,Normalization mode (see Notes).,https://docs.scipy.org/doc/scipy/reference/generated/scipy.fft.dct.html#scipy.fft.dct
note,Whether to use the orthogonalized DCT variant (see Notes).,https://docs.scipy.org/doc/scipy/reference/generated/scipy.fft.dct.html#scipy.fft.dct
note,Notes,https://docs.scipy.org/doc/scipy/reference/generated/scipy.fft.dct.html#scipy.fft.dct
warning,Warning,https://docs.scipy.org/doc/scipy/reference/generated/scipy.fft.dct.html#scipy.fft.dct
must,"To recover
it you must specify orthogonalize=False.",https://docs.scipy.org/doc/scipy/reference/generated/scipy.fft.dct.html#scipy.fft.dct
only,"There are, theoretically, 8 types of the DCT, only the first 4 types are
implemented in SciPy.",https://docs.scipy.org/doc/scipy/reference/generated/scipy.fft.dct.html#scipy.fft.dct
note,Note,https://docs.scipy.org/doc/scipy/reference/generated/scipy.fft.dct.html#scipy.fft.dct
only,The DCT-I is only supported for input size > 1.,https://docs.scipy.org/doc/scipy/reference/generated/scipy.fft.dct.html#scipy.fft.dct
note,Release notes,https://docs.scipy.org/doc/scipy/reference/generated/scipy.fft.idct.html#scipy.fft.idct
note,Type of the DCT (see Notes).,https://docs.scipy.org/doc/scipy/reference/generated/scipy.fft.idct.html#scipy.fft.idct
note,Normalization mode (see Notes).,https://docs.scipy.org/doc/scipy/reference/generated/scipy.fft.idct.html#scipy.fft.idct
note,Whether to use the orthogonalized IDCT variant (see Notes).,https://docs.scipy.org/doc/scipy/reference/generated/scipy.fft.idct.html#scipy.fft.idct
note,Notes,https://docs.scipy.org/doc/scipy/reference/generated/scipy.fft.idct.html#scipy.fft.idct
warning,Warning,https://docs.scipy.org/doc/scipy/reference/generated/scipy.fft.idct.html#scipy.fft.idct
must,"To
recover it you must specify orthogonalize=False.",https://docs.scipy.org/doc/scipy/reference/generated/scipy.fft.idct.html#scipy.fft.idct
note,Release notes,https://docs.scipy.org/doc/scipy/reference/generated/scipy.fft.dst.html#scipy.fft.dst
note,Type of the DST (see Notes).,https://docs.scipy.org/doc/scipy/reference/generated/scipy.fft.dst.html#scipy.fft.dst
note,Normalization mode (see Notes).,https://docs.scipy.org/doc/scipy/reference/generated/scipy.fft.dst.html#scipy.fft.dst
note,Whether to use the orthogonalized DST variant (see Notes).,https://docs.scipy.org/doc/scipy/reference/generated/scipy.fft.dst.html#scipy.fft.dst
note,Notes,https://docs.scipy.org/doc/scipy/reference/generated/scipy.fft.dst.html#scipy.fft.dst
warning,Warning,https://docs.scipy.org/doc/scipy/reference/generated/scipy.fft.dst.html#scipy.fft.dst
must,"To recover
it you must specify orthogonalize=False.",https://docs.scipy.org/doc/scipy/reference/generated/scipy.fft.dst.html#scipy.fft.dst
only,"There are, theoretically, 8 types of the DST for different combinations of
even/odd boundary conditions and boundary off sets [1], only the first
4 types are implemented in SciPy.",https://docs.scipy.org/doc/scipy/reference/generated/scipy.fft.dst.html#scipy.fft.dst
note,Note that the DST-I is only supported for input size > 1.,https://docs.scipy.org/doc/scipy/reference/generated/scipy.fft.dst.html#scipy.fft.dst
only,Note that the DST-I is only supported for input size > 1.,https://docs.scipy.org/doc/scipy/reference/generated/scipy.fft.dst.html#scipy.fft.dst
note,Release notes,https://docs.scipy.org/doc/scipy/reference/generated/scipy.fft.idst.html#scipy.fft.idst
note,Type of the DST (see Notes).,https://docs.scipy.org/doc/scipy/reference/generated/scipy.fft.idst.html#scipy.fft.idst
note,Normalization mode (see Notes).,https://docs.scipy.org/doc/scipy/reference/generated/scipy.fft.idst.html#scipy.fft.idst
note,Whether to use the orthogonalized IDST variant (see Notes).,https://docs.scipy.org/doc/scipy/reference/generated/scipy.fft.idst.html#scipy.fft.idst
note,Notes,https://docs.scipy.org/doc/scipy/reference/generated/scipy.fft.idst.html#scipy.fft.idst
warning,Warning,https://docs.scipy.org/doc/scipy/reference/generated/scipy.fft.idst.html#scipy.fft.idst
note,Release notes,https://docs.scipy.org/doc/scipy/reference/generated/scipy.signal.qspline1d.html#scipy.signal.qspline1d
must,Smoothing coefficient (must be zero for now).,https://docs.scipy.org/doc/scipy/reference/generated/scipy.signal.qspline1d.html#scipy.signal.qspline1d
note,Notes,https://docs.scipy.org/doc/scipy/reference/generated/scipy.signal.qspline1d.html#scipy.signal.qspline1d
note,Release notes,https://docs.scipy.org/doc/scipy/reference/generated/scipy.signal.qspline2d.html#scipy.signal.qspline2d
note,Release notes,https://docs.scipy.org/doc/scipy/reference/generated/scipy.signal.cspline1d.html#scipy.signal.cspline1d
note,Release notes,https://docs.scipy.org/doc/scipy/reference/generated/scipy.signal.cspline2d.html#scipy.signal.cspline2d
note,Release notes,https://docs.scipy.org/doc/scipy/reference/generated/scipy.signal.gauss_spline.html#scipy.signal.gauss_spline
must,"Must be non-negative, i.",https://docs.scipy.org/doc/scipy/reference/generated/scipy.signal.gauss_spline.html#scipy.signal.gauss_spline
note,Notes,https://docs.scipy.org/doc/scipy/reference/generated/scipy.signal.gauss_spline.html#scipy.signal.gauss_spline
note,"Lecture Notes in Computer
Science, vol 4485.",https://docs.scipy.org/doc/scipy/reference/generated/scipy.signal.gauss_spline.html#scipy.signal.gauss_spline
note,Release notes,https://docs.scipy.org/doc/scipy/reference/generated/scipy.datasets.face.html#scipy.datasets.face
note,Release notes,https://docs.scipy.org/doc/scipy/reference/generated/scipy.signal.sepfir2d.html#scipy.signal.sepfir2d
must,Must be a rank-2 array.,https://docs.scipy.org/doc/scipy/reference/generated/scipy.signal.sepfir2d.html#scipy.signal.sepfir2d
note,Release notes,https://docs.scipy.org/doc/scipy/reference/generated/scipy.signal.convolve2d.html#scipy.signal.convolve2d
should,Should have the same number of dimensions as in1.,https://docs.scipy.org/doc/scipy/reference/generated/scipy.signal.convolve2d.html#scipy.signal.convolve2d
only,"The output consists only of those elements that do not
rely on the zero-padding.",https://docs.scipy.org/doc/scipy/reference/generated/scipy.signal.convolve2d.html#scipy.signal.convolve2d
must,"In ‘valid’ mode, either in1 or in2
must be at least as large as the other in every dimension.",https://docs.scipy.org/doc/scipy/reference/generated/scipy.signal.convolve2d.html#scipy.signal.convolve2d
note,Release notes,https://docs.scipy.org/doc/scipy/reference/generated/scipy.signal.convolve.html#scipy.signal.convolve
should,Should have the same number of dimensions as in1.,https://docs.scipy.org/doc/scipy/reference/generated/scipy.signal.convolve.html#scipy.signal.convolve
only,"The output consists only of those elements that do not
rely on the zero-padding.",https://docs.scipy.org/doc/scipy/reference/generated/scipy.signal.convolve.html#scipy.signal.convolve
must,"In ‘valid’ mode, either in1 or in2
must be at least as large as the other in every dimension.",https://docs.scipy.org/doc/scipy/reference/generated/scipy.signal.convolve.html#scipy.signal.convolve
note,See Notes for more detail.,https://docs.scipy.org/doc/scipy/reference/generated/scipy.signal.convolve.html#scipy.signal.convolve
note,Notes,https://docs.scipy.org/doc/scipy/reference/generated/scipy.signal.convolve.html#scipy.signal.convolve
note,Release notes,https://docs.scipy.org/doc/scipy/reference/generated/scipy.signal.fftconvolve.html#scipy.signal.fftconvolve
only,"This is generally much faster than convolve for large arrays (n > ~500),
but can be slower when only a few output values are needed, and can only
output float arrays (int or object array inputs will be cast to float).",https://docs.scipy.org/doc/scipy/reference/generated/scipy.signal.fftconvolve.html#scipy.signal.fftconvolve
should,Should have the same number of dimensions as in1.,https://docs.scipy.org/doc/scipy/reference/generated/scipy.signal.fftconvolve.html#scipy.signal.fftconvolve
only,"The output consists only of those elements that do not
rely on the zero-padding.",https://docs.scipy.org/doc/scipy/reference/generated/scipy.signal.fftconvolve.html#scipy.signal.fftconvolve
must,"In ‘valid’ mode, either in1 or in2
must be at least as large as the other in every dimension.",https://docs.scipy.org/doc/scipy/reference/generated/scipy.signal.fftconvolve.html#scipy.signal.fftconvolve
note,Release notes,https://docs.scipy.org/doc/scipy/reference/generated/scipy.signal.correlate.html#scipy.signal.correlate
should,Should have the same number of dimensions as in1.,https://docs.scipy.org/doc/scipy/reference/generated/scipy.signal.correlate.html#scipy.signal.correlate
only,"The output consists only of those elements that do not
rely on the zero-padding.",https://docs.scipy.org/doc/scipy/reference/generated/scipy.signal.correlate.html#scipy.signal.correlate
must,"In ‘valid’ mode, either in1 or in2
must be at least as large as the other in every dimension.",https://docs.scipy.org/doc/scipy/reference/generated/scipy.signal.correlate.html#scipy.signal.correlate
only,"The Fast Fourier Transform is used to perform the correlation more
quickly (only available for numerical arrays.",https://docs.scipy.org/doc/scipy/reference/generated/scipy.signal.correlate.html#scipy.signal.correlate
note,See convolve Notes for more detail.,https://docs.scipy.org/doc/scipy/reference/generated/scipy.signal.correlate.html#scipy.signal.correlate
note,Notes,https://docs.scipy.org/doc/scipy/reference/generated/scipy.signal.correlate.html#scipy.signal.correlate
only,"method='fft' only works for numerical arrays as it relies on
fftconvolve.",https://docs.scipy.org/doc/scipy/reference/generated/scipy.signal.correlate.html#scipy.signal.correlate
note,Release notes,https://docs.scipy.org/doc/scipy/reference/generated/scipy.signal.choose_conv_method.html#scipy.signal.choose_conv_method
only,"The output consists only of those elements that do not
rely on the zero-padding.",https://docs.scipy.org/doc/scipy/reference/generated/scipy.signal.choose_conv_method.html#scipy.signal.choose_conv_method
only,This value is only returned if measure=True.,https://docs.scipy.org/doc/scipy/reference/generated/scipy.signal.choose_conv_method.html#scipy.signal.choose_conv_method
note,Notes,https://docs.scipy.org/doc/scipy/reference/generated/scipy.signal.choose_conv_method.html#scipy.signal.choose_conv_method
note,Release notes,https://docs.scipy.org/doc/scipy/reference/generated/scipy.signal.windows.gaussian.html#scipy.signal.windows.gaussian
note,Notes,https://docs.scipy.org/doc/scipy/reference/generated/scipy.signal.windows.gaussian.html#scipy.signal.windows.gaussian
note,Release notes,https://docs.scipy.org/doc/scipy/reference/generated/scipy.signal.lfilter.html#scipy.signal.lfilter
note,"The filter is a direct
form II transposed implementation of the standard difference equation
(see Notes).",https://docs.scipy.org/doc/scipy/reference/generated/scipy.signal.lfilter.html#scipy.signal.lfilter
should,"The function sosfilt (and filter design using output='sos') should be
preferred over lfilter for most filtering tasks, as second-order sections
have fewer numerical problems.",https://docs.scipy.org/doc/scipy/reference/generated/scipy.signal.lfilter.html#scipy.signal.lfilter
note,Notes,https://docs.scipy.org/doc/scipy/reference/generated/scipy.signal.lfilter.html#scipy.signal.lfilter
note,Release notes,https://docs.scipy.org/doc/scipy/reference/generated/scipy.signal.lfiltic.html#scipy.signal.lfiltic
note,Release notes,https://docs.scipy.org/doc/scipy/reference/generated/scipy.signal.tf2zpk.html#scipy.signal.tf2zpk
note,Notes,https://docs.scipy.org/doc/scipy/reference/generated/scipy.signal.tf2zpk.html#scipy.signal.tf2zpk
warning,"In that case,
a BadCoefficients warning is emitted.",https://docs.scipy.org/doc/scipy/reference/generated/scipy.signal.tf2zpk.html#scipy.signal.tf2zpk
only,"This “positive powers” form is found more commonly in controls
engineering.",https://docs.scipy.org/doc/scipy/reference/generated/scipy.signal.tf2zpk.html#scipy.signal.tf2zpk
must,"If M and N are not equal, the discrete-time
transfer function coefficients must first be converted to the “positive
powers” form before finding the poles and zeros.",https://docs.scipy.org/doc/scipy/reference/generated/scipy.signal.tf2zpk.html#scipy.signal.tf2zpk
note,Release notes,https://docs.scipy.org/doc/scipy/reference/generated/scipy.signal.zpk2tf.html#scipy.signal.zpk2tf
note,Release notes,https://docs.scipy.org/doc/scipy/reference/generated/scipy.signal.freqz.html#scipy.signal.freqz
must,"shape[1:], and the shape of the frequencies
array must be compatible for broadcasting.",https://docs.scipy.org/doc/scipy/reference/generated/scipy.signal.freqz.html#scipy.signal.freqz
must,"shape[1:], and the shape of the frequencies
array must be compatible for broadcasting.",https://docs.scipy.org/doc/scipy/reference/generated/scipy.signal.freqz.html#scipy.signal.freqz
note,"Using a number that is fast for FFT computations can result in
faster computations (see Notes).",https://docs.scipy.org/doc/scipy/reference/generated/scipy.signal.freqz.html#scipy.signal.freqz
note,Notes,https://docs.scipy.org/doc/scipy/reference/generated/scipy.signal.freqz.html#scipy.signal.freqz
must,"To compute the frequency response for these two filters with one call
to freqz, we must pass in b.",https://docs.scipy.org/doc/scipy/reference/generated/scipy.signal.freqz.html#scipy.signal.freqz
must,"We must then extend the shape with a
trivial dimension of length 1 to allow broadcasting with the array
of frequencies.",https://docs.scipy.org/doc/scipy/reference/generated/scipy.signal.freqz.html#scipy.signal.freqz
only,Only a is more than 1-D.,https://docs.scipy.org/doc/scipy/reference/generated/scipy.signal.freqz.html#scipy.signal.freqz
note,Release notes,https://docs.scipy.org/doc/scipy/reference/generated/scipy.signal.firwin.html#scipy.signal.firwin
must,"numtaps must be odd if a passband includes the
Nyquist frequency.",https://docs.scipy.org/doc/scipy/reference/generated/scipy.signal.firwin.html#scipy.signal.firwin
should,"In the
latter case, the frequencies in cutoff should be positive and
monotonically increasing between 0 and fs/2.",https://docs.scipy.org/doc/scipy/reference/generated/scipy.signal.firwin.html#scipy.signal.firwin
must,"The values 0 and
fs/2 must not be included in cutoff.",https://docs.scipy.org/doc/scipy/reference/generated/scipy.signal.firwin.html#scipy.signal.firwin
must,"Each frequency in cutoff must be
between 0 and nyq.",https://docs.scipy.org/doc/scipy/reference/generated/scipy.signal.firwin.html#scipy.signal.firwin
must,"Each frequency in cutoff
must be between 0 and fs/2.",https://docs.scipy.org/doc/scipy/reference/generated/scipy.signal.firwin.html#scipy.signal.firwin
note,Release notes,https://docs.scipy.org/doc/scipy/reference/generated/scipy.signal.firwin2.html#scipy.signal.firwin2
must,"numtaps must be less than
nfreqs.",https://docs.scipy.org/doc/scipy/reference/generated/scipy.signal.firwin2.html#scipy.signal.firwin2
must,The values in freq must be nondecreasing.,https://docs.scipy.org/doc/scipy/reference/generated/scipy.signal.firwin2.html#scipy.signal.firwin2
must,"The first value in freq must
be 0, and the last value must be fs/2.",https://docs.scipy.org/doc/scipy/reference/generated/scipy.signal.firwin2.html#scipy.signal.firwin2
must,"Values 0 and fs/2 must
not be repeated.",https://docs.scipy.org/doc/scipy/reference/generated/scipy.signal.firwin2.html#scipy.signal.firwin2
note,"Certain
constraints to gain values, depending on the filter type, are applied,
see Notes for details.",https://docs.scipy.org/doc/scipy/reference/generated/scipy.signal.firwin2.html#scipy.signal.firwin2
should,"For most efficient behavior, this should be a power of 2 plus 1
(e.",https://docs.scipy.org/doc/scipy/reference/generated/scipy.signal.firwin2.html#scipy.signal.firwin2
must,"nfreqs must be greater
than numtaps.",https://docs.scipy.org/doc/scipy/reference/generated/scipy.signal.firwin2.html#scipy.signal.firwin2
must,"Each frequency in freq must be
between 0 and nyq.",https://docs.scipy.org/doc/scipy/reference/generated/scipy.signal.firwin2.html#scipy.signal.firwin2
note,See Notes for more details.,https://docs.scipy.org/doc/scipy/reference/generated/scipy.signal.firwin2.html#scipy.signal.firwin2
must,"Each frequency in cutoff
must be between 0 and fs/2.",https://docs.scipy.org/doc/scipy/reference/generated/scipy.signal.firwin2.html#scipy.signal.firwin2
note,Notes,https://docs.scipy.org/doc/scipy/reference/generated/scipy.signal.firwin2.html#scipy.signal.firwin2
note,Release notes,https://docs.scipy.org/doc/scipy/reference/generated/scipy.signal.iirdesign.html#scipy.signal.iirdesign
note,"Note, that for bandpass and bandstop filters passband must lie strictly
inside stopband or vice versa.",https://docs.scipy.org/doc/scipy/reference/generated/scipy.signal.iirdesign.html#scipy.signal.iirdesign
must,"Note, that for bandpass and bandstop filters passband must lie strictly
inside stopband or vice versa.",https://docs.scipy.org/doc/scipy/reference/generated/scipy.signal.iirdesign.html#scipy.signal.iirdesign
only,"For reasons of backward compatibility the default
form is the numerator/denominator form (‘ba’), where the ‘b’
and the ‘a’ in ‘ba’ refer to the commonly used names of the
coefficients used.",https://docs.scipy.org/doc/scipy/reference/generated/scipy.signal.iirdesign.html#scipy.signal.iirdesign
note,"Note: Using the second-order sections form (‘sos’) is sometimes
associated with additional computational costs: for
data-intense use cases it is therefore recommended to also
investigate the numerator/denominator form (‘ba’).",https://docs.scipy.org/doc/scipy/reference/generated/scipy.signal.iirdesign.html#scipy.signal.iirdesign
only,Only returned if output='ba'.,https://docs.scipy.org/doc/scipy/reference/generated/scipy.signal.iirdesign.html#scipy.signal.iirdesign
only,Only returned if output='zpk'.,https://docs.scipy.org/doc/scipy/reference/generated/scipy.signal.iirdesign.html#scipy.signal.iirdesign
only,Only returned if output='sos'.,https://docs.scipy.org/doc/scipy/reference/generated/scipy.signal.iirdesign.html#scipy.signal.iirdesign
note,Notes,https://docs.scipy.org/doc/scipy/reference/generated/scipy.signal.iirdesign.html#scipy.signal.iirdesign
note,Release notes,https://docs.scipy.org/doc/scipy/reference/generated/scipy.signal.iirfilter.html#scipy.signal.iirfilter
must,"When Wn is a length-2 sequence, Wn[0] must be less than Wn[1].",https://docs.scipy.org/doc/scipy/reference/generated/scipy.signal.iirfilter.html#scipy.signal.iirfilter
only,"For reasons of backward compatibility the default
form is the numerator/denominator form (‘ba’), where the ‘b’
and the ‘a’ in ‘ba’ refer to the commonly used names of the
coefficients used.",https://docs.scipy.org/doc/scipy/reference/generated/scipy.signal.iirfilter.html#scipy.signal.iirfilter
note,"Note: Using the second-order sections form (‘sos’) is sometimes
associated with additional computational costs: for
data-intense use cases it is therefore recommended to also
investigate the numerator/denominator form (‘ba’).",https://docs.scipy.org/doc/scipy/reference/generated/scipy.signal.iirfilter.html#scipy.signal.iirfilter
only,Only returned if output='ba'.,https://docs.scipy.org/doc/scipy/reference/generated/scipy.signal.iirfilter.html#scipy.signal.iirfilter
only,Only returned if output='zpk'.,https://docs.scipy.org/doc/scipy/reference/generated/scipy.signal.iirfilter.html#scipy.signal.iirfilter
only,Only returned if output='sos'.,https://docs.scipy.org/doc/scipy/reference/generated/scipy.signal.iirfilter.html#scipy.signal.iirfilter
note,Notes,https://docs.scipy.org/doc/scipy/reference/generated/scipy.signal.iirfilter.html#scipy.signal.iirfilter
note,Release notes,https://docs.scipy.org/doc/scipy/reference/generated/scipy.signal.ellip.html#scipy.signal.ellip
should,"Default is ‘ba’ for backwards
compatibility, but ‘sos’ should be used for general-purpose filtering.",https://docs.scipy.org/doc/scipy/reference/generated/scipy.signal.ellip.html#scipy.signal.ellip
only,Only returned if output='ba'.,https://docs.scipy.org/doc/scipy/reference/generated/scipy.signal.ellip.html#scipy.signal.ellip
only,Only returned if output='zpk'.,https://docs.scipy.org/doc/scipy/reference/generated/scipy.signal.ellip.html#scipy.signal.ellip
only,Only returned if output='sos'.,https://docs.scipy.org/doc/scipy/reference/generated/scipy.signal.ellip.html#scipy.signal.ellip
note,Notes,https://docs.scipy.org/doc/scipy/reference/generated/scipy.signal.ellip.html#scipy.signal.ellip
note,Release notes,https://docs.scipy.org/doc/scipy/reference/generated/scipy.signal.zpk2ss.html#scipy.signal.zpk2ss
note,Release notes,https://docs.scipy.org/doc/scipy/reference/generated/scipy.signal.lp2lp.html#scipy.signal.lp2lp
note,Notes,https://docs.scipy.org/doc/scipy/reference/generated/scipy.signal.lp2lp.html#scipy.signal.lp2lp
note,Release notes,https://docs.scipy.org/doc/scipy/reference/generated/scipy.signal.lp2hp.html#scipy.signal.lp2hp
note,Notes,https://docs.scipy.org/doc/scipy/reference/generated/scipy.signal.lp2hp.html#scipy.signal.lp2hp
note,Release notes,https://docs.scipy.org/doc/scipy/reference/generated/scipy.signal.lp2bp.html#scipy.signal.lp2bp
note,Notes,https://docs.scipy.org/doc/scipy/reference/generated/scipy.signal.lp2bp.html#scipy.signal.lp2bp
note,Release notes,https://docs.scipy.org/doc/scipy/reference/generated/scipy.signal.lp2bs.html#scipy.signal.lp2bs
note,Notes,https://docs.scipy.org/doc/scipy/reference/generated/scipy.signal.lp2bs.html#scipy.signal.lp2bs
note,Release notes,https://docs.scipy.org/doc/scipy/reference/generated/scipy.signal.bilinear.html#scipy.signal.bilinear
note,Release notes,https://docs.scipy.org/doc/scipy/reference/generated/scipy.signal.medfilt.html#scipy.signal.medfilt
should,Elements of kernel_size should be odd.,https://docs.scipy.org/doc/scipy/reference/generated/scipy.signal.medfilt.html#scipy.signal.medfilt
note,Notes,https://docs.scipy.org/doc/scipy/reference/generated/scipy.signal.medfilt.html#scipy.signal.medfilt
note,Release notes,https://docs.scipy.org/doc/scipy/reference/generated/scipy.signal.medfilt2d.html#scipy.signal.medfilt2d
must,"Apply a median filter to the input array using a local window-size
given by kernel_size (must be odd).",https://docs.scipy.org/doc/scipy/reference/generated/scipy.signal.medfilt2d.html#scipy.signal.medfilt2d
should,"Elements of
kernel_size should be odd.",https://docs.scipy.org/doc/scipy/reference/generated/scipy.signal.medfilt2d.html#scipy.signal.medfilt2d
note,Notes,https://docs.scipy.org/doc/scipy/reference/generated/scipy.signal.medfilt2d.html#scipy.signal.medfilt2d
must,"# As seen in the examples,
# kernel numbers must be odd and not exceed original array dim",https://docs.scipy.org/doc/scipy/reference/generated/scipy.signal.medfilt2d.html#scipy.signal.medfilt2d
note,Release notes,https://docs.scipy.org/doc/scipy/reference/generated/scipy.signal.order_filter.html#scipy.signal.order_filter
should,Each dimension should have an odd number of elements.,https://docs.scipy.org/doc/scipy/reference/generated/scipy.signal.order_filter.html#scipy.signal.order_filter
note,Release notes,https://docs.scipy.org/doc/scipy/reference/generated/scipy.signal.periodogram.html#scipy.signal.periodogram
must,"If window is array_like it will be used
directly as the window and its length must be equal to the length
of the axis over which the periodogram is computed.",https://docs.scipy.org/doc/scipy/reference/generated/scipy.signal.periodogram.html#scipy.signal.periodogram
note,Notes,https://docs.scipy.org/doc/scipy/reference/generated/scipy.signal.periodogram.html#scipy.signal.periodogram
note,Release notes,https://docs.scipy.org/doc/scipy/reference/generated/scipy.signal.welch.html#scipy.signal.welch
must,"If window is array_like it will be used
directly as the window and its length must be nperseg.",https://docs.scipy.org/doc/scipy/reference/generated/scipy.signal.welch.html#scipy.signal.welch
note,Notes,https://docs.scipy.org/doc/scipy/reference/generated/scipy.signal.welch.html#scipy.signal.welch
note,Release notes,https://docs.scipy.org/doc/scipy/reference/generated/scipy.signal.lombscargle.html#scipy.signal.lombscargle
should,Input arrays should be 1-D and will be cast to float64.,https://docs.scipy.org/doc/scipy/reference/generated/scipy.signal.lombscargle.html#scipy.signal.lombscargle
note,Notes,https://docs.scipy.org/doc/scipy/reference/generated/scipy.signal.lombscargle.html#scipy.signal.lombscargle
only,"This subroutine calculates the periodogram using a slightly
modified algorithm due to Townsend [3] which allows the
periodogram to be calculated using only a single pass through
the input arrays for each frequency.",https://docs.scipy.org/doc/scipy/reference/generated/scipy.signal.lombscargle.html#scipy.signal.lombscargle
note,Release notes,https://docs.scipy.org/doc/scipy/reference/generated/scipy.signal.ShortTimeFFT.html#scipy.signal.ShortTimeFFT
only,"If only the dual window is known and the STFT is invertible,
from_dual can be used to instantiate this class.",https://docs.scipy.org/doc/scipy/reference/generated/scipy.signal.ShortTimeFFT.html#scipy.signal.ShortTimeFFT
note,"Note that all parameters of the initializer, except scale_to (which uses
scaling) have identical named attributes.",https://docs.scipy.org/doc/scipy/reference/generated/scipy.signal.ShortTimeFFT.html#scipy.signal.ShortTimeFFT
must,The window must be a real- or complex-valued 1d array.,https://docs.scipy.org/doc/scipy/reference/generated/scipy.signal.ShortTimeFFT.html#scipy.signal.ShortTimeFFT
note,Note that the SFT produces values outside the time range of x.,https://docs.scipy.org/doc/scipy/reference/generated/scipy.signal.ShortTimeFFT.html#scipy.signal.ShortTimeFFT
note,"Reconstructing the signal with the istft is
straightforward, but note that the length of x1 should be specified,
since the SFT length increases in hop steps:",https://docs.scipy.org/doc/scipy/reference/generated/scipy.signal.ShortTimeFFT.html#scipy.signal.ShortTimeFFT
should,"Reconstructing the signal with the istft is
straightforward, but note that the length of x1 should be specified,
since the SFT length increases in hop steps:",https://docs.scipy.org/doc/scipy/reference/generated/scipy.signal.ShortTimeFFT.html#scipy.signal.ShortTimeFFT
only,Instantiate a ShortTimeFFT by only providing a dual window.,https://docs.scipy.org/doc/scipy/reference/generated/scipy.signal.ShortTimeFFT.html#scipy.signal.ShortTimeFFT
note,Release notes,https://docs.scipy.org/doc/scipy/reference/generated/scipy.signal.ShortTimeFFT.fs.html#scipy.signal.ShortTimeFFT.fs
note,Release notes,https://docs.scipy.org/doc/scipy/reference/generated/scipy.signal.ShortTimeFFT.delta_t.html#scipy.signal.ShortTimeFFT.delta_t
note,Release notes,https://docs.scipy.org/doc/scipy/reference/generated/scipy.signal.ShortTimeFFT.hop.html#scipy.signal.ShortTimeFFT.hop
only,"This attribute is read only, since dual_win depends on it.",https://docs.scipy.org/doc/scipy/reference/generated/scipy.signal.ShortTimeFFT.hop.html#scipy.signal.ShortTimeFFT.hop
note,Release notes,https://docs.scipy.org/doc/scipy/reference/generated/scipy.signal.ShortTimeFFT.delta_f.html#scipy.signal.ShortTimeFFT.delta_f
note,Release notes,https://docs.scipy.org/doc/scipy/reference/generated/scipy.signal.ShortTimeFFT.m_num.html#scipy.signal.ShortTimeFFT.m_num
note,Note that the FFT can be oversampled by zero-padding.,https://docs.scipy.org/doc/scipy/reference/generated/scipy.signal.ShortTimeFFT.m_num.html#scipy.signal.ShortTimeFFT.m_num
note,Release notes,https://docs.scipy.org/doc/scipy/reference/generated/scipy.signal.ShortTimeFFT.m_num_mid.html#scipy.signal.ShortTimeFFT.m_num_mid
note,Release notes,https://docs.scipy.org/doc/scipy/reference/generated/scipy.signal.ShortTimeFFT.phase_shift.html#scipy.signal.ShortTimeFFT.phase_shift
note,Release notes,https://docs.scipy.org/doc/scipy/reference/generated/scipy.signal.ShortTimeFFT.mfft.html#scipy.signal.ShortTimeFFT.mfft
note,Release notes,https://docs.scipy.org/doc/scipy/reference/generated/scipy.signal.ShortTimeFFT.istft.html#scipy.signal.ShortTimeFFT.istft
note,"A complex valued array where f_axis denotes the frequency
values and the t-axis dimension the temporal values of the
STFT values.",https://docs.scipy.org/doc/scipy/reference/generated/scipy.signal.ShortTimeFFT.istft.html#scipy.signal.ShortTimeFFT.istft
should,"The
default (k0 = 0, k1 = None) assumes that the maximum length
signal should be reconstructed.",https://docs.scipy.org/doc/scipy/reference/generated/scipy.signal.ShortTimeFFT.istft.html#scipy.signal.ShortTimeFFT.istft
note,Notes,https://docs.scipy.org/doc/scipy/reference/generated/scipy.signal.ShortTimeFFT.istft.html#scipy.signal.ShortTimeFFT.istft
must,"p_max(k1) must
hold, if k1 is not None.",https://docs.scipy.org/doc/scipy/reference/generated/scipy.signal.ShortTimeFFT.istft.html#scipy.signal.ShortTimeFFT.istft
note,Release notes,https://docs.scipy.org/doc/scipy/reference/generated/scipy.signal.check_NOLA.html#scipy.signal.check_NOLA
must,"If window is array_like it will be used
directly as the window and its length must be nperseg.",https://docs.scipy.org/doc/scipy/reference/generated/scipy.signal.check_NOLA.html#scipy.signal.check_NOLA
note,Notes,https://docs.scipy.org/doc/scipy/reference/generated/scipy.signal.check_NOLA.html#scipy.signal.check_NOLA
must,"In order to enable inversion of an STFT via the inverse STFT in
istft, the signal windowing must obey the constraint of “nonzero
overlap add” (NOLA):",https://docs.scipy.org/doc/scipy/reference/generated/scipy.signal.check_NOLA.html#scipy.signal.check_NOLA
only,"Only very pathological windows
will fail the NOLA constraint.",https://docs.scipy.org/doc/scipy/reference/generated/scipy.signal.check_NOLA.html#scipy.signal.check_NOLA
note,Release notes,https://docs.scipy.org/doc/scipy/reference/generated/scipy.signal.ShortTimeFFT.T.html#scipy.signal.ShortTimeFFT.T
note,Release notes,https://docs.scipy.org/doc/scipy/reference/generated/scipy.signal.ShortTimeFFT.stft.html#scipy.signal.ShortTimeFFT.stft
note,Release notes,https://docs.scipy.org/doc/scipy/reference/generated/scipy.signal.ShortTimeFFT.p_min.html#scipy.signal.ShortTimeFFT.p_min
note,Release notes,https://docs.scipy.org/doc/scipy/reference/generated/scipy.signal.ShortTimeFFT.k_min.html#scipy.signal.ShortTimeFFT.k_min
note,Release notes,https://docs.scipy.org/doc/scipy/reference/generated/scipy.signal.ShortTimeFFT.lower_border_end.html#scipy.signal.ShortTimeFFT.lower_border_end
note,Release notes,https://docs.scipy.org/doc/scipy/reference/generated/scipy.signal.ShortTimeFFT.p_max.html#scipy.signal.ShortTimeFFT.p_max
note,"Note that center point t[p_max] = (p_max(n)-1) * delta_t is typically
larger than last time index t[n-1] == (n-1) * T.",https://docs.scipy.org/doc/scipy/reference/generated/scipy.signal.ShortTimeFFT.p_max.html#scipy.signal.ShortTimeFFT.p_max
note,"Furthermore, p_max does not denote the number of slices p_num since
p_min is typically less than zero.",https://docs.scipy.org/doc/scipy/reference/generated/scipy.signal.ShortTimeFFT.p_max.html#scipy.signal.ShortTimeFFT.p_max
note,Release notes,https://docs.scipy.org/doc/scipy/reference/generated/scipy.signal.ShortTimeFFT.k_max.html#scipy.signal.ShortTimeFFT.k_max
note,Release notes,https://docs.scipy.org/doc/scipy/reference/generated/scipy.signal.ShortTimeFFT.upper_border_begin.html#scipy.signal.ShortTimeFFT.upper_border_begin
note,Release notes,https://docs.scipy.org/doc/scipy/reference/generated/scipy.linalg.lstsq.html#scipy.linalg.lstsq
only,Whether to check that the input matrices contain only finite numbers.,https://docs.scipy.org/doc/scipy/reference/generated/scipy.linalg.lstsq.html#scipy.linalg.lstsq
note,Notes,https://docs.scipy.org/doc/scipy/reference/generated/scipy.linalg.lstsq.html#scipy.linalg.lstsq
note,Release notes,https://docs.scipy.org/doc/scipy/reference/generated/scipy.signal.stft.html#scipy.signal.stft
must,"If window is array_like it will be used
directly as the window and its length must be nperseg.",https://docs.scipy.org/doc/scipy/reference/generated/scipy.signal.stft.html#scipy.signal.stft
note,"When
specified, the COLA constraint must be met (see Notes below).",https://docs.scipy.org/doc/scipy/reference/generated/scipy.signal.stft.html#scipy.signal.stft
must,"When
specified, the COLA constraint must be met (see Notes below).",https://docs.scipy.org/doc/scipy/reference/generated/scipy.signal.stft.html#scipy.signal.stft
note,Notes,https://docs.scipy.org/doc/scipy/reference/generated/scipy.signal.stft.html#scipy.signal.stft
must,"In order to enable inversion of an STFT via the inverse STFT in
istft, the signal windowing must obey the constraint of “Nonzero
OverLap Add” (NOLA), and the input signal must have complete
windowing coverage (i.",https://docs.scipy.org/doc/scipy/reference/generated/scipy.signal.stft.html#scipy.signal.stft
note,Release notes,https://docs.scipy.org/doc/scipy/reference/generated/scipy.signal.istft.html#scipy.signal.istft
must,"If window is array_like it will be used
directly as the window and its length must be nperseg.",https://docs.scipy.org/doc/scipy/reference/generated/scipy.signal.istft.html#scipy.signal.istft
must,"Must match the window used to generate the
STFT for faithful inversion.",https://docs.scipy.org/doc/scipy/reference/generated/scipy.signal.istft.html#scipy.signal.istft
must,"This
parameter must be specified if the number of data points per
segment is odd, or if the STFT was padded via nfft >
nperseg.",https://docs.scipy.org/doc/scipy/reference/generated/scipy.signal.istft.html#scipy.signal.istft
note,"When specified, the
COLA constraint must be met (see Notes below), and should match
the parameter used to generate the STFT.",https://docs.scipy.org/doc/scipy/reference/generated/scipy.signal.istft.html#scipy.signal.istft
must,"When specified, the
COLA constraint must be met (see Notes below), and should match
the parameter used to generate the STFT.",https://docs.scipy.org/doc/scipy/reference/generated/scipy.signal.istft.html#scipy.signal.istft
should,"When specified, the
COLA constraint must be met (see Notes below), and should match
the parameter used to generate the STFT.",https://docs.scipy.org/doc/scipy/reference/generated/scipy.signal.istft.html#scipy.signal.istft
must,"This
parameter must be specified if the STFT was padded via nfft >
nperseg.",https://docs.scipy.org/doc/scipy/reference/generated/scipy.signal.istft.html#scipy.signal.istft
note,Notes,https://docs.scipy.org/doc/scipy/reference/generated/scipy.signal.istft.html#scipy.signal.istft
must,"In order to enable inversion of an STFT via the inverse STFT with
istft, the signal windowing must obey the constraint of “nonzero
overlap add” (NOLA):",https://docs.scipy.org/doc/scipy/reference/generated/scipy.signal.istft.html#scipy.signal.istft
note,"Note that the cleaned signal does not start as abruptly as the original,
since some of the coefficients of the transient were also removed:",https://docs.scipy.org/doc/scipy/reference/generated/scipy.signal.istft.html#scipy.signal.istft
note,Release notes,https://docs.scipy.org/doc/scipy/reference/generated/scipy.signal.spectrogram.html#scipy.signal.spectrogram
must,"If window is array_like it will be used
directly as the window and its length must be nperseg.",https://docs.scipy.org/doc/scipy/reference/generated/scipy.signal.spectrogram.html#scipy.signal.spectrogram
note,Notes,https://docs.scipy.org/doc/scipy/reference/generated/scipy.signal.spectrogram.html#scipy.signal.spectrogram
note,"Note, if using output that is not one sided, then use the following:",https://docs.scipy.org/doc/scipy/reference/generated/scipy.signal.spectrogram.html#scipy.signal.spectrogram
note,Release notes,https://docs.scipy.org/doc/scipy/reference/generated/scipy.signal.ShortTimeFFT.spectrogram.html#scipy.signal.ShortTimeFFT.spectrogram
note,Release notes,https://docs.scipy.org/doc/scipy/reference/generated/scipy.signal.ShortTimeFFT.scaling.html#scipy.signal.ShortTimeFFT.scaling
note,Release notes,https://docs.scipy.org/doc/scipy/reference/generated/scipy.signal.ShortTimeFFT.fft_mode.html#scipy.signal.ShortTimeFFT.fft_mode
only,Calculates only values for non-negative frequency values.,https://docs.scipy.org/doc/scipy/reference/generated/scipy.signal.ShortTimeFFT.fft_mode.html#scipy.signal.ShortTimeFFT.fft_mode
note,"Note that the frequency values can be obtained by reading the f
property, and the number of samples by accessing the f_pts property.",https://docs.scipy.org/doc/scipy/reference/generated/scipy.signal.ShortTimeFFT.fft_mode.html#scipy.signal.ShortTimeFFT.fft_mode
note,Release notes,https://docs.scipy.org/doc/scipy/reference/generated/scipy.signal.detrend.html#scipy.signal.detrend
only,"If type == 'constant', only the mean of data is subtracted.",https://docs.scipy.org/doc/scipy/reference/generated/scipy.signal.detrend.html#scipy.signal.detrend
only,"This parameter
only has an effect when type == 'linear'.",https://docs.scipy.org/doc/scipy/reference/generated/scipy.signal.detrend.html#scipy.signal.detrend
note,Release notes,https://docs.scipy.org/doc/scipy/reference/generated/scipy.linalg.inv.html#scipy.linalg.inv
only,Whether to check that the input matrix contains only finite numbers.,https://docs.scipy.org/doc/scipy/reference/generated/scipy.linalg.inv.html#scipy.linalg.inv
note,Release notes,https://docs.scipy.org/doc/scipy/reference/generated/scipy.linalg.solve.html#scipy.linalg.solve
only,"If True, the
calculation uses only the data in the lower triangle of a;
entries above the diagonal are ignored.",https://docs.scipy.org/doc/scipy/reference/generated/scipy.linalg.solve.html#scipy.linalg.solve
only,"If False (default), the
calculation uses only the data in the upper triangle of a; entries
below the diagonal are ignored.",https://docs.scipy.org/doc/scipy/reference/generated/scipy.linalg.solve.html#scipy.linalg.solve
only,Whether to check that the input matrices contain only finite numbers.,https://docs.scipy.org/doc/scipy/reference/generated/scipy.linalg.solve.html#scipy.linalg.solve
note,Notes,https://docs.scipy.org/doc/scipy/reference/generated/scipy.linalg.solve.html#scipy.linalg.solve
note,Release notes,https://docs.scipy.org/doc/scipy/reference/generated/scipy.linalg.det.html#scipy.linalg.det
only,Whether to check that the input matrix contains only finite numbers.,https://docs.scipy.org/doc/scipy/reference/generated/scipy.linalg.det.html#scipy.linalg.det
note,Notes,https://docs.scipy.org/doc/scipy/reference/generated/scipy.linalg.det.html#scipy.linalg.det
note,Release notes,https://docs.scipy.org/doc/scipy/reference/generated/scipy.linalg.norm.html#scipy.linalg.norm
only,"For tensors with rank different from
1 or 2, only ord=None is supported.",https://docs.scipy.org/doc/scipy/reference/generated/scipy.linalg.norm.html#scipy.linalg.norm
must,"If axis is None, a must be 1-D or 2-D, unless ord
is None.",https://docs.scipy.org/doc/scipy/reference/generated/scipy.linalg.norm.html#scipy.linalg.norm
note,Order of the norm (see table under Notes).,https://docs.scipy.org/doc/scipy/reference/generated/scipy.linalg.norm.html#scipy.linalg.norm
only,Whether to check that the input matrix contains only finite numbers.,https://docs.scipy.org/doc/scipy/reference/generated/scipy.linalg.norm.html#scipy.linalg.norm
note,Notes,https://docs.scipy.org/doc/scipy/reference/generated/scipy.linalg.norm.html#scipy.linalg.norm
only,"Both the Frobenius and nuclear norm orders are only defined for
matrices.",https://docs.scipy.org/doc/scipy/reference/generated/scipy.linalg.norm.html#scipy.linalg.norm
note,Release notes,https://docs.scipy.org/doc/scipy/reference/generated/scipy.linalg.pinv.html#scipy.linalg.pinv
only,"Calculate a generalized inverse of a matrix using its
singular-value decomposition U @ S @ V in the economy mode and picking
up only the columns/rows that are associated with significant singular
values.",https://docs.scipy.org/doc/scipy/reference/generated/scipy.linalg.pinv.html#scipy.linalg.pinv
only,Whether to check that the input matrix contains only finite numbers.,https://docs.scipy.org/doc/scipy/reference/generated/scipy.linalg.pinv.html#scipy.linalg.pinv
note,Notes,https://docs.scipy.org/doc/scipy/reference/generated/scipy.linalg.pinv.html#scipy.linalg.pinv
note,"Here, A* denotes the conjugate transpose.",https://docs.scipy.org/doc/scipy/reference/generated/scipy.linalg.pinv.html#scipy.linalg.pinv
note,"Note that, unlike the standard
matrix inverse, A does not have to be a square matrix or have
linearly independent columns/rows.",https://docs.scipy.org/doc/scipy/reference/generated/scipy.linalg.pinv.html#scipy.linalg.pinv
note,Release notes,https://docs.scipy.org/doc/scipy/reference/generated/scipy.linalg.eig.html#scipy.linalg.eig
only,Whether to check that the input matrices contain only finite numbers.,https://docs.scipy.org/doc/scipy/reference/generated/scipy.linalg.eig.html#scipy.linalg.eig
only,Only returned if left=True.,https://docs.scipy.org/doc/scipy/reference/generated/scipy.linalg.eig.html#scipy.linalg.eig
only,Only returned if right=True.,https://docs.scipy.org/doc/scipy/reference/generated/scipy.linalg.eig.html#scipy.linalg.eig
note,Release notes,https://docs.scipy.org/doc/scipy/reference/generated/scipy.linalg.eigvals.html#scipy.linalg.eigvals
only,Whether to check that the input matrices contain only finite numbers.,https://docs.scipy.org/doc/scipy/reference/generated/scipy.linalg.eigvals.html#scipy.linalg.eigvals
note,Release notes,https://docs.scipy.org/doc/scipy/reference/generated/scipy.linalg.svd.html#scipy.linalg.svd
only,Whether to check that the input matrix contains only finite numbers.,https://docs.scipy.org/doc/scipy/reference/generated/scipy.linalg.svd.html#scipy.linalg.svd
note,Release notes,https://docs.scipy.org/doc/scipy/reference/generated/scipy.linalg.diagsvd.html#scipy.linalg.diagsvd
note,Release notes,https://docs.scipy.org/doc/scipy/reference/generated/scipy.linalg.lu.html#scipy.linalg.lu
only,Whether to check that the input matrix contains only finite numbers.,https://docs.scipy.org/doc/scipy/reference/generated/scipy.linalg.lu.html#scipy.linalg.lu
note,Notes,https://docs.scipy.org/doc/scipy/reference/generated/scipy.linalg.lu.html#scipy.linalg.lu
note,Release notes,https://docs.scipy.org/doc/scipy/reference/generated/scipy.linalg.lu_factor.html#scipy.linalg.lu_factor
only,Whether to check that the input matrix contains only finite numbers.,https://docs.scipy.org/doc/scipy/reference/generated/scipy.linalg.lu_factor.html#scipy.linalg.lu_factor
note,Notes,https://docs.scipy.org/doc/scipy/reference/generated/scipy.linalg.lu_factor.html#scipy.linalg.lu_factor
note,Release notes,https://docs.scipy.org/doc/scipy/reference/generated/scipy.linalg.lu_solve.html#scipy.linalg.lu_solve
only,Whether to check that the input matrices contain only finite numbers.,https://docs.scipy.org/doc/scipy/reference/generated/scipy.linalg.lu_solve.html#scipy.linalg.lu_solve
note,Release notes,https://docs.scipy.org/doc/scipy/reference/generated/scipy.linalg.cholesky.html#scipy.linalg.cholesky
only,Whether to check that the input matrix contains only finite numbers.,https://docs.scipy.org/doc/scipy/reference/generated/scipy.linalg.cholesky.html#scipy.linalg.cholesky
note,Release notes,https://docs.scipy.org/doc/scipy/reference/generated/scipy.linalg.cho_factor.html#scipy.linalg.cho_factor
warning,Warning,https://docs.scipy.org/doc/scipy/reference/generated/scipy.linalg.cho_factor.html#scipy.linalg.cho_factor
only,Whether to check that the input matrix contains only finite numbers.,https://docs.scipy.org/doc/scipy/reference/generated/scipy.linalg.cho_factor.html#scipy.linalg.cho_factor
note,Release notes,https://docs.scipy.org/doc/scipy/reference/generated/scipy.linalg.cho_solve.html#scipy.linalg.cho_solve
only,Whether to check that the input matrices contain only finite numbers.,https://docs.scipy.org/doc/scipy/reference/generated/scipy.linalg.cho_solve.html#scipy.linalg.cho_solve
note,Release notes,https://docs.scipy.org/doc/scipy/reference/generated/scipy.linalg.qr.html#scipy.linalg.qr
note,"Determines what information is to be returned: either both Q and R
(‘full’, default), only R (‘r’) or both Q and R but computed in
economy-size (‘economic’, see Notes).",https://docs.scipy.org/doc/scipy/reference/generated/scipy.linalg.qr.html#scipy.linalg.qr
only,"Determines what information is to be returned: either both Q and R
(‘full’, default), only R (‘r’) or both Q and R but computed in
economy-size (‘economic’, see Notes).",https://docs.scipy.org/doc/scipy/reference/generated/scipy.linalg.qr.html#scipy.linalg.qr
should,"Whether or not factorization should include pivoting for rank-revealing
qr decomposition.",https://docs.scipy.org/doc/scipy/reference/generated/scipy.linalg.qr.html#scipy.linalg.qr
only,Whether to check that the input matrix contains only finite numbers.,https://docs.scipy.org/doc/scipy/reference/generated/scipy.linalg.qr.html#scipy.linalg.qr
note,Notes,https://docs.scipy.org/doc/scipy/reference/generated/scipy.linalg.qr.html#scipy.linalg.qr
note,Release notes,https://docs.scipy.org/doc/scipy/reference/generated/scipy.linalg.schur.html#scipy.linalg.schur
should,Specifies whether the upper eigenvalues should be sorted.,https://docs.scipy.org/doc/scipy/reference/generated/scipy.linalg.schur.html#scipy.linalg.schur
should,"A callable
may be passed that, given a eigenvalue, returns a boolean denoting
whether the eigenvalue should be sorted to the top-left (True).",https://docs.scipy.org/doc/scipy/reference/generated/scipy.linalg.schur.html#scipy.linalg.schur
only,Whether to check that the input matrix contains only finite numbers.,https://docs.scipy.org/doc/scipy/reference/generated/scipy.linalg.schur.html#scipy.linalg.schur
only,"If and only if sorting was requested, a third return value will
contain the number of eigenvalues satisfying the sort condition.",https://docs.scipy.org/doc/scipy/reference/generated/scipy.linalg.schur.html#scipy.linalg.schur
only,"An arbitrary custom eig-sorting condition, having positive imaginary part,
which is satisfied by only one eigenvalue",https://docs.scipy.org/doc/scipy/reference/generated/scipy.linalg.schur.html#scipy.linalg.schur
note,Release notes,https://docs.scipy.org/doc/scipy/reference/generated/scipy.linalg.rsf2csf.html#scipy.linalg.rsf2csf
only,Whether to check that the input arrays contain only finite numbers.,https://docs.scipy.org/doc/scipy/reference/generated/scipy.linalg.rsf2csf.html#scipy.linalg.rsf2csf
note,Release notes,https://docs.scipy.org/doc/scipy/reference/generated/scipy.linalg.expm.html#scipy.linalg.expm
note,Notes,https://docs.scipy.org/doc/scipy/reference/generated/scipy.linalg.expm.html#scipy.linalg.expm
note,Release notes,https://docs.scipy.org/doc/scipy/reference/generated/scipy.linalg.logm.html#scipy.linalg.logm
warning,"Print warning if error in the result is estimated large
instead of returning estimated error.",https://docs.scipy.org/doc/scipy/reference/generated/scipy.linalg.logm.html#scipy.linalg.logm
note,Release notes,https://docs.scipy.org/doc/scipy/reference/generated/scipy.linalg.sinm.html#scipy.linalg.sinm
note,Release notes,https://docs.scipy.org/doc/scipy/reference/generated/scipy.linalg.cosm.html#scipy.linalg.cosm
note,Release notes,https://docs.scipy.org/doc/scipy/reference/generated/scipy.linalg.tanm.html#scipy.linalg.tanm
note,Release notes,https://docs.scipy.org/doc/scipy/reference/generated/scipy.linalg.sinhm.html#scipy.linalg.sinhm
note,Release notes,https://docs.scipy.org/doc/scipy/reference/generated/scipy.linalg.coshm.html#scipy.linalg.coshm
note,Release notes,https://docs.scipy.org/doc/scipy/reference/generated/scipy.linalg.tanhm.html#scipy.linalg.tanhm
note,Release notes,https://docs.scipy.org/doc/scipy/reference/generated/scipy.linalg.funm.html#scipy.linalg.funm
must,Must be vectorized (eg.,https://docs.scipy.org/doc/scipy/reference/generated/scipy.linalg.funm.html#scipy.linalg.funm
warning,"Print warning if error in the result is estimated large
instead of returning estimated error.",https://docs.scipy.org/doc/scipy/reference/generated/scipy.linalg.funm.html#scipy.linalg.funm
note,Notes,https://docs.scipy.org/doc/scipy/reference/generated/scipy.linalg.funm.html#scipy.linalg.funm
note,Release notes,https://docs.scipy.org/doc/scipy/reference/generated/scipy.linalg.block_diag.html#scipy.linalg.block_diag
note,Notes,https://docs.scipy.org/doc/scipy/reference/generated/scipy.linalg.block_diag.html#scipy.linalg.block_diag
note,"Noteworthy, both [] and [[]] are treated as matrices with shape (1,0).",https://docs.scipy.org/doc/scipy/reference/generated/scipy.linalg.block_diag.html#scipy.linalg.block_diag
note,Release notes,https://docs.scipy.org/doc/scipy/reference/generated/scipy.linalg.circulant.html#scipy.linalg.circulant
note,Notes,https://docs.scipy.org/doc/scipy/reference/generated/scipy.linalg.circulant.html#scipy.linalg.circulant
note,Release notes,https://docs.scipy.org/doc/scipy/reference/generated/scipy.linalg.companion.html#scipy.linalg.companion
must,"The length of a must be
at least two, and a[0] must not be zero.",https://docs.scipy.org/doc/scipy/reference/generated/scipy.linalg.companion.html#scipy.linalg.companion
note,Notes,https://docs.scipy.org/doc/scipy/reference/generated/scipy.linalg.companion.html#scipy.linalg.companion
note,Release notes,https://docs.scipy.org/doc/scipy/reference/generated/scipy.linalg.convolution_matrix.html#scipy.linalg.convolution_matrix
note,See the notes below for details.,https://docs.scipy.org/doc/scipy/reference/generated/scipy.linalg.convolution_matrix.html#scipy.linalg.convolution_matrix
must,"It must be one of (‘full’, ‘valid’, ‘same’).",https://docs.scipy.org/doc/scipy/reference/generated/scipy.linalg.convolution_matrix.html#scipy.linalg.convolution_matrix
note,Notes,https://docs.scipy.org/doc/scipy/reference/generated/scipy.linalg.convolution_matrix.html#scipy.linalg.convolution_matrix
note,Release notes,https://docs.scipy.org/doc/scipy/reference/generated/scipy.linalg.dft.html#scipy.linalg.dft
must,"Must be None, ‘sqrtn’, or ‘n’.",https://docs.scipy.org/doc/scipy/reference/generated/scipy.linalg.dft.html#scipy.linalg.dft
note,Notes,https://docs.scipy.org/doc/scipy/reference/generated/scipy.linalg.dft.html#scipy.linalg.dft
note,Release notes,https://docs.scipy.org/doc/scipy/reference/generated/scipy.linalg.fiedler.html#scipy.linalg.fiedler
note,Notes,https://docs.scipy.org/doc/scipy/reference/generated/scipy.linalg.fiedler.html#scipy.linalg.fiedler
only,"The explicit formulas for determinant and inverse seem to hold only for
monotonically increasing/decreasing arrays.",https://docs.scipy.org/doc/scipy/reference/generated/scipy.linalg.fiedler.html#scipy.linalg.fiedler
note,"Note the tridiagonal structure
and the corners.",https://docs.scipy.org/doc/scipy/reference/generated/scipy.linalg.fiedler.html#scipy.linalg.fiedler
note,Release notes,https://docs.scipy.org/doc/scipy/reference/generated/scipy.linalg.fiedler_companion.html#scipy.linalg.fiedler_companion
note,Notes,https://docs.scipy.org/doc/scipy/reference/generated/scipy.linalg.fiedler_companion.html#scipy.linalg.fiedler_companion
should,Similar to companion the leading coefficient should be nonzero.,https://docs.scipy.org/doc/scipy/reference/generated/scipy.linalg.fiedler_companion.html#scipy.linalg.fiedler_companion
note,"Fiedler, “ A note on companion matrices”, Linear Algebra and its
Applications, 2003, DOI:10.",https://docs.scipy.org/doc/scipy/reference/generated/scipy.linalg.fiedler_companion.html#scipy.linalg.fiedler_companion
note,Release notes,https://docs.scipy.org/doc/scipy/reference/generated/scipy.linalg.hadamard.html#scipy.linalg.hadamard
must,n must be a power of 2.,https://docs.scipy.org/doc/scipy/reference/generated/scipy.linalg.hadamard.html#scipy.linalg.hadamard
must,n must be a power of 2.,https://docs.scipy.org/doc/scipy/reference/generated/scipy.linalg.hadamard.html#scipy.linalg.hadamard
note,Notes,https://docs.scipy.org/doc/scipy/reference/generated/scipy.linalg.hadamard.html#scipy.linalg.hadamard
note,Release notes,https://docs.scipy.org/doc/scipy/reference/generated/scipy.linalg.hankel.html#scipy.linalg.hankel
note,Release notes,https://docs.scipy.org/doc/scipy/reference/generated/scipy.linalg.helmert.html#scipy.linalg.helmert
note,Release notes,https://docs.scipy.org/doc/scipy/reference/generated/scipy.linalg.hilbert.html#scipy.linalg.hilbert
note,Notes,https://docs.scipy.org/doc/scipy/reference/generated/scipy.linalg.hilbert.html#scipy.linalg.hilbert
note,Release notes,https://docs.scipy.org/doc/scipy/reference/generated/scipy.linalg.invhilbert.html#scipy.linalg.invhilbert
note,Notes,https://docs.scipy.org/doc/scipy/reference/generated/scipy.linalg.invhilbert.html#scipy.linalg.invhilbert
note,Release notes,https://docs.scipy.org/doc/scipy/reference/generated/scipy.linalg.leslie.html#scipy.linalg.leslie
must,"The length of s
must be one less than the length of f, and it must be at least 1.",https://docs.scipy.org/doc/scipy/reference/generated/scipy.linalg.leslie.html#scipy.linalg.leslie
note,Notes,https://docs.scipy.org/doc/scipy/reference/generated/scipy.linalg.leslie.html#scipy.linalg.leslie
note,"Leslie, Some further notes on the use of matrices in
population mathematics, Biometrika, Vol.",https://docs.scipy.org/doc/scipy/reference/generated/scipy.linalg.leslie.html#scipy.linalg.leslie
note,Release notes,https://docs.scipy.org/doc/scipy/reference/generated/scipy.linalg.pascal.html#scipy.linalg.pascal
must,"Must be one of ‘symmetric’, ‘lower’, or ‘upper’.",https://docs.scipy.org/doc/scipy/reference/generated/scipy.linalg.pascal.html#scipy.linalg.pascal
note,Notes,https://docs.scipy.org/doc/scipy/reference/generated/scipy.linalg.pascal.html#scipy.linalg.pascal
note,Release notes,https://docs.scipy.org/doc/scipy/reference/generated/scipy.linalg.invpascal.html#scipy.linalg.invpascal
must,"Must be one of ‘symmetric’, ‘lower’, or ‘upper’.",https://docs.scipy.org/doc/scipy/reference/generated/scipy.linalg.invpascal.html#scipy.linalg.invpascal
note,Notes,https://docs.scipy.org/doc/scipy/reference/generated/scipy.linalg.invpascal.html#scipy.linalg.invpascal
note,Release notes,https://docs.scipy.org/doc/scipy/reference/generated/scipy.linalg.toeplitz.html#scipy.linalg.toeplitz
note,Notes,https://docs.scipy.org/doc/scipy/reference/generated/scipy.linalg.toeplitz.html#scipy.linalg.toeplitz
note,Release notes,https://docs.scipy.org/doc/scipy/reference/generated/scipy.sparse.coo_array.html#scipy.sparse.coo_array
note,Notes,https://docs.scipy.org/doc/scipy/reference/generated/scipy.sparse.coo_array.html#scipy.sparse.coo_array
note,Release notes,https://docs.scipy.org/doc/scipy/reference/generated/scipy.sparse.csr_array.html#scipy.sparse.csr_array
note,Notes,https://docs.scipy.org/doc/scipy/reference/generated/scipy.sparse.csr_array.html#scipy.sparse.csr_array
note,Release notes,https://docs.scipy.org/doc/scipy/reference/generated/scipy.sparse.bsr_array.html#scipy.sparse.bsr_array
note,Notes,https://docs.scipy.org/doc/scipy/reference/generated/scipy.sparse.bsr_array.html#scipy.sparse.bsr_array
must,"The blocksize (R,C) must evenly divide the shape of the sparse array (M,N).",https://docs.scipy.org/doc/scipy/reference/generated/scipy.sparse.bsr_array.html#scipy.sparse.bsr_array
must,"That is, R and C must satisfy the relationship M % R = 0 and
N % C = 0.",https://docs.scipy.org/doc/scipy/reference/generated/scipy.sparse.bsr_array.html#scipy.sparse.bsr_array
note,Release notes,https://docs.scipy.org/doc/scipy/reference/generated/scipy.sparse.csc_array.html#scipy.sparse.csc_array
note,Notes,https://docs.scipy.org/doc/scipy/reference/generated/scipy.sparse.csc_array.html#scipy.sparse.csc_array
note,Release notes,https://docs.scipy.org/doc/scipy/reference/generated/scipy.sparse.dia_array.html#scipy.sparse.dia_array
note,Notes,https://docs.scipy.org/doc/scipy/reference/generated/scipy.sparse.dia_array.html#scipy.sparse.dia_array
note,Release notes,https://docs.scipy.org/doc/scipy/reference/generated/scipy.sparse.dok_array.html#scipy.sparse.dok_array
note,Notes,https://docs.scipy.org/doc/scipy/reference/generated/scipy.sparse.dok_array.html#scipy.sparse.dok_array
note,Release notes,https://docs.scipy.org/doc/scipy/reference/generated/scipy.sparse.lil_array.html#scipy.sparse.lil_array
note,"Note that inserting a single item can take linear time in the worst case;
to construct the array efficiently, make sure the items are pre-sorted by
index, per row.",https://docs.scipy.org/doc/scipy/reference/generated/scipy.sparse.lil_array.html#scipy.sparse.lil_array
note,Notes,https://docs.scipy.org/doc/scipy/reference/generated/scipy.sparse.lil_array.html#scipy.sparse.lil_array
note,Release notes,https://docs.scipy.org/doc/scipy/reference/generated/scipy.sparse.linalg.eigs.html#scipy.sparse.linalg.eigs
must,k must be smaller than N-1.,https://docs.scipy.org/doc/scipy/reference/generated/scipy.sparse.linalg.eigs.html#scipy.sparse.linalg.eigs
must,"M must represent a real symmetric matrix if A is real, and must
represent a complex Hermitian matrix if A is complex.",https://docs.scipy.org/doc/scipy/reference/generated/scipy.sparse.linalg.eigs.html#scipy.sparse.linalg.eigs
should,"For best
results, the data type of M should be the same as that of A.",https://docs.scipy.org/doc/scipy/reference/generated/scipy.sparse.linalg.eigs.html#scipy.sparse.linalg.eigs
must,"The number of Lanczos vectors generated
ncv must be greater than k; it is recommended that ncv > 2*k.",https://docs.scipy.org/doc/scipy/reference/generated/scipy.sparse.linalg.eigs.html#scipy.sparse.linalg.eigs
note,"See notes in M, above.",https://docs.scipy.org/doc/scipy/reference/generated/scipy.sparse.linalg.eigs.html#scipy.sparse.linalg.eigs
note,"See notes in sigma, above.",https://docs.scipy.org/doc/scipy/reference/generated/scipy.sparse.linalg.eigs.html#scipy.sparse.linalg.eigs
note,"See notes in sigma, above",https://docs.scipy.org/doc/scipy/reference/generated/scipy.sparse.linalg.eigs.html#scipy.sparse.linalg.eigs
note,Notes,https://docs.scipy.org/doc/scipy/reference/generated/scipy.sparse.linalg.eigs.html#scipy.sparse.linalg.eigs
note,Release notes,https://docs.scipy.org/doc/scipy/reference/generated/scipy.sparse.linalg.eigsh.html#scipy.sparse.linalg.eigsh
note,"Note that there is no specialized routine for the case when A is a complex
Hermitian matrix.",https://docs.scipy.org/doc/scipy/reference/generated/scipy.sparse.linalg.eigsh.html#scipy.sparse.linalg.eigsh
must,"For buckling mode (see below)
A must additionally be positive-definite.",https://docs.scipy.org/doc/scipy/reference/generated/scipy.sparse.linalg.eigsh.html#scipy.sparse.linalg.eigsh
must,k must be smaller than N.,https://docs.scipy.org/doc/scipy/reference/generated/scipy.sparse.linalg.eigsh.html#scipy.sparse.linalg.eigsh
must,"M must represent a real symmetric matrix if A is real, and must
represent a complex Hermitian matrix if A is complex.",https://docs.scipy.org/doc/scipy/reference/generated/scipy.sparse.linalg.eigsh.html#scipy.sparse.linalg.eigsh
should,"For best
results, the data type of M should be the same as that of A.",https://docs.scipy.org/doc/scipy/reference/generated/scipy.sparse.linalg.eigsh.html#scipy.sparse.linalg.eigsh
must,"The number of Lanczos vectors generated ncv must be greater than k and
smaller than n; it is recommended that ncv > 2*k.",https://docs.scipy.org/doc/scipy/reference/generated/scipy.sparse.linalg.eigsh.html#scipy.sparse.linalg.eigsh
note,"See notes in M, above.",https://docs.scipy.org/doc/scipy/reference/generated/scipy.sparse.linalg.eigsh.html#scipy.sparse.linalg.eigsh
note,"See notes in sigma, above.",https://docs.scipy.org/doc/scipy/reference/generated/scipy.sparse.linalg.eigsh.html#scipy.sparse.linalg.eigsh
only,"This argument applies
only for real-valued A and sigma !",https://docs.scipy.org/doc/scipy/reference/generated/scipy.sparse.linalg.eigsh.html#scipy.sparse.linalg.eigsh
note,Notes,https://docs.scipy.org/doc/scipy/reference/generated/scipy.sparse.linalg.eigsh.html#scipy.sparse.linalg.eigsh
note,Release notes,https://docs.scipy.org/doc/scipy/reference/generated/scipy.sparse.csr_matrix.html#scipy.sparse.csr_matrix
note,Notes,https://docs.scipy.org/doc/scipy/reference/generated/scipy.sparse.csr_matrix.html#scipy.sparse.csr_matrix
note,Release notes,https://docs.scipy.org/doc/scipy/reference/generated/scipy.spatial.KDTree.html#scipy.spatial.KDTree
note,Notes,https://docs.scipy.org/doc/scipy/reference/generated/scipy.spatial.KDTree.html#scipy.spatial.KDTree
only,"The tree can be queried for the r closest neighbors of any given point
(optionally returning only those within some maximum distance of the
point).",https://docs.scipy.org/doc/scipy/reference/generated/scipy.spatial.KDTree.html#scipy.spatial.KDTree
note,Release notes,https://docs.scipy.org/doc/scipy/reference/generated/scipy.spatial.convex_hull_plot_2d.html#scipy.spatial.convex_hull_plot_2d
note,Notes,https://docs.scipy.org/doc/scipy/reference/generated/scipy.spatial.convex_hull_plot_2d.html#scipy.spatial.convex_hull_plot_2d
note,Release notes,https://docs.scipy.org/doc/scipy/reference/generated/scipy.spatial.voronoi_plot_2d.html#scipy.spatial.voronoi_plot_2d
note,Notes,https://docs.scipy.org/doc/scipy/reference/generated/scipy.spatial.voronoi_plot_2d.html#scipy.spatial.voronoi_plot_2d
note,Release notes,https://docs.scipy.org/doc/scipy/tutorial/stats/discrete.html
only,Discrete random variables take on only a countable number of values.,https://docs.scipy.org/doc/scipy/tutorial/stats/discrete.html
only,"The commonly used distributions are included in SciPy and described in
this document.",https://docs.scipy.org/doc/scipy/tutorial/stats/discrete.html
note,"XXX: Unknown layout Plain Layout: Note that we will be using \(p\) to represent the probability mass function and a parameter (a
XXX: probability).",https://docs.scipy.org/doc/scipy/tutorial/stats/discrete.html
should,The usage should be obvious from context.,https://docs.scipy.org/doc/scipy/tutorial/stats/discrete.html
must,"for discrete distributions, this must be modified for cases where
there is no \(x_{k}\) such that \(F\left(x_{k}\right)=q.",https://docs.scipy.org/doc/scipy/tutorial/stats/discrete.html
should,where \(N\) should be clear from context.,https://docs.scipy.org/doc/scipy/tutorial/stats/discrete.html
note,Note that,https://docs.scipy.org/doc/scipy/tutorial/stats/discrete.html
note,Release notes,https://docs.scipy.org/doc/scipy/tutorial/stats/continuous.html
note,"\) The nonstandard forms can be obtained for the various functions using
(note \(U\) is a standard uniform random variate).",https://docs.scipy.org/doc/scipy/tutorial/stats/continuous.html
note,"Note, that these can always be computed using the PPF.",https://docs.scipy.org/doc/scipy/tutorial/stats/continuous.html
note,Note that \(q=F\left(x\right)\) so that \(dq=f\left(x\right)dx.,https://docs.scipy.org/doc/scipy/tutorial/stats/continuous.html
note,"Note that if \(\boldsymbol{\theta}\) includes only shape parameters, the location and scale-parameters can
be fit by replacing \(x_{i}\) with \(\left(x_{i}-L\right)/S\) in the log-likelihood function adding \(N\log S\) and minimizing, thus",https://docs.scipy.org/doc/scipy/tutorial/stats/continuous.html
only,"Note that if \(\boldsymbol{\theta}\) includes only shape parameters, the location and scale-parameters can
be fit by replacing \(x_{i}\) with \(\left(x_{i}-L\right)/S\) in the log-likelihood function adding \(N\log S\) and minimizing, thus",https://docs.scipy.org/doc/scipy/tutorial/stats/continuous.html
should,where \(N\) should be clear from context as the number of samples \(x_{i}\),https://docs.scipy.org/doc/scipy/tutorial/stats/continuous.html
note,Release notes,https://docs.scipy.org/doc/scipy/tutorial/stats/sampling.html
warning,Warning,https://docs.scipy.org/doc/scipy/tutorial/stats/sampling.html
note,Note,https://docs.scipy.org/doc/scipy/tutorial/stats/sampling.html
note,Note that the methods of the distribution (i.,https://docs.scipy.org/doc/scipy/tutorial/stats/sampling.html
should,"They should
accept and return floats.",https://docs.scipy.org/doc/scipy/tutorial/stats/sampling.html
note,Note,https://docs.scipy.org/doc/scipy/tutorial/stats/sampling.html
note,"However,
note that the object doesn’t always have all the information
required by some generators like the derivative of PDF for the
TDR method.",https://docs.scipy.org/doc/scipy/tutorial/stats/sampling.html
note,Note,https://docs.scipy.org/doc/scipy/tutorial/stats/sampling.html
note,"Please note the difference between the rvs method of the
distributions present in scipy.",https://docs.scipy.org/doc/scipy/tutorial/stats/sampling.html
must,"RAN generators must be considered
independent in a sense that they will generally produce a different
stream of random numbers than the one produced by the equivalent
distribution in scipy.",https://docs.scipy.org/doc/scipy/tutorial/stats/sampling.html
should,"This, by itself, should contain
enough information to help debug the error.",https://docs.scipy.org/doc/scipy/tutorial/stats/sampling.html
warning,Warnings thrown by UNU.,https://docs.scipy.org/doc/scipy/tutorial/stats/sampling.html
note,Release notes,https://docs.scipy.org/doc/scipy/tutorial/stats/resampling.html
only,"In
such cases, a computational approach is the only way to go.",https://docs.scipy.org/doc/scipy/tutorial/stats/resampling.html
note,Release notes,https://docs.scipy.org/doc/scipy/reference/generated/scipy.stats.rv_discrete.html#scipy.stats.rv_discrete
must,"xk
and pk must have the same shape, and xk must be unique.",https://docs.scipy.org/doc/scipy/reference/generated/scipy.stats.rv_discrete.html#scipy.stats.rv_discrete
note,"Note: longname exists
for backwards compatibility, do not use for new subclasses.",https://docs.scipy.org/doc/scipy/reference/generated/scipy.stats.rv_discrete.html#scipy.stats.rv_discrete
note,Notes,https://docs.scipy.org/doc/scipy/reference/generated/scipy.stats.rv_discrete.html#scipy.stats.rv_discrete
must,"inf), so they must be overridden.",https://docs.scipy.org/doc/scipy/reference/generated/scipy.stats.rv_discrete.html#scipy.stats.rv_discrete
must,"inf), so they must be overridden.",https://docs.scipy.org/doc/scipy/reference/generated/scipy.stats.rv_discrete.html#scipy.stats.rv_discrete
note,Note that above we defined the Poisson distribution in the standard form.,https://docs.scipy.org/doc/scipy/reference/generated/scipy.stats.rv_discrete.html#scipy.stats.rv_discrete
note,Release notes,https://docs.scipy.org/doc/scipy/reference/generated/scipy.stats.describe.html#scipy.stats.describe
only,Delta degrees of freedom (only for variance).,https://docs.scipy.org/doc/scipy/reference/generated/scipy.stats.describe.html#scipy.stats.describe
note,Release notes,https://docs.scipy.org/doc/scipy/reference/generated/scipy.stats.gaussian_kde.html#scipy.stats.gaussian_kde
only,"If a callable, it should
take a gaussian_kde instance as only parameter and return a scalar.",https://docs.scipy.org/doc/scipy/reference/generated/scipy.stats.gaussian_kde.html#scipy.stats.gaussian_kde
should,"If a callable, it should
take a gaussian_kde instance as only parameter and return a scalar.",https://docs.scipy.org/doc/scipy/reference/generated/scipy.stats.gaussian_kde.html#scipy.stats.gaussian_kde
note,See Notes for more details.,https://docs.scipy.org/doc/scipy/reference/generated/scipy.stats.gaussian_kde.html#scipy.stats.gaussian_kde
must,This must be the same shape as dataset.,https://docs.scipy.org/doc/scipy/reference/generated/scipy.stats.gaussian_kde.html#scipy.stats.gaussian_kde
note,Notes,https://docs.scipy.org/doc/scipy/reference/generated/scipy.stats.gaussian_kde.html#scipy.stats.gaussian_kde
note,Release notes,https://docs.scipy.org/doc/scipy/reference/generated/scipy.stats.multiscale_graphcorr.html#scipy.stats.multiscale_graphcorr
only,"Doing so not only provides an estimate of whether the
modalities are related, but also provides insight into how the
determination was made.",https://docs.scipy.org/doc/scipy/reference/generated/scipy.stats.multiscale_graphcorr.html#scipy.stats.multiscale_graphcorr
must,"Alternatively, x and
y can have shapes (n, n) if they are distance or similarity
matrices, and compute_distance must be sent to None.",https://docs.scipy.org/doc/scipy/reference/generated/scipy.stats.multiscale_graphcorr.html#scipy.stats.multiscale_graphcorr
note,Note that this will not run if inputs are distance matrices.,https://docs.scipy.org/doc/scipy/reference/generated/scipy.stats.multiscale_graphcorr.html#scipy.stats.multiscale_graphcorr
note,Notes,https://docs.scipy.org/doc/scipy/reference/generated/scipy.stats.multiscale_graphcorr.html#scipy.stats.multiscale_graphcorr
note,"Let \(\circ\) denotes the entry-wise matrix product, then local
correlations are summed and normalized using the following statistic:",https://docs.scipy.org/doc/scipy/reference/generated/scipy.stats.multiscale_graphcorr.html#scipy.stats.multiscale_graphcorr
note,"Let \(\circ\) denotes the entry-wise matrix product, then local
correlations are summed and normalized using the following statistic:",https://docs.scipy.org/doc/scipy/reference/generated/scipy.stats.multiscale_graphcorr.html#scipy.stats.multiscale_graphcorr
note,"Denote the smoothing operation as \(R(\cdot)\)
(which essentially set all isolated large correlations) as 0 and
connected large correlations the same as before, see [3].",https://docs.scipy.org/doc/scipy/reference/generated/scipy.stats.multiscale_graphcorr.html#scipy.stats.multiscale_graphcorr
note,"Denote the smoothing operation as \(R(\cdot)\)
(which essentially set all isolated large correlations) as 0 and
connected large correlations the same as before, see [3].",https://docs.scipy.org/doc/scipy/reference/generated/scipy.stats.multiscale_graphcorr.html#scipy.stats.multiscale_graphcorr
note,Release notes,https://docs.scipy.org/doc/scipy/reference/generated/scipy.stats.qmc.discrepancy.html#scipy.stats.qmc.discrepancy
must,Must be False if not using it for updating the discrepancy.,https://docs.scipy.org/doc/scipy/reference/generated/scipy.stats.qmc.discrepancy.html#scipy.stats.qmc.discrepancy
note,Refer to the notes for more details.,https://docs.scipy.org/doc/scipy/reference/generated/scipy.stats.qmc.discrepancy.html#scipy.stats.qmc.discrepancy
note,Refer to the notes for more details.,https://docs.scipy.org/doc/scipy/reference/generated/scipy.stats.qmc.discrepancy.html#scipy.stats.qmc.discrepancy
note,Notes,https://docs.scipy.org/doc/scipy/reference/generated/scipy.stats.qmc.discrepancy.html#scipy.stats.qmc.discrepancy
only,"It can measure not only uniformity of the sample over the hypercube,
but also the projection uniformity of the sample over non-empty
subset of lower dimension hypercubes.",https://docs.scipy.org/doc/scipy/reference/generated/scipy.stats.qmc.discrepancy.html#scipy.stats.qmc.discrepancy
only,"It can measure not only uniformity of the sample over the hypercube,
but also the projection uniformity of the sample over non-empty
subset of lower dimension hypercubes.",https://docs.scipy.org/doc/scipy/reference/generated/scipy.stats.qmc.discrepancy.html#scipy.stats.qmc.discrepancy
note,Release notes,https://docs.scipy.org/doc/scipy/reference/generated/scipy.stats.qmc.Sobol.html#scipy.stats.qmc.Sobol
warning,See warning below.,https://docs.scipy.org/doc/scipy/reference/generated/scipy.stats.qmc.Sobol.html#scipy.stats.qmc.Sobol
warning,See warning below.,https://docs.scipy.org/doc/scipy/reference/generated/scipy.stats.qmc.Sobol.html#scipy.stats.qmc.Sobol
note,"Note that this is a post-processing step that does not
guarantee that all properties of the sample will be conserved.",https://docs.scipy.org/doc/scipy/reference/generated/scipy.stats.qmc.Sobol.html#scipy.stats.qmc.Sobol
note,Notes,https://docs.scipy.org/doc/scipy/reference/generated/scipy.stats.qmc.Sobol.html#scipy.stats.qmc.Sobol
warning,Warning,https://docs.scipy.org/doc/scipy/reference/generated/scipy.stats.qmc.Sobol.html#scipy.stats.qmc.Sobol
should,"If \(n=2^m\) points are not enough then one should take \(2^M\)
points for \(M>m\).",https://docs.scipy.org/doc/scipy/reference/generated/scipy.stats.qmc.Sobol.html#scipy.stats.qmc.Sobol
note,Release notes,https://docs.scipy.org/doc/scipy/reference/generated/scipy.stats.qmc.Halton.html#scipy.stats.qmc.Halton
note,"Note that this is a post-processing step that does not
guarantee that all properties of the sample will be conserved.",https://docs.scipy.org/doc/scipy/reference/generated/scipy.stats.qmc.Halton.html#scipy.stats.qmc.Halton
note,Notes,https://docs.scipy.org/doc/scipy/reference/generated/scipy.stats.qmc.Halton.html#scipy.stats.qmc.Halton
note,Release notes,https://docs.scipy.org/doc/scipy/reference/generated/scipy.stats.qmc.QMCEngine.html#scipy.stats.qmc.QMCEngine
note,"Note that this is a post-processing step that does not
guarantee that all properties of the sample will be conserved.",https://docs.scipy.org/doc/scipy/reference/generated/scipy.stats.qmc.QMCEngine.html#scipy.stats.qmc.QMCEngine
note,Notes,https://docs.scipy.org/doc/scipy/reference/generated/scipy.stats.qmc.QMCEngine.html#scipy.stats.qmc.QMCEngine
must,"When subclassing QMCEngine to create a new sampler,  __init__ and
random must be redefined.",https://docs.scipy.org/doc/scipy/reference/generated/scipy.stats.qmc.QMCEngine.html#scipy.stats.qmc.QMCEngine
note,Release notes,https://docs.scipy.org/doc/scipy/reference/generated/scipy.ndimage.correlate1d.html#scipy.ndimage.correlate1d
note,Release notes,https://docs.scipy.org/doc/scipy/reference/generated/scipy.ndimage.correlate.html#scipy.ndimage.correlate
note,Release notes,https://docs.scipy.org/doc/scipy/reference/generated/scipy.ndimage.convolve1d.html#scipy.ndimage.convolve1d
note,Release notes,https://docs.scipy.org/doc/scipy/reference/generated/scipy.ndimage.convolve.html#scipy.ndimage.convolve
note,Notes,https://docs.scipy.org/doc/scipy/reference/generated/scipy.ndimage.convolve.html#scipy.ndimage.convolve
only,0’s (and then extracting only the original region of the result).,https://docs.scipy.org/doc/scipy/reference/generated/scipy.ndimage.convolve.html#scipy.ndimage.convolve
note,Release notes,https://docs.scipy.org/doc/scipy/reference/generated/scipy.ndimage.gaussian_filter1d.html#scipy.ndimage.gaussian_filter1d
note,Notes,https://docs.scipy.org/doc/scipy/reference/generated/scipy.ndimage.gaussian_filter1d.html#scipy.ndimage.gaussian_filter1d
note,Release notes,https://docs.scipy.org/doc/scipy/reference/generated/scipy.ndimage.gaussian_filter.html#scipy.ndimage.gaussian_filter
must,"When axes is
specified, any tuples used for sigma, order, mode and/or radius
must match the length of axes.",https://docs.scipy.org/doc/scipy/reference/generated/scipy.ndimage.gaussian_filter.html#scipy.ndimage.gaussian_filter
note,Notes,https://docs.scipy.org/doc/scipy/reference/generated/scipy.ndimage.gaussian_filter.html#scipy.ndimage.gaussian_filter
note,Release notes,https://docs.scipy.org/doc/scipy/reference/generated/scipy.ndimage.uniform_filter1d.html#scipy.ndimage.uniform_filter1d
note,Release notes,https://docs.scipy.org/doc/scipy/reference/generated/scipy.ndimage.uniform_filter.html#scipy.ndimage.uniform_filter
must,"When axes is
specified, any tuples used for size, origin, and/or mode
must match the length of axes.",https://docs.scipy.org/doc/scipy/reference/generated/scipy.ndimage.uniform_filter.html#scipy.ndimage.uniform_filter
note,Notes,https://docs.scipy.org/doc/scipy/reference/generated/scipy.ndimage.uniform_filter.html#scipy.ndimage.uniform_filter
note,Release notes,https://docs.scipy.org/doc/scipy/reference/generated/scipy.ndimage.minimum_filter1d.html#scipy.ndimage.minimum_filter1d
note,Notes,https://docs.scipy.org/doc/scipy/reference/generated/scipy.ndimage.minimum_filter1d.html#scipy.ndimage.minimum_filter1d
note,Release notes,https://docs.scipy.org/doc/scipy/reference/generated/scipy.ndimage.maximum_filter1d.html#scipy.ndimage.maximum_filter1d
note,Notes,https://docs.scipy.org/doc/scipy/reference/generated/scipy.ndimage.maximum_filter1d.html#scipy.ndimage.maximum_filter1d
note,Release notes,https://docs.scipy.org/doc/scipy/reference/generated/scipy.ndimage.minimum_filter.html#scipy.ndimage.minimum_filter
must,Either size or footprint must be defined.,https://docs.scipy.org/doc/scipy/reference/generated/scipy.ndimage.minimum_filter.html#scipy.ndimage.minimum_filter
must,"When axes is
specified, any tuples used for size, origin, and/or mode
must match the length of axes.",https://docs.scipy.org/doc/scipy/reference/generated/scipy.ndimage.minimum_filter.html#scipy.ndimage.minimum_filter
note,Notes,https://docs.scipy.org/doc/scipy/reference/generated/scipy.ndimage.minimum_filter.html#scipy.ndimage.minimum_filter
only,"A sequence of modes (one per axis) is only supported when the footprint is
separable.",https://docs.scipy.org/doc/scipy/reference/generated/scipy.ndimage.minimum_filter.html#scipy.ndimage.minimum_filter
must,"Otherwise, a single mode string must be provided.",https://docs.scipy.org/doc/scipy/reference/generated/scipy.ndimage.minimum_filter.html#scipy.ndimage.minimum_filter
note,Release notes,https://docs.scipy.org/doc/scipy/reference/generated/scipy.ndimage.maximum_filter.html#scipy.ndimage.maximum_filter
must,Either size or footprint must be defined.,https://docs.scipy.org/doc/scipy/reference/generated/scipy.ndimage.maximum_filter.html#scipy.ndimage.maximum_filter
must,"When axes is
specified, any tuples used for size, origin, and/or mode
must match the length of axes.",https://docs.scipy.org/doc/scipy/reference/generated/scipy.ndimage.maximum_filter.html#scipy.ndimage.maximum_filter
note,Notes,https://docs.scipy.org/doc/scipy/reference/generated/scipy.ndimage.maximum_filter.html#scipy.ndimage.maximum_filter
only,"A sequence of modes (one per axis) is only supported when the footprint is
separable.",https://docs.scipy.org/doc/scipy/reference/generated/scipy.ndimage.maximum_filter.html#scipy.ndimage.maximum_filter
must,"Otherwise, a single mode string must be provided.",https://docs.scipy.org/doc/scipy/reference/generated/scipy.ndimage.maximum_filter.html#scipy.ndimage.maximum_filter
note,Release notes,https://docs.scipy.org/doc/scipy/reference/generated/scipy.ndimage.rank_filter.html#scipy.ndimage.rank_filter
must,Either size or footprint must be defined.,https://docs.scipy.org/doc/scipy/reference/generated/scipy.ndimage.rank_filter.html#scipy.ndimage.rank_filter
note,Release notes,https://docs.scipy.org/doc/scipy/reference/generated/scipy.ndimage.percentile_filter.html#scipy.ndimage.percentile_filter
must,Either size or footprint must be defined.,https://docs.scipy.org/doc/scipy/reference/generated/scipy.ndimage.percentile_filter.html#scipy.ndimage.percentile_filter
note,Release notes,https://docs.scipy.org/doc/scipy/reference/generated/scipy.ndimage.median_filter.html#scipy.ndimage.median_filter
must,Either size or footprint must be defined.,https://docs.scipy.org/doc/scipy/reference/generated/scipy.ndimage.median_filter.html#scipy.ndimage.median_filter
note,Notes,https://docs.scipy.org/doc/scipy/reference/generated/scipy.ndimage.median_filter.html#scipy.ndimage.median_filter
note,Release notes,https://docs.scipy.org/doc/scipy/reference/generated/scipy.ndimage.prewitt.html#scipy.ndimage.prewitt
note,Notes,https://docs.scipy.org/doc/scipy/reference/generated/scipy.ndimage.prewitt.html#scipy.ndimage.prewitt
note,Release notes,https://docs.scipy.org/doc/scipy/reference/generated/scipy.ndimage.sobel.html#scipy.ndimage.sobel
note,Notes,https://docs.scipy.org/doc/scipy/reference/generated/scipy.ndimage.sobel.html#scipy.ndimage.sobel
note,Release notes,https://docs.scipy.org/doc/scipy/reference/generated/scipy.ndimage.generic_laplace.html#scipy.ndimage.generic_laplace
note,Release notes,https://docs.scipy.org/doc/scipy/reference/generated/scipy.ndimage.laplace.html#scipy.ndimage.laplace
note,Release notes,https://docs.scipy.org/doc/scipy/reference/generated/scipy.ndimage.gaussian_laplace.html#scipy.ndimage.gaussian_laplace
note,Release notes,https://docs.scipy.org/doc/scipy/reference/generated/scipy.ndimage.generic_gradient_magnitude.html#scipy.ndimage.generic_gradient_magnitude
note,"Note that the output from derivative is modified inplace;
be careful to copy important inputs before returning them.",https://docs.scipy.org/doc/scipy/reference/generated/scipy.ndimage.generic_gradient_magnitude.html#scipy.ndimage.generic_gradient_magnitude
note,Release notes,https://docs.scipy.org/doc/scipy/reference/generated/scipy.ndimage.gaussian_gradient_magnitude.html#scipy.ndimage.gaussian_gradient_magnitude
note,Release notes,https://docs.scipy.org/doc/scipy/reference/generated/scipy.ndimage.generic_filter1d.html#scipy.ndimage.generic_filter1d
must,"The output line must be modified
in-place with the result.",https://docs.scipy.org/doc/scipy/reference/generated/scipy.ndimage.generic_filter1d.html#scipy.ndimage.generic_filter1d
note,Notes,https://docs.scipy.org/doc/scipy/reference/generated/scipy.ndimage.generic_filter1d.html#scipy.ndimage.generic_filter1d
should,"The callback function should apply
the filter and store the result in the array passed through
output_line.",https://docs.scipy.org/doc/scipy/reference/generated/scipy.ndimage.generic_filter1d.html#scipy.ndimage.generic_filter1d
must,"The callback function must return an integer error status that is zero
if something went wrong and one otherwise.",https://docs.scipy.org/doc/scipy/reference/generated/scipy.ndimage.generic_filter1d.html#scipy.ndimage.generic_filter1d
should,"If an error occurs, you should
normally set the python error status with an informative message
before returning, otherwise a default error message is set by the
calling function.",https://docs.scipy.org/doc/scipy/reference/generated/scipy.ndimage.generic_filter1d.html#scipy.ndimage.generic_filter1d
only,"In addition, some other low-level function pointer specifications
are accepted, but these are for backward compatibility only and should
not be used in new code.",https://docs.scipy.org/doc/scipy/reference/generated/scipy.ndimage.generic_filter1d.html#scipy.ndimage.generic_filter1d
should,"In addition, some other low-level function pointer specifications
are accepted, but these are for backward compatibility only and should
not be used in new code.",https://docs.scipy.org/doc/scipy/reference/generated/scipy.ndimage.generic_filter1d.html#scipy.ndimage.generic_filter1d
note,Release notes,https://docs.scipy.org/doc/scipy/reference/generated/scipy.ndimage.generic_filter.html#scipy.ndimage.generic_filter
must,Either size or footprint must be defined.,https://docs.scipy.org/doc/scipy/reference/generated/scipy.ndimage.generic_filter.html#scipy.ndimage.generic_filter
note,Notes,https://docs.scipy.org/doc/scipy/reference/generated/scipy.ndimage.generic_filter.html#scipy.ndimage.generic_filter
must,"The callback function must return an integer error status that is zero
if something went wrong and one otherwise.",https://docs.scipy.org/doc/scipy/reference/generated/scipy.ndimage.generic_filter.html#scipy.ndimage.generic_filter
should,"If an error occurs, you should
normally set the python error status with an informative message
before returning, otherwise a default error message is set by the
calling function.",https://docs.scipy.org/doc/scipy/reference/generated/scipy.ndimage.generic_filter.html#scipy.ndimage.generic_filter
only,"In addition, some other low-level function pointer specifications
are accepted, but these are for backward compatibility only and should
not be used in new code.",https://docs.scipy.org/doc/scipy/reference/generated/scipy.ndimage.generic_filter.html#scipy.ndimage.generic_filter
should,"In addition, some other low-level function pointer specifications
are accepted, but these are for backward compatibility only and should
not be used in new code.",https://docs.scipy.org/doc/scipy/reference/generated/scipy.ndimage.generic_filter.html#scipy.ndimage.generic_filter
note,Release notes,https://docs.scipy.org/doc/scipy/reference/generated/scipy.ndimage.fourier_shift.html#scipy.ndimage.fourier_shift
note,Release notes,https://docs.scipy.org/doc/scipy/reference/generated/scipy.ndimage.fourier_gaussian.html#scipy.ndimage.fourier_gaussian
note,Release notes,https://docs.scipy.org/doc/scipy/reference/generated/scipy.ndimage.fourier_uniform.html#scipy.ndimage.fourier_uniform
note,Release notes,https://docs.scipy.org/doc/scipy/reference/generated/scipy.ndimage.fourier_ellipsoid.html#scipy.ndimage.fourier_ellipsoid
note,Notes,https://docs.scipy.org/doc/scipy/reference/generated/scipy.ndimage.fourier_ellipsoid.html#scipy.ndimage.fourier_ellipsoid
note,Release notes,https://docs.scipy.org/doc/scipy/reference/generated/scipy.ndimage.spline_filter.html#scipy.ndimage.spline_filter
note,Notes,https://docs.scipy.org/doc/scipy/reference/generated/scipy.ndimage.spline_filter.html#scipy.ndimage.spline_filter
note,Release notes,https://docs.scipy.org/doc/scipy/reference/generated/scipy.ndimage.spline_filter1d.html#scipy.ndimage.spline_filter1d
must,The order of the spline must be >= 2 and <= 5.,https://docs.scipy.org/doc/scipy/reference/generated/scipy.ndimage.spline_filter1d.html#scipy.ndimage.spline_filter1d
note,Notes,https://docs.scipy.org/doc/scipy/reference/generated/scipy.ndimage.spline_filter1d.html#scipy.ndimage.spline_filter1d
only,"For functions that accept a mode
parameter, the result will only be correct if it matches the mode
used when filtering.",https://docs.scipy.org/doc/scipy/reference/generated/scipy.ndimage.spline_filter1d.html#scipy.ndimage.spline_filter1d
note,Release notes,https://docs.scipy.org/doc/scipy/reference/generated/scipy.ndimage.geometric_transform.html#scipy.ndimage.geometric_transform
note,Notes,https://docs.scipy.org/doc/scipy/reference/generated/scipy.ndimage.geometric_transform.html#scipy.ndimage.geometric_transform
must,"The
callback function must return the coordinates at which the input must
be interpolated in input_coordinates.",https://docs.scipy.org/doc/scipy/reference/generated/scipy.ndimage.geometric_transform.html#scipy.ndimage.geometric_transform
must,"The callback function must return an integer error status that is zero
if something went wrong and one otherwise.",https://docs.scipy.org/doc/scipy/reference/generated/scipy.ndimage.geometric_transform.html#scipy.ndimage.geometric_transform
should,"If an error occurs, you should
normally set the Python error status with an informative message
before returning, otherwise a default error message is set by the
calling function.",https://docs.scipy.org/doc/scipy/reference/generated/scipy.ndimage.geometric_transform.html#scipy.ndimage.geometric_transform
only,"In addition, some other low-level function pointer specifications
are accepted, but these are for backward compatibility only and should
not be used in new code.",https://docs.scipy.org/doc/scipy/reference/generated/scipy.ndimage.geometric_transform.html#scipy.ndimage.geometric_transform
should,"In addition, some other low-level function pointer specifications
are accepted, but these are for backward compatibility only and should
not be used in new code.",https://docs.scipy.org/doc/scipy/reference/generated/scipy.ndimage.geometric_transform.html#scipy.ndimage.geometric_transform
note,Release notes,https://docs.scipy.org/doc/scipy/reference/generated/scipy.ndimage.map_coordinates.html#scipy.ndimage.map_coordinates
note,Notes,https://docs.scipy.org/doc/scipy/reference/generated/scipy.ndimage.map_coordinates.html#scipy.ndimage.map_coordinates
note,Release notes,https://docs.scipy.org/doc/scipy/reference/generated/scipy.ndimage.affine_transform.html#scipy.ndimage.affine_transform
should,"If a sequence, offset should
contain one value for each axis.",https://docs.scipy.org/doc/scipy/reference/generated/scipy.ndimage.affine_transform.html#scipy.ndimage.affine_transform
note,Notes,https://docs.scipy.org/doc/scipy/reference/generated/scipy.ndimage.affine_transform.html#scipy.ndimage.affine_transform
note,Release notes,https://docs.scipy.org/doc/scipy/reference/generated/scipy.ndimage.shift.html#scipy.ndimage.shift
should,"If a sequence, shift should contain one value for each axis.",https://docs.scipy.org/doc/scipy/reference/generated/scipy.ndimage.shift.html#scipy.ndimage.shift
note,Notes,https://docs.scipy.org/doc/scipy/reference/generated/scipy.ndimage.shift.html#scipy.ndimage.shift
note,Release notes,https://docs.scipy.org/doc/scipy/reference/generated/scipy.ndimage.zoom.html#scipy.ndimage.zoom
should,"If a sequence, zoom should contain one value for each axis.",https://docs.scipy.org/doc/scipy/reference/generated/scipy.ndimage.zoom.html#scipy.ndimage.zoom
note,Notes,https://docs.scipy.org/doc/scipy/reference/generated/scipy.ndimage.zoom.html#scipy.ndimage.zoom
note,Release notes,https://docs.scipy.org/doc/scipy/reference/generated/scipy.ndimage.rotate.html#scipy.ndimage.rotate
note,Notes,https://docs.scipy.org/doc/scipy/reference/generated/scipy.ndimage.rotate.html#scipy.ndimage.rotate
note,Release notes,https://docs.scipy.org/doc/scipy/reference/generated/scipy.ndimage.generate_binary_structure.html#scipy.ndimage.generate_binary_structure
note,Notes,https://docs.scipy.org/doc/scipy/reference/generated/scipy.ndimage.generate_binary_structure.html#scipy.ndimage.generate_binary_structure
only,"generate_binary_structure can only create structuring elements with
dimensions equal to 3, i.",https://docs.scipy.org/doc/scipy/reference/generated/scipy.ndimage.generate_binary_structure.html#scipy.ndimage.generate_binary_structure
note,Release notes,https://docs.scipy.org/doc/scipy/reference/generated/scipy.ndimage.binary_erosion.html#scipy.ndimage.binary_erosion
only,"If a mask is given, only those elements with a True value at
the corresponding mask element are modified at each iteration.",https://docs.scipy.org/doc/scipy/reference/generated/scipy.ndimage.binary_erosion.html#scipy.ndimage.binary_erosion
only,"Memory condition: if False, only the pixels whose value was changed in
the last iteration are tracked as candidates to be updated (eroded) in
the current iteration; if True all pixels are considered as candidates
for erosion, regardless of what happened in the previous iteration.",https://docs.scipy.org/doc/scipy/reference/generated/scipy.ndimage.binary_erosion.html#scipy.ndimage.binary_erosion
note,Notes,https://docs.scipy.org/doc/scipy/reference/generated/scipy.ndimage.binary_erosion.html#scipy.ndimage.binary_erosion
note,Release notes,https://docs.scipy.org/doc/scipy/reference/generated/scipy.ndimage.binary_dilation.html#scipy.ndimage.binary_dilation
only,"Only an integer of iterations is
accepted.",https://docs.scipy.org/doc/scipy/reference/generated/scipy.ndimage.binary_dilation.html#scipy.ndimage.binary_dilation
only,"If a mask is given, only those elements with a True value at
the corresponding mask element are modified at each iteration.",https://docs.scipy.org/doc/scipy/reference/generated/scipy.ndimage.binary_dilation.html#scipy.ndimage.binary_dilation
only,"Memory condition: if False, only the pixels whose value was changed in
the last iteration are tracked as candidates to be updated (dilated)
in the current iteration; if True all pixels are considered as
candidates for dilation, regardless of what happened in the previous
iteration.",https://docs.scipy.org/doc/scipy/reference/generated/scipy.ndimage.binary_dilation.html#scipy.ndimage.binary_dilation
note,Notes,https://docs.scipy.org/doc/scipy/reference/generated/scipy.ndimage.binary_dilation.html#scipy.ndimage.binary_dilation
note,Release notes,https://docs.scipy.org/doc/scipy/reference/generated/scipy.ndimage.iterate_structure.html#scipy.ndimage.iterate_structure
only,"If origin is None, only the iterated structure is returned.",https://docs.scipy.org/doc/scipy/reference/generated/scipy.ndimage.iterate_structure.html#scipy.ndimage.iterate_structure
note,Release notes,https://docs.scipy.org/doc/scipy/reference/generated/scipy.ndimage.binary_opening.html#scipy.ndimage.binary_opening
only,", only
nearest neighbors are connected to the center, diagonally-connected
elements are not considered neighbors).",https://docs.scipy.org/doc/scipy/reference/generated/scipy.ndimage.binary_opening.html#scipy.ndimage.binary_opening
only,Only an integer of iterations is accepted.,https://docs.scipy.org/doc/scipy/reference/generated/scipy.ndimage.binary_opening.html#scipy.ndimage.binary_opening
only,"If a mask is given, only those elements with a True value at
the corresponding mask element are modified at each iteration.",https://docs.scipy.org/doc/scipy/reference/generated/scipy.ndimage.binary_opening.html#scipy.ndimage.binary_opening
only,"Memory condition: if False, only the pixels whose value was changed in
the last iteration are tracked as candidates to be updated in the
current iteration; if true all pixels are considered as candidates for
update, regardless of what happened in the previous iteration.",https://docs.scipy.org/doc/scipy/reference/generated/scipy.ndimage.binary_opening.html#scipy.ndimage.binary_opening
note,Notes,https://docs.scipy.org/doc/scipy/reference/generated/scipy.ndimage.binary_opening.html#scipy.ndimage.binary_opening
note,Release notes,https://docs.scipy.org/doc/scipy/reference/generated/scipy.ndimage.binary_closing.html#scipy.ndimage.binary_closing
only,", only
nearest neighbors are connected to the center, diagonally-connected
elements are not considered neighbors).",https://docs.scipy.org/doc/scipy/reference/generated/scipy.ndimage.binary_closing.html#scipy.ndimage.binary_closing
only,Only an integer of iterations is accepted.,https://docs.scipy.org/doc/scipy/reference/generated/scipy.ndimage.binary_closing.html#scipy.ndimage.binary_closing
only,"If a mask is given, only those elements with a True value at
the corresponding mask element are modified at each iteration.",https://docs.scipy.org/doc/scipy/reference/generated/scipy.ndimage.binary_closing.html#scipy.ndimage.binary_closing
only,"Memory condition: if False, only the pixels whose value was changed in
the last iteration are tracked as candidates to be updated in the
current iteration; if true al pixels are considered as candidates for
update, regardless of what happened in the previous iteration.",https://docs.scipy.org/doc/scipy/reference/generated/scipy.ndimage.binary_closing.html#scipy.ndimage.binary_closing
note,Notes,https://docs.scipy.org/doc/scipy/reference/generated/scipy.ndimage.binary_closing.html#scipy.ndimage.binary_closing
note,Release notes,https://docs.scipy.org/doc/scipy/reference/generated/scipy.ndimage.binary_fill_holes.html#scipy.ndimage.binary_fill_holes
note,Notes,https://docs.scipy.org/doc/scipy/reference/generated/scipy.ndimage.binary_fill_holes.html#scipy.ndimage.binary_fill_holes
note,Release notes,https://docs.scipy.org/doc/scipy/reference/generated/scipy.ndimage.binary_hit_or_miss.html#scipy.ndimage.binary_hit_or_miss
note,Release notes,https://docs.scipy.org/doc/scipy/reference/generated/scipy.ndimage.grey_erosion.html#scipy.ndimage.grey_erosion
note,Notes,https://docs.scipy.org/doc/scipy/reference/generated/scipy.ndimage.grey_erosion.html#scipy.ndimage.grey_erosion
note,Release notes,https://docs.scipy.org/doc/scipy/reference/generated/scipy.ndimage.grey_dilation.html#scipy.ndimage.grey_dilation
note,Notes,https://docs.scipy.org/doc/scipy/reference/generated/scipy.ndimage.grey_dilation.html#scipy.ndimage.grey_dilation
note,Release notes,https://docs.scipy.org/doc/scipy/reference/generated/scipy.ndimage.grey_opening.html#scipy.ndimage.grey_opening
note,Notes,https://docs.scipy.org/doc/scipy/reference/generated/scipy.ndimage.grey_opening.html#scipy.ndimage.grey_opening
note,Release notes,https://docs.scipy.org/doc/scipy/reference/generated/scipy.ndimage.grey_closing.html#scipy.ndimage.grey_closing
note,Notes,https://docs.scipy.org/doc/scipy/reference/generated/scipy.ndimage.grey_closing.html#scipy.ndimage.grey_closing
note,Release notes,https://docs.scipy.org/doc/scipy/reference/generated/scipy.ndimage.morphological_gradient.html#scipy.ndimage.morphological_gradient
note,Notes,https://docs.scipy.org/doc/scipy/reference/generated/scipy.ndimage.morphological_gradient.html#scipy.ndimage.morphological_gradient
note,Release notes,https://docs.scipy.org/doc/scipy/reference/generated/scipy.ndimage.morphological_laplace.html#scipy.ndimage.morphological_laplace
must,"Either size, footprint, or the structure must be provided.",https://docs.scipy.org/doc/scipy/reference/generated/scipy.ndimage.morphological_laplace.html#scipy.ndimage.morphological_laplace
note,Release notes,https://docs.scipy.org/doc/scipy/reference/generated/scipy.ndimage.white_tophat.html#scipy.ndimage.white_tophat
note,Release notes,https://docs.scipy.org/doc/scipy/reference/generated/scipy.ndimage.black_tophat.html#scipy.ndimage.black_tophat
note,Release notes,https://docs.scipy.org/doc/scipy/reference/generated/scipy.ndimage.distance_transform_cdt.html#scipy.ndimage.distance_transform_cdt
must,return_distances must be True.,https://docs.scipy.org/doc/scipy/reference/generated/scipy.ndimage.distance_transform_cdt.html#scipy.ndimage.distance_transform_cdt
must,It must be the same shape as input.,https://docs.scipy.org/doc/scipy/reference/generated/scipy.ndimage.distance_transform_cdt.html#scipy.ndimage.distance_transform_cdt
must,return_indicies must be True.,https://docs.scipy.org/doc/scipy/reference/generated/scipy.ndimage.distance_transform_cdt.html#scipy.ndimage.distance_transform_cdt
must,Its shape must be (input.,https://docs.scipy.org/doc/scipy/reference/generated/scipy.ndimage.distance_transform_cdt.html#scipy.ndimage.distance_transform_cdt
only,"Returned only when
return_distances is True, and distances is not supplied.",https://docs.scipy.org/doc/scipy/reference/generated/scipy.ndimage.distance_transform_cdt.html#scipy.ndimage.distance_transform_cdt
only,"Returned only when return_indices is True, and indices is not
supplied.",https://docs.scipy.org/doc/scipy/reference/generated/scipy.ndimage.distance_transform_cdt.html#scipy.ndimage.distance_transform_cdt
note,Release notes,https://docs.scipy.org/doc/scipy/reference/generated/scipy.ndimage.distance_transform_edt.html#scipy.ndimage.distance_transform_edt
must,"If a sequence, must be of
length equal to the input rank; if a single number, this is used for
all axes.",https://docs.scipy.org/doc/scipy/reference/generated/scipy.ndimage.distance_transform_edt.html#scipy.ndimage.distance_transform_edt
must,return_distances must be True.,https://docs.scipy.org/doc/scipy/reference/generated/scipy.ndimage.distance_transform_edt.html#scipy.ndimage.distance_transform_edt
must,It must be the same shape as input.,https://docs.scipy.org/doc/scipy/reference/generated/scipy.ndimage.distance_transform_edt.html#scipy.ndimage.distance_transform_edt
must,return_indicies must be True.,https://docs.scipy.org/doc/scipy/reference/generated/scipy.ndimage.distance_transform_edt.html#scipy.ndimage.distance_transform_edt
must,Its shape must be (input.,https://docs.scipy.org/doc/scipy/reference/generated/scipy.ndimage.distance_transform_edt.html#scipy.ndimage.distance_transform_edt
only,"Returned only when
return_distances is True and distances is not supplied.",https://docs.scipy.org/doc/scipy/reference/generated/scipy.ndimage.distance_transform_edt.html#scipy.ndimage.distance_transform_edt
only,"Returned only when return_indices is True and indices is not
supplied.",https://docs.scipy.org/doc/scipy/reference/generated/scipy.ndimage.distance_transform_edt.html#scipy.ndimage.distance_transform_edt
note,Notes,https://docs.scipy.org/doc/scipy/reference/generated/scipy.ndimage.distance_transform_edt.html#scipy.ndimage.distance_transform_edt
note,Release notes,https://docs.scipy.org/doc/scipy/reference/generated/scipy.ndimage.distance_transform_bf.html#scipy.ndimage.distance_transform_bf
only,This parameter is only used when metric is ‘euclidean’.,https://docs.scipy.org/doc/scipy/reference/generated/scipy.ndimage.distance_transform_bf.html#scipy.ndimage.distance_transform_bf
must,"If a sequence, must be of
length equal to the input rank; if a single number, this is used for
all axes.",https://docs.scipy.org/doc/scipy/reference/generated/scipy.ndimage.distance_transform_bf.html#scipy.ndimage.distance_transform_bf
must,return_distances must be True.,https://docs.scipy.org/doc/scipy/reference/generated/scipy.ndimage.distance_transform_bf.html#scipy.ndimage.distance_transform_bf
must,"It must be the same shape as input, and of type float64 if metric
is ‘euclidean’, uint32 otherwise.",https://docs.scipy.org/doc/scipy/reference/generated/scipy.ndimage.distance_transform_bf.html#scipy.ndimage.distance_transform_bf
must,return_indicies must be True.,https://docs.scipy.org/doc/scipy/reference/generated/scipy.ndimage.distance_transform_bf.html#scipy.ndimage.distance_transform_bf
must,Its shape must be (input.,https://docs.scipy.org/doc/scipy/reference/generated/scipy.ndimage.distance_transform_bf.html#scipy.ndimage.distance_transform_bf
only,"Returned only when
return_distances is True and distances is not supplied.",https://docs.scipy.org/doc/scipy/reference/generated/scipy.ndimage.distance_transform_bf.html#scipy.ndimage.distance_transform_bf
only,"Returned only when return_indices is True and indices is not
supplied.",https://docs.scipy.org/doc/scipy/reference/generated/scipy.ndimage.distance_transform_bf.html#scipy.ndimage.distance_transform_bf
note,Notes,https://docs.scipy.org/doc/scipy/reference/generated/scipy.ndimage.distance_transform_bf.html#scipy.ndimage.distance_transform_bf
note,Release notes,https://docs.scipy.org/doc/scipy/reference/generated/scipy.ndimage.label.html#scipy.ndimage.label
note,"structure must be centrosymmetric
(see Notes).",https://docs.scipy.org/doc/scipy/reference/generated/scipy.ndimage.label.html#scipy.ndimage.label
must,"structure must be centrosymmetric
(see Notes).",https://docs.scipy.org/doc/scipy/reference/generated/scipy.ndimage.label.html#scipy.ndimage.label
note,"Note that the output must be able to store the largest label, or this
function will raise an Exception.",https://docs.scipy.org/doc/scipy/reference/generated/scipy.ndimage.label.html#scipy.ndimage.label
must,"Note that the output must be able to store the largest label, or this
function will raise an Exception.",https://docs.scipy.org/doc/scipy/reference/generated/scipy.ndimage.label.html#scipy.ndimage.label
only,"If output is a ndarray, then it will be updated with values in
labeled_array and only num_features will be returned by this
function.",https://docs.scipy.org/doc/scipy/reference/generated/scipy.ndimage.label.html#scipy.ndimage.label
note,Notes,https://docs.scipy.org/doc/scipy/reference/generated/scipy.ndimage.label.html#scipy.ndimage.label
must,"The structure matrix must be centrosymmetric to ensure
two-way connections.",https://docs.scipy.org/doc/scipy/reference/generated/scipy.ndimage.label.html#scipy.ndimage.label
note,"Show the 2 labeled features (note that features 1, 3, and 4 from above are
now considered a single feature):",https://docs.scipy.org/doc/scipy/reference/generated/scipy.ndimage.label.html#scipy.ndimage.label
note,Release notes,https://docs.scipy.org/doc/scipy/reference/generated/scipy.ndimage.watershed_ift.html#scipy.ndimage.watershed_ift
note,Release notes,https://docs.scipy.org/doc/scipy/reference/generated/scipy.ndimage.find_objects.html#scipy.ndimage.find_objects
note,Notes,https://docs.scipy.org/doc/scipy/reference/generated/scipy.ndimage.find_objects.html#scipy.ndimage.find_objects
note,Release notes,https://docs.scipy.org/doc/scipy/reference/generated/scipy.ndimage.mean.html#scipy.ndimage.mean
note,Release notes,https://docs.scipy.org/doc/scipy/reference/generated/scipy.ndimage.variance.html#scipy.ndimage.variance
must,"If not None, must be same shape as input.",https://docs.scipy.org/doc/scipy/reference/generated/scipy.ndimage.variance.html#scipy.ndimage.variance
note,Release notes,https://docs.scipy.org/doc/scipy/reference/generated/scipy.ndimage.standard_deviation.html#scipy.ndimage.standard_deviation
must,"If not None, must be same shape as input.",https://docs.scipy.org/doc/scipy/reference/generated/scipy.ndimage.standard_deviation.html#scipy.ndimage.standard_deviation
note,Release notes,https://docs.scipy.org/doc/scipy/reference/generated/scipy.ndimage.minimum.html#scipy.ndimage.minimum
must,"labels must have the
same shape as input.",https://docs.scipy.org/doc/scipy/reference/generated/scipy.ndimage.minimum.html#scipy.ndimage.minimum
note,Notes,https://docs.scipy.org/doc/scipy/reference/generated/scipy.ndimage.minimum.html#scipy.ndimage.minimum
note,Release notes,https://docs.scipy.org/doc/scipy/reference/generated/scipy.ndimage.maximum.html#scipy.ndimage.maximum
must,"labels must have the
same shape as input.",https://docs.scipy.org/doc/scipy/reference/generated/scipy.ndimage.maximum.html#scipy.ndimage.maximum
note,Notes,https://docs.scipy.org/doc/scipy/reference/generated/scipy.ndimage.maximum.html#scipy.ndimage.maximum
note,Release notes,https://docs.scipy.org/doc/scipy/reference/generated/scipy.ndimage.minimum_position.html#scipy.ndimage.minimum_position
must,labels must have the same shape as input.,https://docs.scipy.org/doc/scipy/reference/generated/scipy.ndimage.minimum_position.html#scipy.ndimage.minimum_position
only,The labels argument only works when index is specified.,https://docs.scipy.org/doc/scipy/reference/generated/scipy.ndimage.minimum_position.html#scipy.ndimage.minimum_position
only,The index argument only works when labels is specified.,https://docs.scipy.org/doc/scipy/reference/generated/scipy.ndimage.minimum_position.html#scipy.ndimage.minimum_position
note,Release notes,https://docs.scipy.org/doc/scipy/reference/generated/scipy.ndimage.maximum_position.html#scipy.ndimage.maximum_position
must,labels must have the same shape as input.,https://docs.scipy.org/doc/scipy/reference/generated/scipy.ndimage.maximum_position.html#scipy.ndimage.maximum_position
only,The labels argument only works when index is specified.,https://docs.scipy.org/doc/scipy/reference/generated/scipy.ndimage.maximum_position.html#scipy.ndimage.maximum_position
only,The index argument only works when labels is specified.,https://docs.scipy.org/doc/scipy/reference/generated/scipy.ndimage.maximum_position.html#scipy.ndimage.maximum_position
note,Release notes,https://docs.scipy.org/doc/scipy/reference/generated/scipy.ndimage.extrema.html#scipy.ndimage.extrema
must,"If not None, must be same shape as input.",https://docs.scipy.org/doc/scipy/reference/generated/scipy.ndimage.extrema.html#scipy.ndimage.extrema
note,Release notes,https://docs.scipy.org/doc/scipy/reference/generated/scipy.ndimage.center_of_mass.html#scipy.ndimage.center_of_mass
only,Only used with index.,https://docs.scipy.org/doc/scipy/reference/generated/scipy.ndimage.center_of_mass.html#scipy.ndimage.center_of_mass
must,Dimensions must be the same as input.,https://docs.scipy.org/doc/scipy/reference/generated/scipy.ndimage.center_of_mass.html#scipy.ndimage.center_of_mass
only,Only used with labels.,https://docs.scipy.org/doc/scipy/reference/generated/scipy.ndimage.center_of_mass.html#scipy.ndimage.center_of_mass
warning,"If there are division by zero issues, the function does not raise an
error but rather issues a RuntimeWarning before returning inf and/or NaN.",https://docs.scipy.org/doc/scipy/reference/generated/scipy.ndimage.center_of_mass.html#scipy.ndimage.center_of_mass
note,Release notes,https://docs.scipy.org/doc/scipy/reference/generated/scipy.ndimage.histogram.html#scipy.ndimage.histogram
must,"If not None, must be same shape as input.",https://docs.scipy.org/doc/scipy/reference/generated/scipy.ndimage.histogram.html#scipy.ndimage.histogram
only,Indices can be used to count only certain objects:,https://docs.scipy.org/doc/scipy/reference/generated/scipy.ndimage.histogram.html#scipy.ndimage.histogram
note,Release notes,https://docs.scipy.org/doc/scipy/reference/generated/scipy.io.loadmat.html#scipy.io.loadmat
should,"Whether the length of compressed sequences in the MATLAB file
should be checked, to ensure that they are not longer than we expect.",https://docs.scipy.org/doc/scipy/reference/generated/scipy.io.loadmat.html#scipy.io.loadmat
should,"Otherwise,
variable_names should be a sequence of strings, giving names of the
MATLAB variables to read from the file.",https://docs.scipy.org/doc/scipy/reference/generated/scipy.io.loadmat.html#scipy.io.loadmat
note,"Note that this only affects the structure
of the result and not its contents (which is identical for both output
structures).",https://docs.scipy.org/doc/scipy/reference/generated/scipy.io.loadmat.html#scipy.io.loadmat
only,"Note that this only affects the structure
of the result and not its contents (which is identical for both output
structures).",https://docs.scipy.org/doc/scipy/reference/generated/scipy.io.loadmat.html#scipy.io.loadmat
note,Notes,https://docs.scipy.org/doc/scipy/reference/generated/scipy.io.loadmat.html#scipy.io.loadmat
note,Release notes,https://docs.scipy.org/doc/scipy/reference/generated/scipy.io.savemat.html#scipy.io.savemat
note,Release notes,https://docs.scipy.org/doc/scipy/reference/generated/scipy.io.whosmat.html#scipy.io.whosmat
note,Notes,https://docs.scipy.org/doc/scipy/reference/generated/scipy.io.whosmat.html#scipy.io.whosmat
note,Release notes,https://docs.scipy.org/doc/scipy/reference/generated/scipy.io.readsav.html#scipy.io.readsav
only,This option only has an effect for .,https://docs.scipy.org/doc/scipy/reference/generated/scipy.io.readsav.html#scipy.io.readsav
note,Release notes,https://docs.scipy.org/doc/scipy/reference/generated/scipy.io.mminfo.html#scipy.io.mminfo
note,Notes,https://docs.scipy.org/doc/scipy/reference/generated/scipy.io.mminfo.html#scipy.io.mminfo
note,Release notes,https://docs.scipy.org/doc/scipy/reference/generated/scipy.io.mmread.html#scipy.io.mmread
note,Notes,https://docs.scipy.org/doc/scipy/reference/generated/scipy.io.mmread.html#scipy.io.mmread
note,Release notes,https://docs.scipy.org/doc/scipy/reference/generated/scipy.io.mmwrite.html#scipy.io.mmwrite
note,Notes,https://docs.scipy.org/doc/scipy/reference/generated/scipy.io.mmwrite.html#scipy.io.mmwrite
note,"Note that
only six values are actually written to the file; the other values
are implied by the symmetry.",https://docs.scipy.org/doc/scipy/reference/generated/scipy.io.mmwrite.html#scipy.io.mmwrite
only,"Note that
only six values are actually written to the file; the other values
are implied by the symmetry.",https://docs.scipy.org/doc/scipy/reference/generated/scipy.io.mmwrite.html#scipy.io.mmwrite
note,Release notes,https://docs.scipy.org/doc/scipy/reference/generated/scipy.io.wavfile.read.html#scipy.io.wavfile.read
note,"Not compatible
with some bit depths; see Notes.",https://docs.scipy.org/doc/scipy/reference/generated/scipy.io.wavfile.read.html#scipy.io.wavfile.read
only,Only to be used on real files.,https://docs.scipy.org/doc/scipy/reference/generated/scipy.io.wavfile.read.html#scipy.io.wavfile.read
note,"Data-type is determined from the file;
see Notes.",https://docs.scipy.org/doc/scipy/reference/generated/scipy.io.wavfile.read.html#scipy.io.wavfile.read
note,Notes,https://docs.scipy.org/doc/scipy/reference/generated/scipy.io.wavfile.read.html#scipy.io.wavfile.read
not support,"Non-linear PCM (mu-law, A-law) is not supported.",https://docs.scipy.org/doc/scipy/reference/generated/scipy.io.wavfile.read.html#scipy.io.wavfile.read
note,Release notes,https://docs.scipy.org/doc/scipy/reference/generated/scipy.io.wavfile.write.html#scipy.io.wavfile.write
note,Notes,https://docs.scipy.org/doc/scipy/reference/generated/scipy.io.wavfile.write.html#scipy.io.wavfile.write
note,Note that 8-bit PCM is unsigned.,https://docs.scipy.org/doc/scipy/reference/generated/scipy.io.wavfile.write.html#scipy.io.wavfile.write
note,Release notes,https://docs.scipy.org/doc/scipy/reference/generated/scipy.io.arff.loadarff.html#scipy.io.arff.loadarff
not support,The ARFF file has an attribute which is not supported yet.,https://docs.scipy.org/doc/scipy/reference/generated/scipy.io.arff.loadarff.html#scipy.io.arff.loadarff
note,Notes,https://docs.scipy.org/doc/scipy/reference/generated/scipy.io.arff.loadarff.html#scipy.io.arff.loadarff
should,This function should be able to read most arff files.,https://docs.scipy.org/doc/scipy/reference/generated/scipy.io.arff.loadarff.html#scipy.io.arff.loadarff
note,Release notes,https://docs.scipy.org/doc/scipy/reference/generated/scipy.io.netcdf_file.html#scipy.io.netcdf_file
should,"Application programs should never modify these
dictionaries.",https://docs.scipy.org/doc/scipy/reference/generated/scipy.io.netcdf_file.html#scipy.io.netcdf_file
note,"Note that when mmap is in use, data arrays
returned refer directly to the mmapped data on disk, and the
file cannot be closed as long as references to it exist.",https://docs.scipy.org/doc/scipy/reference/generated/scipy.io.netcdf_file.html#scipy.io.netcdf_file
note,Notes,https://docs.scipy.org/doc/scipy/reference/generated/scipy.io.netcdf_file.html#scipy.io.netcdf_file
should,"If one wants to add more temperature data to
the NetCDF file as time progresses, then the temperature variable should
have the time dimension flagged as the record dimension.",https://docs.scipy.org/doc/scipy/reference/generated/scipy.io.netcdf_file.html#scipy.io.netcdf_file
note,"Note that when netcdf_file is used to open a file with mmap=True
(default for read-only), arrays returned by it refer to data
directly on the disk.",https://docs.scipy.org/doc/scipy/reference/generated/scipy.io.netcdf_file.html#scipy.io.netcdf_file
only,"Note that when netcdf_file is used to open a file with mmap=True
(default for read-only), arrays returned by it refer to data
directly on the disk.",https://docs.scipy.org/doc/scipy/reference/generated/scipy.io.netcdf_file.html#scipy.io.netcdf_file
should,"The file should not be closed, and cannot be cleanly
closed when asked, if such arrays are alive.",https://docs.scipy.org/doc/scipy/reference/generated/scipy.io.netcdf_file.html#scipy.io.netcdf_file
note,Note the assignment of arange(10) to time[:].,https://docs.scipy.org/doc/scipy/reference/generated/scipy.io.netcdf_file.html#scipy.io.netcdf_file
only,"NetCDF files, when opened read-only, return arrays that refer
directly to memory-mapped data on disk:",https://docs.scipy.org/doc/scipy/reference/generated/scipy.io.netcdf_file.html#scipy.io.netcdf_file
note,Release notes,https://docs.scipy.org/doc/scipy/reference/generated/scipy.interpolate.interp2d.html#scipy.interpolate.interp2d
note,io/devdocs/notebooks/interp_transition_guide.,https://docs.scipy.org/doc/scipy/reference/generated/scipy.interpolate.interp2d.html#scipy.interpolate.interp2d
note,"Note that calling interp2d with NaNs present in input values, or with
decreasing values in x an y results in undefined behaviour.",https://docs.scipy.org/doc/scipy/reference/generated/scipy.interpolate.interp2d.html#scipy.interpolate.interp2d
must,"Otherwise, x and y must specify the full coordinates for each
point, for example:",https://docs.scipy.org/doc/scipy/reference/generated/scipy.interpolate.interp2d.html#scipy.interpolate.interp2d
note,Notes,https://docs.scipy.org/doc/scipy/reference/generated/scipy.interpolate.interp2d.html#scipy.interpolate.interp2d
should,"If more control over smoothing is needed, bisplrep should be
used directly.",https://docs.scipy.org/doc/scipy/reference/generated/scipy.interpolate.interp2d.html#scipy.interpolate.interp2d
should,"New code should use
RegularGridInterpolator instead.",https://docs.scipy.org/doc/scipy/reference/generated/scipy.interpolate.interp2d.html#scipy.interpolate.interp2d
note,Release notes,https://docs.scipy.org/doc/scipy/reference/generated/scipy.interpolate.RectBivariateSpline.html#scipy.interpolate.RectBivariateSpline
note,Notes,https://docs.scipy.org/doc/scipy/reference/generated/scipy.interpolate.RectBivariateSpline.html#scipy.interpolate.RectBivariateSpline
note,Release notes,https://docs.scipy.org/doc/scipy/reference/generated/scipy.interpolate.bisplrep.html#scipy.interpolate.bisplrep
must,"bisplrep must have been previously called
with task=0 or task=1.",https://docs.scipy.org/doc/scipy/reference/generated/scipy.interpolate.bisplrep.html#scipy.interpolate.bisplrep
should,"If weights correspond
to the inverse of the standard-deviation of the errors in z,
then a good s-value should be found in the range
(m-sqrt(2*m),m+sqrt(2*m)) where m=len(x).",https://docs.scipy.org/doc/scipy/reference/generated/scipy.interpolate.bisplrep.html#scipy.interpolate.bisplrep
note,Notes,https://docs.scipy.org/doc/scipy/reference/generated/scipy.interpolate.bisplrep.html#scipy.interpolate.bisplrep
note,Release notes,https://docs.scipy.org/doc/scipy/reference/generated/scipy.interpolate.bisplev.html#scipy.interpolate.bisplev
note,Notes,https://docs.scipy.org/doc/scipy/reference/generated/scipy.interpolate.bisplev.html#scipy.interpolate.bisplev
note,Release notes,https://docs.scipy.org/doc/scipy/reference/generated/scipy.test.html
only,"test(), only the tests
for that namespace are run.",https://docs.scipy.org/doc/scipy/reference/generated/scipy.test.html
only,"Whether to run only the fast tests, or also those marked as slow.",https://docs.scipy.org/doc/scipy/reference/generated/scipy.test.html
note,Release notes,https://docs.scipy.org/doc/scipy/reference/generated/scipy.constants.value.html#scipy.constants.value
note,Release notes,https://docs.scipy.org/doc/scipy/reference/generated/scipy.constants.unit.html#scipy.constants.unit
note,Release notes,https://docs.scipy.org/doc/scipy/reference/generated/scipy.constants.precision.html#scipy.constants.precision
note,Release notes,https://docs.scipy.org/doc/scipy/reference/generated/scipy.constants.find.html#scipy.constants.find
note,Release notes,https://docs.scipy.org/doc/scipy/reference/generated/scipy.constants.ConstantWarning.html#scipy.constants.ConstantWarning
warning,"ConstantWarning
    
   
  
  
   
    
     
      
       ConstantWarning.",https://docs.scipy.org/doc/scipy/reference/generated/scipy.constants.ConstantWarning.html#scipy.constants.ConstantWarning
warning,ConstantWarning.,https://docs.scipy.org/doc/scipy/reference/generated/scipy.constants.ConstantWarning.html#scipy.constants.ConstantWarning
note,Release notes,https://docs.scipy.org/doc/scipy/reference/generated/scipy.constants.convert_temperature.html#scipy.constants.convert_temperature
note,Notes,https://docs.scipy.org/doc/scipy/reference/generated/scipy.constants.convert_temperature.html#scipy.constants.convert_temperature
note,Release notes,https://docs.scipy.org/doc/scipy/reference/generated/scipy.constants.lambda2nu.html#scipy.constants.lambda2nu
note,Notes,https://docs.scipy.org/doc/scipy/reference/generated/scipy.constants.lambda2nu.html#scipy.constants.lambda2nu
note,Release notes,https://docs.scipy.org/doc/scipy/reference/generated/scipy.constants.nu2lambda.html#scipy.constants.nu2lambda
note,Notes,https://docs.scipy.org/doc/scipy/reference/generated/scipy.constants.nu2lambda.html#scipy.constants.nu2lambda
note,Release notes,https://docs.scipy.org/doc/scipy/reference/generated/scipy.cluster.hierarchy.DisjointSet.__getitem__.html
note,Release notes,https://docs.scipy.org/doc/scipy/reference/generated/scipy.fftpack.fft.html#scipy.fftpack.fft
note,Notes,https://docs.scipy.org/doc/scipy/reference/generated/scipy.fftpack.fft.html#scipy.fftpack.fft
not support,"Long-double precision inputs are
not supported.",https://docs.scipy.org/doc/scipy/reference/generated/scipy.fftpack.fft.html#scipy.fftpack.fft
note,"Note that if x is real-valued, then A[j] == A[n-j].",https://docs.scipy.org/doc/scipy/reference/generated/scipy.fftpack.fft.html#scipy.fftpack.fft
only,"To increase efficiency
a little further, use rfft, which does the same calculation, but only
outputs half of the symmetrical spectrum.",https://docs.scipy.org/doc/scipy/reference/generated/scipy.fftpack.fft.html#scipy.fftpack.fft
note,Release notes,https://docs.scipy.org/doc/scipy/reference/generated/scipy.fftpack.ifft.html#scipy.fftpack.ifft
note,Notes,https://docs.scipy.org/doc/scipy/reference/generated/scipy.fftpack.ifft.html#scipy.fftpack.ifft
not support,"Long-double precision inputs are
not supported.",https://docs.scipy.org/doc/scipy/reference/generated/scipy.fftpack.ifft.html#scipy.fftpack.ifft
note,Release notes,https://docs.scipy.org/doc/scipy/reference/generated/scipy.fftpack.fft2.html#scipy.fftpack.fft2
note,Release notes,https://docs.scipy.org/doc/scipy/reference/generated/scipy.fftpack.ifft2.html#scipy.fftpack.ifft2
note,Release notes,https://docs.scipy.org/doc/scipy/reference/generated/scipy.fftpack.fftn.html#scipy.fftpack.fftn
note,Notes,https://docs.scipy.org/doc/scipy/reference/generated/scipy.fftpack.fftn.html#scipy.fftpack.fftn
not support,"Long-double precision inputs are
not supported.",https://docs.scipy.org/doc/scipy/reference/generated/scipy.fftpack.fftn.html#scipy.fftpack.fftn
note,Release notes,https://docs.scipy.org/doc/scipy/reference/generated/scipy.fftpack.ifftn.html#scipy.fftpack.ifftn
note,Release notes,https://docs.scipy.org/doc/scipy/reference/generated/scipy.fftpack.rfft.html#scipy.fftpack.rfft
note,Notes,https://docs.scipy.org/doc/scipy/reference/generated/scipy.fftpack.rfft.html#scipy.fftpack.rfft
not support,"Long-double precision inputs are
not supported.",https://docs.scipy.org/doc/scipy/reference/generated/scipy.fftpack.rfft.html#scipy.fftpack.rfft
note,Release notes,https://docs.scipy.org/doc/scipy/reference/generated/scipy.fftpack.irfft.html#scipy.fftpack.irfft
note,Notes,https://docs.scipy.org/doc/scipy/reference/generated/scipy.fftpack.irfft.html#scipy.fftpack.irfft
note,denotes complex conjugate of preceding expression.,https://docs.scipy.org/doc/scipy/reference/generated/scipy.fftpack.irfft.html#scipy.fftpack.irfft
note,Release notes,https://docs.scipy.org/doc/scipy/reference/generated/scipy.fftpack.dct.html#scipy.fftpack.dct
note,Type of the DCT (see Notes).,https://docs.scipy.org/doc/scipy/reference/generated/scipy.fftpack.dct.html#scipy.fftpack.dct
note,Normalization mode (see Notes).,https://docs.scipy.org/doc/scipy/reference/generated/scipy.fftpack.dct.html#scipy.fftpack.dct
note,Notes,https://docs.scipy.org/doc/scipy/reference/generated/scipy.fftpack.dct.html#scipy.fftpack.dct
only,"There are, theoretically, 8 types of the DCT, only the first 4 types are
implemented in scipy.",https://docs.scipy.org/doc/scipy/reference/generated/scipy.fftpack.dct.html#scipy.fftpack.dct
note,Note,https://docs.scipy.org/doc/scipy/reference/generated/scipy.fftpack.dct.html#scipy.fftpack.dct
only,The DCT-I is only supported for input size > 1.,https://docs.scipy.org/doc/scipy/reference/generated/scipy.fftpack.dct.html#scipy.fftpack.dct
note,Release notes,https://docs.scipy.org/doc/scipy/reference/generated/scipy.fftpack.idct.html#scipy.fftpack.idct
note,Type of the DCT (see Notes).,https://docs.scipy.org/doc/scipy/reference/generated/scipy.fftpack.idct.html#scipy.fftpack.idct
note,Normalization mode (see Notes).,https://docs.scipy.org/doc/scipy/reference/generated/scipy.fftpack.idct.html#scipy.fftpack.idct
note,Notes,https://docs.scipy.org/doc/scipy/reference/generated/scipy.fftpack.idct.html#scipy.fftpack.idct
note,Release notes,https://docs.scipy.org/doc/scipy/reference/generated/scipy.fftpack.dctn.html#scipy.fftpack.dctn
note,Type of the DCT (see Notes).,https://docs.scipy.org/doc/scipy/reference/generated/scipy.fftpack.dctn.html#scipy.fftpack.dctn
note,Normalization mode (see Notes).,https://docs.scipy.org/doc/scipy/reference/generated/scipy.fftpack.dctn.html#scipy.fftpack.dctn
note,Notes,https://docs.scipy.org/doc/scipy/reference/generated/scipy.fftpack.dctn.html#scipy.fftpack.dctn
note,Release notes,https://docs.scipy.org/doc/scipy/reference/generated/scipy.fftpack.idctn.html#scipy.fftpack.idctn
note,Type of the DCT (see Notes).,https://docs.scipy.org/doc/scipy/reference/generated/scipy.fftpack.idctn.html#scipy.fftpack.idctn
note,Normalization mode (see Notes).,https://docs.scipy.org/doc/scipy/reference/generated/scipy.fftpack.idctn.html#scipy.fftpack.idctn
note,Notes,https://docs.scipy.org/doc/scipy/reference/generated/scipy.fftpack.idctn.html#scipy.fftpack.idctn
note,Release notes,https://docs.scipy.org/doc/scipy/reference/generated/scipy.fftpack.dst.html#scipy.fftpack.dst
note,Type of the DST (see Notes).,https://docs.scipy.org/doc/scipy/reference/generated/scipy.fftpack.dst.html#scipy.fftpack.dst
note,Normalization mode (see Notes).,https://docs.scipy.org/doc/scipy/reference/generated/scipy.fftpack.dst.html#scipy.fftpack.dst
note,Notes,https://docs.scipy.org/doc/scipy/reference/generated/scipy.fftpack.dst.html#scipy.fftpack.dst
only,"There are, theoretically, 8 types of the DST for different combinations of
even/odd boundary conditions and boundary off sets [1], only the first
4 types are implemented in scipy.",https://docs.scipy.org/doc/scipy/reference/generated/scipy.fftpack.dst.html#scipy.fftpack.dst
note,Note that the DST-I is only supported for input size > 1.,https://docs.scipy.org/doc/scipy/reference/generated/scipy.fftpack.dst.html#scipy.fftpack.dst
only,Note that the DST-I is only supported for input size > 1.,https://docs.scipy.org/doc/scipy/reference/generated/scipy.fftpack.dst.html#scipy.fftpack.dst
note,Release notes,https://docs.scipy.org/doc/scipy/reference/generated/scipy.fftpack.idst.html#scipy.fftpack.idst
note,Type of the DST (see Notes).,https://docs.scipy.org/doc/scipy/reference/generated/scipy.fftpack.idst.html#scipy.fftpack.idst
note,Normalization mode (see Notes).,https://docs.scipy.org/doc/scipy/reference/generated/scipy.fftpack.idst.html#scipy.fftpack.idst
note,Notes,https://docs.scipy.org/doc/scipy/reference/generated/scipy.fftpack.idst.html#scipy.fftpack.idst
note,Release notes,https://docs.scipy.org/doc/scipy/reference/generated/scipy.fftpack.dstn.html#scipy.fftpack.dstn
note,Type of the DST (see Notes).,https://docs.scipy.org/doc/scipy/reference/generated/scipy.fftpack.dstn.html#scipy.fftpack.dstn
note,Normalization mode (see Notes).,https://docs.scipy.org/doc/scipy/reference/generated/scipy.fftpack.dstn.html#scipy.fftpack.dstn
note,Notes,https://docs.scipy.org/doc/scipy/reference/generated/scipy.fftpack.dstn.html#scipy.fftpack.dstn
note,Release notes,https://docs.scipy.org/doc/scipy/reference/generated/scipy.fftpack.idstn.html#scipy.fftpack.idstn
note,Type of the DST (see Notes).,https://docs.scipy.org/doc/scipy/reference/generated/scipy.fftpack.idstn.html#scipy.fftpack.idstn
note,Normalization mode (see Notes).,https://docs.scipy.org/doc/scipy/reference/generated/scipy.fftpack.idstn.html#scipy.fftpack.idstn
note,Notes,https://docs.scipy.org/doc/scipy/reference/generated/scipy.fftpack.idstn.html#scipy.fftpack.idstn
note,Release notes,https://docs.scipy.org/doc/scipy/reference/generated/scipy.fftpack.diff.html#scipy.fftpack.diff
note,Notes,https://docs.scipy.org/doc/scipy/reference/generated/scipy.fftpack.diff.html#scipy.fftpack.diff
note,Release notes,https://docs.scipy.org/doc/scipy/reference/generated/scipy.fftpack.tilbert.html#scipy.fftpack.tilbert
note,Notes,https://docs.scipy.org/doc/scipy/reference/generated/scipy.fftpack.tilbert.html#scipy.fftpack.tilbert
note,Release notes,https://docs.scipy.org/doc/scipy/reference/generated/scipy.fftpack.itilbert.html#scipy.fftpack.itilbert
note,Release notes,https://docs.scipy.org/doc/scipy/reference/generated/scipy.fftpack.hilbert.html#scipy.fftpack.hilbert
should,"The input array, should be periodic.",https://docs.scipy.org/doc/scipy/reference/generated/scipy.fftpack.hilbert.html#scipy.fftpack.hilbert
note,Notes,https://docs.scipy.org/doc/scipy/reference/generated/scipy.fftpack.hilbert.html#scipy.fftpack.hilbert
note,"Note also
that scipy.",https://docs.scipy.org/doc/scipy/reference/generated/scipy.fftpack.hilbert.html#scipy.fftpack.hilbert
note,Release notes,https://docs.scipy.org/doc/scipy/reference/generated/scipy.fftpack.ihilbert.html#scipy.fftpack.ihilbert
note,Release notes,https://docs.scipy.org/doc/scipy/reference/generated/scipy.fftpack.cs_diff.html#scipy.fftpack.cs_diff
note,Notes,https://docs.scipy.org/doc/scipy/reference/generated/scipy.fftpack.cs_diff.html#scipy.fftpack.cs_diff
note,Release notes,https://docs.scipy.org/doc/scipy/reference/generated/scipy.fftpack.sc_diff.html#scipy.fftpack.sc_diff
note,Notes,https://docs.scipy.org/doc/scipy/reference/generated/scipy.fftpack.sc_diff.html#scipy.fftpack.sc_diff
note,Release notes,https://docs.scipy.org/doc/scipy/reference/generated/scipy.fftpack.ss_diff.html#scipy.fftpack.ss_diff
note,Notes,https://docs.scipy.org/doc/scipy/reference/generated/scipy.fftpack.ss_diff.html#scipy.fftpack.ss_diff
note,Release notes,https://docs.scipy.org/doc/scipy/reference/generated/scipy.fftpack.cc_diff.html#scipy.fftpack.cc_diff
note,Notes,https://docs.scipy.org/doc/scipy/reference/generated/scipy.fftpack.cc_diff.html#scipy.fftpack.cc_diff
note,Release notes,https://docs.scipy.org/doc/scipy/reference/generated/scipy.fftpack.shift.html#scipy.fftpack.shift
note,Release notes,https://docs.scipy.org/doc/scipy/reference/generated/scipy.fftpack.fftshift.html#scipy.fftpack.fftshift
note,Note that y[0] is the Nyquist component only if len(x) is even.,https://docs.scipy.org/doc/scipy/reference/generated/scipy.fftpack.fftshift.html#scipy.fftpack.fftshift
only,Note that y[0] is the Nyquist component only if len(x) is even.,https://docs.scipy.org/doc/scipy/reference/generated/scipy.fftpack.fftshift.html#scipy.fftpack.fftshift
only,Shift the zero-frequency component only along the second axis:,https://docs.scipy.org/doc/scipy/reference/generated/scipy.fftpack.fftshift.html#scipy.fftpack.fftshift
note,Release notes,https://docs.scipy.org/doc/scipy/reference/generated/scipy.fftpack.ifftshift.html#scipy.fftpack.ifftshift
note,Release notes,https://docs.scipy.org/doc/scipy/reference/generated/scipy.fftpack.fftfreq.html#scipy.fftpack.fftfreq
note,Release notes,https://docs.scipy.org/doc/scipy/reference/generated/scipy.fftpack.rfftfreq.html#scipy.fftpack.rfftfreq
note,Release notes,https://docs.scipy.org/doc/scipy/reference/generated/scipy.fftpack.next_fast_len.html#scipy.fftpack.next_fast_len
must,Must be a positive integer.,https://docs.scipy.org/doc/scipy/reference/generated/scipy.fftpack.next_fast_len.html#scipy.fftpack.next_fast_len
note,Notes,https://docs.scipy.org/doc/scipy/reference/generated/scipy.fftpack.next_fast_len.html#scipy.fftpack.next_fast_len
note,Release notes,https://docs.scipy.org/doc/scipy/reference/generated/scipy.fftpack.convolve.convolve.html#scipy.fftpack.convolve.convolve
note,Release notes,https://docs.scipy.org/doc/scipy/reference/generated/scipy.fftpack.convolve.convolve_z.html#scipy.fftpack.convolve.convolve_z
note,Release notes,https://docs.scipy.org/doc/scipy/reference/generated/scipy.fftpack.convolve.init_convolution_kernel.html#scipy.fftpack.convolve.init_convolution_kernel
note,Notes,https://docs.scipy.org/doc/scipy/reference/generated/scipy.fftpack.convolve.init_convolution_kernel.html#scipy.fftpack.convolve.init_convolution_kernel
note,Release notes,https://docs.scipy.org/doc/scipy/reference/generated/scipy.fftpack.convolve.destroy_convolve_cache.html#scipy.fftpack.convolve.destroy_convolve_cache
note,Release notes,https://docs.scipy.org/doc/scipy/reference/generated/scipy.fft.register_backend.html
note,Release notes,https://docs.scipy.org/doc/scipy/reference/generated/scipy.integrate.quad_vec.html#scipy.integrate.quad_vec
only,Returned only when full_output=True.,https://docs.scipy.org/doc/scipy/reference/generated/scipy.integrate.quad_vec.html#scipy.integrate.quad_vec
note,"Note that at most cache_size values are recorded,
and the array may contains nan for missing items.",https://docs.scipy.org/doc/scipy/reference/generated/scipy.integrate.quad_vec.html#scipy.integrate.quad_vec
note,Notes,https://docs.scipy.org/doc/scipy/reference/generated/scipy.integrate.quad_vec.html#scipy.integrate.quad_vec
only,"The logic of subdividing “next largest” intervals first is then
not implemented, and we rely on the above extension to avoid
concentrating on “small” intervals only.",https://docs.scipy.org/doc/scipy/reference/generated/scipy.integrate.quad_vec.html#scipy.integrate.quad_vec
note,Release notes,https://docs.scipy.org/doc/scipy/reference/generated/scipy.integrate.newton_cotes.html#scipy.integrate.newton_cotes
note,Notes,https://docs.scipy.org/doc/scipy/reference/generated/scipy.integrate.newton_cotes.html#scipy.integrate.newton_cotes
note,Release notes,https://docs.scipy.org/doc/scipy/reference/generated/scipy.integrate.qmc_quad.html#scipy.integrate.qmc_quad
must,"Must accept a single argument x, an array which
specifies the point(s) at which to evaluate the scalar-valued
integrand, and return the value(s) of the integrand.",https://docs.scipy.org/doc/scipy/reference/generated/scipy.integrate.qmc_quad.html#scipy.integrate.qmc_quad
should,"For efficiency, the function should be vectorized to accept an array of
shape (d, n_points), where d is the number of variables (i.",https://docs.scipy.org/doc/scipy/reference/generated/scipy.integrate.qmc_quad.html#scipy.integrate.qmc_quad
note,See Notes for details.,https://docs.scipy.org/doc/scipy/reference/generated/scipy.integrate.qmc_quad.html#scipy.integrate.qmc_quad
must,"The QMCEngine must be initialized to a number of dimensions d
corresponding with the number of variables x1, .",https://docs.scipy.org/doc/scipy/reference/generated/scipy.integrate.qmc_quad.html#scipy.integrate.qmc_quad
note,See Notes for interpretation.,https://docs.scipy.org/doc/scipy/reference/generated/scipy.integrate.qmc_quad.html#scipy.integrate.qmc_quad
note,Notes,https://docs.scipy.org/doc/scipy/reference/generated/scipy.integrate.qmc_quad.html#scipy.integrate.qmc_quad
note,Release notes,https://docs.scipy.org/doc/scipy/reference/generated/scipy.integrate.IntegrationWarning.html#scipy.integrate.IntegrationWarning
warning,"IntegrationWarning
    
   
  
  
   
    
     
      
       IntegrationWarning.",https://docs.scipy.org/doc/scipy/reference/generated/scipy.integrate.IntegrationWarning.html#scipy.integrate.IntegrationWarning
warning,IntegrationWarning.,https://docs.scipy.org/doc/scipy/reference/generated/scipy.integrate.IntegrationWarning.html#scipy.integrate.IntegrationWarning
warning,Warning on issues during integration.,https://docs.scipy.org/doc/scipy/reference/generated/scipy.integrate.IntegrationWarning.html#scipy.integrate.IntegrationWarning
note,Release notes,https://docs.scipy.org/doc/scipy/reference/generated/scipy.integrate.AccuracyWarning.html#scipy.integrate.AccuracyWarning
warning,"AccuracyWarning
    
   
  
  
   
    
     
      
       AccuracyWarning.",https://docs.scipy.org/doc/scipy/reference/generated/scipy.integrate.AccuracyWarning.html#scipy.integrate.AccuracyWarning
warning,AccuracyWarning.,https://docs.scipy.org/doc/scipy/reference/generated/scipy.integrate.AccuracyWarning.html#scipy.integrate.AccuracyWarning
note,Release notes,https://docs.scipy.org/doc/scipy/reference/generated/scipy.integrate.cumulative_trapezoid.html#scipy.integrate.cumulative_trapezoid
only,Only used if x is None.,https://docs.scipy.org/doc/scipy/reference/generated/scipy.integrate.cumulative_trapezoid.html#scipy.integrate.cumulative_trapezoid
only,0 or None are the only values accepted.,https://docs.scipy.org/doc/scipy/reference/generated/scipy.integrate.cumulative_trapezoid.html#scipy.integrate.cumulative_trapezoid
note,Release notes,https://docs.scipy.org/doc/scipy/reference/generated/scipy.integrate.cumulative_simpson.html#scipy.integrate.cumulative_simpson
must,"Must have the same shape as y or
must be 1D with the same length as y along axis.",https://docs.scipy.org/doc/scipy/reference/generated/scipy.integrate.cumulative_simpson.html#scipy.integrate.cumulative_simpson
must,"x must also be
strictly increasing along axis.",https://docs.scipy.org/doc/scipy/reference/generated/scipy.integrate.cumulative_simpson.html#scipy.integrate.cumulative_simpson
only,Only used if x is None.,https://docs.scipy.org/doc/scipy/reference/generated/scipy.integrate.cumulative_simpson.html#scipy.integrate.cumulative_simpson
note,Notes,https://docs.scipy.org/doc/scipy/reference/generated/scipy.integrate.cumulative_simpson.html#scipy.integrate.cumulative_simpson
note,Release notes,https://docs.scipy.org/doc/scipy/reference/generated/scipy.integrate.RK23.html#scipy.integrate.RK23
must,"fun must
return an array of the same shape as y.",https://docs.scipy.org/doc/scipy/reference/generated/scipy.integrate.RK23.html#scipy.integrate.RK23
should,"Default is None which means that the algorithm
should choose.",https://docs.scipy.org/doc/scipy/reference/generated/scipy.integrate.RK23.html#scipy.integrate.RK23
must,"In this case, fun must behave
such that fun(t, y)[:, i] == fun(t, y[:, i]) (i.",https://docs.scipy.org/doc/scipy/reference/generated/scipy.integrate.RK23.html#scipy.integrate.RK23
note,Release notes,https://docs.scipy.org/doc/scipy/reference/generated/scipy.integrate.DOP853.html#scipy.integrate.DOP853
note,"Note that this is not a literal translation, but
the algorithmic core and coefficients are the same.",https://docs.scipy.org/doc/scipy/reference/generated/scipy.integrate.DOP853.html#scipy.integrate.DOP853
must,"Here, t is a scalar, and there are two options for the ndarray y:
It can either have shape (n,); then fun must return array_like with
shape (n,).",https://docs.scipy.org/doc/scipy/reference/generated/scipy.integrate.DOP853.html#scipy.integrate.DOP853
must,"Alternatively it can have shape (n, k); then fun
must return an array_like with shape (n, k), i.",https://docs.scipy.org/doc/scipy/reference/generated/scipy.integrate.DOP853.html#scipy.integrate.DOP853
should,"Default is None which means that the algorithm
should choose.",https://docs.scipy.org/doc/scipy/reference/generated/scipy.integrate.DOP853.html#scipy.integrate.DOP853
note,Release notes,https://docs.scipy.org/doc/scipy/reference/generated/scipy.integrate.BDF.html#scipy.integrate.BDF
must,"fun must
return an array of the same shape as y.",https://docs.scipy.org/doc/scipy/reference/generated/scipy.integrate.BDF.html#scipy.integrate.BDF
should,"Default is None which means that the algorithm
should choose.",https://docs.scipy.org/doc/scipy/reference/generated/scipy.integrate.BDF.html#scipy.integrate.BDF
must,"Its shape must be (n, n).",https://docs.scipy.org/doc/scipy/reference/generated/scipy.integrate.BDF.html#scipy.integrate.BDF
only,"If the Jacobian has only few non-zero
elements in each row, providing the sparsity structure will greatly
speed up the computations [4].",https://docs.scipy.org/doc/scipy/reference/generated/scipy.integrate.BDF.html#scipy.integrate.BDF
must,"In this case, fun must behave
such that fun(t, y)[:, i] == fun(t, y[:, i]) (i.",https://docs.scipy.org/doc/scipy/reference/generated/scipy.integrate.BDF.html#scipy.integrate.BDF
note,Release notes,https://docs.scipy.org/doc/scipy/reference/generated/scipy.integrate.LSODA.html#scipy.integrate.LSODA
must,"fun must
return an array of the same shape as y.",https://docs.scipy.org/doc/scipy/reference/generated/scipy.integrate.LSODA.html#scipy.integrate.LSODA
should,"Default is None which means that the algorithm
should choose.",https://docs.scipy.org/doc/scipy/reference/generated/scipy.integrate.LSODA.html#scipy.integrate.LSODA
only,= 0 only for i - lband <= j <= i + uband.,https://docs.scipy.org/doc/scipy/reference/generated/scipy.integrate.LSODA.html#scipy.integrate.LSODA
must,"Setting
these requires your jac routine to return the Jacobian in the packed format:
the returned array must have n columns and uband + lband + 1
rows in which Jacobian diagonals are written.",https://docs.scipy.org/doc/scipy/reference/generated/scipy.integrate.LSODA.html#scipy.integrate.LSODA
must,"In this case, fun must behave
such that fun(t, y)[:, i] == fun(t, y[:, i]) (i.",https://docs.scipy.org/doc/scipy/reference/generated/scipy.integrate.LSODA.html#scipy.integrate.LSODA
note,Release notes,https://docs.scipy.org/doc/scipy/reference/generated/scipy.integrate.OdeSolver.html#scipy.integrate.OdeSolver
must,"A constructor must accept parameters presented in the base class
(listed below) along with any other parameters specific to a solver.",https://docs.scipy.org/doc/scipy/reference/generated/scipy.integrate.OdeSolver.html#scipy.integrate.OdeSolver
must,"A constructor must accept parameters presented in the base class
(listed below) along with any other parameters specific to a solver.",https://docs.scipy.org/doc/scipy/reference/generated/scipy.integrate.OdeSolver.html#scipy.integrate.OdeSolver
must,"A constructor must accept arbitrary extraneous arguments
**extraneous, but warn that these arguments are irrelevant
using common.",https://docs.scipy.org/doc/scipy/reference/generated/scipy.integrate.OdeSolver.html#scipy.integrate.OdeSolver
must,"A constructor must accept arbitrary extraneous arguments
**extraneous, but warn that these arguments are irrelevant
using common.",https://docs.scipy.org/doc/scipy/reference/generated/scipy.integrate.OdeSolver.html#scipy.integrate.OdeSolver
must,"A solver must implement a private method _step_impl(self) which
propagates a solver one step further.",https://docs.scipy.org/doc/scipy/reference/generated/scipy.integrate.OdeSolver.html#scipy.integrate.OdeSolver
must,"It must return tuple
(success, message), where success is a boolean indicating
whether a step was successful, and message is a string
containing description of a failure if a step failed or None
otherwise.",https://docs.scipy.org/doc/scipy/reference/generated/scipy.integrate.OdeSolver.html#scipy.integrate.OdeSolver
must,"A solver must implement a private method _step_impl(self) which
propagates a solver one step further.",https://docs.scipy.org/doc/scipy/reference/generated/scipy.integrate.OdeSolver.html#scipy.integrate.OdeSolver
must,"It must return tuple
(success, message), where success is a boolean indicating
whether a step was successful, and message is a string
containing description of a failure if a step failed or None
otherwise.",https://docs.scipy.org/doc/scipy/reference/generated/scipy.integrate.OdeSolver.html#scipy.integrate.OdeSolver
must,"A solver must implement a private method _dense_output_impl(self),
which returns a DenseOutput object covering the last successful
step.",https://docs.scipy.org/doc/scipy/reference/generated/scipy.integrate.OdeSolver.html#scipy.integrate.OdeSolver
must,"A solver must implement a private method _dense_output_impl(self),
which returns a DenseOutput object covering the last successful
step.",https://docs.scipy.org/doc/scipy/reference/generated/scipy.integrate.OdeSolver.html#scipy.integrate.OdeSolver
must,A solver must have attributes listed below in Attributes section.,https://docs.scipy.org/doc/scipy/reference/generated/scipy.integrate.OdeSolver.html#scipy.integrate.OdeSolver
note,Note that t_old and step_size are updated automatically.,https://docs.scipy.org/doc/scipy/reference/generated/scipy.integrate.OdeSolver.html#scipy.integrate.OdeSolver
must,A solver must have attributes listed below in Attributes section.,https://docs.scipy.org/doc/scipy/reference/generated/scipy.integrate.OdeSolver.html#scipy.integrate.OdeSolver
note,Note that t_old and step_size are updated automatically.,https://docs.scipy.org/doc/scipy/reference/generated/scipy.integrate.OdeSolver.html#scipy.integrate.OdeSolver
should,"If a solver uses a Jacobian matrix and LU decompositions, it should
track the number of Jacobian evaluations (njev) and the number of
LU decompositions (nlu).",https://docs.scipy.org/doc/scipy/reference/generated/scipy.integrate.OdeSolver.html#scipy.integrate.OdeSolver
should,"If a solver uses a Jacobian matrix and LU decompositions, it should
track the number of Jacobian evaluations (njev) and the number of
LU decompositions (nlu).",https://docs.scipy.org/doc/scipy/reference/generated/scipy.integrate.OdeSolver.html#scipy.integrate.OdeSolver
should,"By convention, the function evaluations used to compute a finite
difference approximation of the Jacobian should not be counted in
nfev, thus use fun_single(self, t, y) or
fun_vectorized(self, t, y) when computing a finite difference
approximation of the Jacobian.",https://docs.scipy.org/doc/scipy/reference/generated/scipy.integrate.OdeSolver.html#scipy.integrate.OdeSolver
should,"By convention, the function evaluations used to compute a finite
difference approximation of the Jacobian should not be counted in
nfev, thus use fun_single(self, t, y) or
fun_vectorized(self, t, y) when computing a finite difference
approximation of the Jacobian.",https://docs.scipy.org/doc/scipy/reference/generated/scipy.integrate.OdeSolver.html#scipy.integrate.OdeSolver
must,"fun must
return an array of the same shape as y.",https://docs.scipy.org/doc/scipy/reference/generated/scipy.integrate.OdeSolver.html#scipy.integrate.OdeSolver
must,"In this case, fun must behave
such that fun(t, y)[:, i] == fun(t, y[:, i]) (i.",https://docs.scipy.org/doc/scipy/reference/generated/scipy.integrate.OdeSolver.html#scipy.integrate.OdeSolver
should,Whether integration in a complex domain should be supported.,https://docs.scipy.org/doc/scipy/reference/generated/scipy.integrate.OdeSolver.html#scipy.integrate.OdeSolver
note,Release notes,https://docs.scipy.org/doc/scipy/reference/generated/scipy.integrate.DenseOutput.html#scipy.integrate.DenseOutput
note,Release notes,https://docs.scipy.org/doc/scipy/reference/generated/scipy.integrate.OdeSolution.html#scipy.integrate.OdeSolution
must,"Must
be strictly increasing or decreasing (zero segment with two points is
also allowed).",https://docs.scipy.org/doc/scipy/reference/generated/scipy.integrate.OdeSolution.html#scipy.integrate.OdeSolution
only,"This functionality is only relevant for testing the
interpolants’ accuracy: different integrators use different
construction strategies.",https://docs.scipy.org/doc/scipy/reference/generated/scipy.integrate.OdeSolution.html#scipy.integrate.OdeSolution
note,Release notes,https://docs.scipy.org/doc/scipy/reference/generated/scipy.integrate.ode.html#scipy.integrate.ode
note,"Note: The first two arguments of f(t, y, .",https://docs.scipy.org/doc/scipy/reference/generated/scipy.integrate.ode.html#scipy.integrate.ode
should,"f should return a scalar, array or list (not a tuple).",https://docs.scipy.org/doc/scipy/reference/generated/scipy.integrate.ode.html#scipy.integrate.ode
note,Notes,https://docs.scipy.org/doc/scipy/reference/generated/scipy.integrate.ode.html#scipy.integrate.ode
warning,Warning,https://docs.scipy.org/doc/scipy/reference/generated/scipy.integrate.ode.html#scipy.integrate.ode
must,"The
dimension of the matrix must be (lband+uband+1, len(y)).",https://docs.scipy.org/doc/scipy/reference/generated/scipy.integrate.ode.html#scipy.integrate.ode
must,"The
dimension of the matrix must be (lband+uband+1, len(y)).",https://docs.scipy.org/doc/scipy/reference/generated/scipy.integrate.ode.html#scipy.integrate.ode
only,"with_jacobian : bool
This option is only considered when the user has not supplied a
Jacobian function and has not indicated (by setting either band)
that the Jacobian is banded.",https://docs.scipy.org/doc/scipy/reference/generated/scipy.integrate.ode.html#scipy.integrate.ode
only,"with_jacobian : bool
This option is only considered when the user has not supplied a
Jacobian function and has not indicated (by setting either band)
that the Jacobian is banded.",https://docs.scipy.org/doc/scipy/reference/generated/scipy.integrate.ode.html#scipy.integrate.ode
warning,Warning,https://docs.scipy.org/doc/scipy/reference/generated/scipy.integrate.ode.html#scipy.integrate.ode
note,Note,https://docs.scipy.org/doc/scipy/reference/generated/scipy.integrate.ode.html#scipy.integrate.ode
only,"When using ZVODE for a stiff system, it should only be used for
the case in which the function f is analytic, that is, when each f(i)
is an analytic function of each y(j).",https://docs.scipy.org/doc/scipy/reference/generated/scipy.integrate.ode.html#scipy.integrate.ode
should,"When using ZVODE for a stiff system, it should only be used for
the case in which the function f is analytic, that is, when each f(i)
is an analytic function of each y(j).",https://docs.scipy.org/doc/scipy/reference/generated/scipy.integrate.ode.html#scipy.integrate.ode
should,"For a complex stiff ODE system
in which f is not analytic, ZVODE is likely to have convergence
failures, and for this problem one should instead use DVODE on the
equivalent real system (in the real and imaginary parts of y).",https://docs.scipy.org/doc/scipy/reference/generated/scipy.integrate.ode.html#scipy.integrate.ode
warning,Warning,https://docs.scipy.org/doc/scipy/reference/generated/scipy.integrate.ode.html#scipy.integrate.ode
note,Release notes,https://docs.scipy.org/doc/scipy/reference/generated/scipy.integrate.complex_ode.html#scipy.integrate.complex_ode
note,Release notes,https://docs.scipy.org/doc/scipy/reference/generated/scipy.integrate.ODEintWarning.html#scipy.integrate.ODEintWarning
warning,"ODEintWarning
    
   
  
  
   
    
     
      
       ODEintWarning.",https://docs.scipy.org/doc/scipy/reference/generated/scipy.integrate.ODEintWarning.html#scipy.integrate.ODEintWarning
warning,ODEintWarning.,https://docs.scipy.org/doc/scipy/reference/generated/scipy.integrate.ODEintWarning.html#scipy.integrate.ODEintWarning
warning,Warning raised during the execution of odeint.,https://docs.scipy.org/doc/scipy/reference/generated/scipy.integrate.ODEintWarning.html#scipy.integrate.ODEintWarning
note,Release notes,https://docs.scipy.org/doc/scipy/reference/generated/scipy.integrate.solve_bvp.html#scipy.integrate.solve_bvp
must,"For the problem to be
determined, there must be n + k boundary conditions, i.",https://docs.scipy.org/doc/scipy/reference/generated/scipy.integrate.solve_bvp.html#scipy.integrate.solve_bvp
must,", bc must be an
(n + k)-D function.",https://docs.scipy.org/doc/scipy/reference/generated/scipy.integrate.solve_bvp.html#scipy.integrate.solve_bvp
must,"It is defined by an n-by-n matrix S, such that the solution must satisfy
S y(a) = 0.",https://docs.scipy.org/doc/scipy/reference/generated/scipy.integrate.solve_bvp.html#scipy.integrate.solve_bvp
must,"This condition will be forced during iterations, so it must not
contradict boundary conditions.",https://docs.scipy.org/doc/scipy/reference/generated/scipy.integrate.solve_bvp.html#scipy.integrate.solve_bvp
note,"Note that f and bc must be complex
differentiable (satisfy Cauchy-Riemann equations [4]), otherwise you
should rewrite your problem for real and imaginary parts separately.",https://docs.scipy.org/doc/scipy/reference/generated/scipy.integrate.solve_bvp.html#scipy.integrate.solve_bvp
must,"Note that f and bc must be complex
differentiable (satisfy Cauchy-Riemann equations [4]), otherwise you
should rewrite your problem for real and imaginary parts separately.",https://docs.scipy.org/doc/scipy/reference/generated/scipy.integrate.solve_bvp.html#scipy.integrate.solve_bvp
should,"Note that f and bc must be complex
differentiable (satisfy Cauchy-Riemann equations [4]), otherwise you
should rewrite your problem for real and imaginary parts separately.",https://docs.scipy.org/doc/scipy/reference/generated/scipy.integrate.solve_bvp.html#scipy.integrate.solve_bvp
must,"The
return value must be an array with shape (n, m) and with the same
layout as y.",https://docs.scipy.org/doc/scipy/reference/generated/scipy.integrate.solve_bvp.html#scipy.integrate.solve_bvp
must,"The return value must be an array with
shape (n + k,).",https://docs.scipy.org/doc/scipy/reference/generated/scipy.integrate.solve_bvp.html#scipy.integrate.solve_bvp
must,"Must be a strictly increasing sequence of real numbers
with x[0]=a and x[-1]=b.",https://docs.scipy.org/doc/scipy/reference/generated/scipy.integrate.solve_bvp.html#scipy.integrate.solve_bvp
should,"If the problem is solved without unknown
parameters, df_dp should not be returned.",https://docs.scipy.org/doc/scipy/reference/generated/scipy.integrate.solve_bvp.html#scipy.integrate.solve_bvp
should,"If the problem is solved without unknown parameters, dbc_dp should not
be returned.",https://docs.scipy.org/doc/scipy/reference/generated/scipy.integrate.solve_bvp.html#scipy.integrate.solve_bvp
should,"Desired absolute tolerance for the boundary condition residuals: bc
value should satisfy abs(bc) < bc_tol component-wise.",https://docs.scipy.org/doc/scipy/reference/generated/scipy.integrate.solve_bvp.html#scipy.integrate.solve_bvp
note,Notes,https://docs.scipy.org/doc/scipy/reference/generated/scipy.integrate.solve_bvp.html#scipy.integrate.solve_bvp
note,"Note that in [1]  integral residuals are defined without normalization
by interval lengths.",https://docs.scipy.org/doc/scipy/reference/generated/scipy.integrate.solve_bvp.html#scipy.integrate.solve_bvp
note,"We denote them by subscripts
a and b.",https://docs.scipy.org/doc/scipy/reference/generated/scipy.integrate.solve_bvp.html#scipy.integrate.solve_bvp
note,"Note that parameters p are passed as a vector (with one element in our
case).",https://docs.scipy.org/doc/scipy/reference/generated/scipy.integrate.solve_bvp.html#scipy.integrate.solve_bvp
note,Release notes,https://docs.scipy.org/doc/scipy/reference/generated/scipy.interpolate.BarycentricInterpolator.html#scipy.interpolate.BarycentricInterpolator
should,"1-D array of x coordinates of the points the polynomial
should pass through",https://docs.scipy.org/doc/scipy/reference/generated/scipy.interpolate.BarycentricInterpolator.html#scipy.interpolate.BarycentricInterpolator
should,N-D array of y coordinates of the points the polynomial should pass through.,https://docs.scipy.org/doc/scipy/reference/generated/scipy.interpolate.BarycentricInterpolator.html#scipy.interpolate.BarycentricInterpolator
must,"The length of yi along the interpolation axis must be equal to the length
of xi.",https://docs.scipy.org/doc/scipy/reference/generated/scipy.interpolate.BarycentricInterpolator.html#scipy.interpolate.BarycentricInterpolator
note,Notes,https://docs.scipy.org/doc/scipy/reference/generated/scipy.interpolate.BarycentricInterpolator.html#scipy.interpolate.BarycentricInterpolator
note,Release notes,https://docs.scipy.org/doc/scipy/reference/generated/scipy.interpolate.KroghInterpolator.html#scipy.interpolate.KroghInterpolator
must,Must be sorted in increasing order.,https://docs.scipy.org/doc/scipy/reference/generated/scipy.interpolate.KroghInterpolator.html#scipy.interpolate.KroghInterpolator
must,"The length of yi
along the interpolation axis must be equal to the length of xi.",https://docs.scipy.org/doc/scipy/reference/generated/scipy.interpolate.KroghInterpolator.html#scipy.interpolate.KroghInterpolator
note,Notes,https://docs.scipy.org/doc/scipy/reference/generated/scipy.interpolate.KroghInterpolator.html#scipy.interpolate.KroghInterpolator
note,Release notes,https://docs.scipy.org/doc/scipy/reference/generated/scipy.interpolate.barycentric_interpolate.html#scipy.interpolate.barycentric_interpolate
should,"1-D array of x coordinates of the points the polynomial should
pass through",https://docs.scipy.org/doc/scipy/reference/generated/scipy.interpolate.barycentric_interpolate.html#scipy.interpolate.barycentric_interpolate
should,The y coordinates of the points the polynomial should pass through.,https://docs.scipy.org/doc/scipy/reference/generated/scipy.interpolate.barycentric_interpolate.html#scipy.interpolate.barycentric_interpolate
note,Notes,https://docs.scipy.org/doc/scipy/reference/generated/scipy.interpolate.barycentric_interpolate.html#scipy.interpolate.barycentric_interpolate
should,"If you want to call this many times with the same xi (but possibly
varying yi or x) you should use the class BarycentricInterpolator.",https://docs.scipy.org/doc/scipy/reference/generated/scipy.interpolate.barycentric_interpolate.html#scipy.interpolate.barycentric_interpolate
note,Release notes,https://docs.scipy.org/doc/scipy/reference/generated/scipy.interpolate.krogh_interpolate.html#scipy.interpolate.krogh_interpolate
note,Notes,https://docs.scipy.org/doc/scipy/reference/generated/scipy.interpolate.krogh_interpolate.html#scipy.interpolate.krogh_interpolate
note,Release notes,https://docs.scipy.org/doc/scipy/reference/generated/scipy.interpolate.pchip_interpolate.html#scipy.interpolate.pchip_interpolate
must,"yi’s length along the interpolation
axis must be equal to the length of xi.",https://docs.scipy.org/doc/scipy/reference/generated/scipy.interpolate.pchip_interpolate.html#scipy.interpolate.pchip_interpolate
note,Release notes,https://docs.scipy.org/doc/scipy/reference/generated/scipy.interpolate.CubicHermiteSpline.html#scipy.interpolate.CubicHermiteSpline
must,"Values must be real, finite and in strictly increasing order.",https://docs.scipy.org/doc/scipy/reference/generated/scipy.interpolate.CubicHermiteSpline.html#scipy.interpolate.CubicHermiteSpline
must,"It can have
arbitrary number of dimensions, but the length along axis
(see below) must match the length of x.",https://docs.scipy.org/doc/scipy/reference/generated/scipy.interpolate.CubicHermiteSpline.html#scipy.interpolate.CubicHermiteSpline
must,Values must be finite.,https://docs.scipy.org/doc/scipy/reference/generated/scipy.interpolate.CubicHermiteSpline.html#scipy.interpolate.CubicHermiteSpline
must,"It can have
arbitrary number of dimensions, but the length along axis
(see below) must match the length of x.",https://docs.scipy.org/doc/scipy/reference/generated/scipy.interpolate.CubicHermiteSpline.html#scipy.interpolate.CubicHermiteSpline
must,Values must be finite.,https://docs.scipy.org/doc/scipy/reference/generated/scipy.interpolate.CubicHermiteSpline.html#scipy.interpolate.CubicHermiteSpline
note,Notes,https://docs.scipy.org/doc/scipy/reference/generated/scipy.interpolate.CubicHermiteSpline.html#scipy.interpolate.CubicHermiteSpline
note,Release notes,https://docs.scipy.org/doc/scipy/reference/generated/scipy.interpolate.Akima1DInterpolator.html#scipy.interpolate.Akima1DInterpolator
must,"The length of y along the interpolation axis
must be equal to the length of x.",https://docs.scipy.org/doc/scipy/reference/generated/scipy.interpolate.Akima1DInterpolator.html#scipy.interpolate.Akima1DInterpolator
note,Notes,https://docs.scipy.org/doc/scipy/reference/generated/scipy.interpolate.Akima1DInterpolator.html#scipy.interpolate.Akima1DInterpolator
only,"Use only for precise data, as the fitted curve passes through the given
points exactly.",https://docs.scipy.org/doc/scipy/reference/generated/scipy.interpolate.Akima1DInterpolator.html#scipy.interpolate.Akima1DInterpolator
note,Release notes,https://docs.scipy.org/doc/scipy/reference/generated/scipy.interpolate.PPoly.html#scipy.interpolate.PPoly
must,"Must be sorted in either increasing or
decreasing order.",https://docs.scipy.org/doc/scipy/reference/generated/scipy.interpolate.PPoly.html#scipy.interpolate.PPoly
note,Notes,https://docs.scipy.org/doc/scipy/reference/generated/scipy.interpolate.PPoly.html#scipy.interpolate.PPoly
note,Release notes,https://docs.scipy.org/doc/scipy/reference/generated/scipy.interpolate.BPoly.html#scipy.interpolate.BPoly
must,"Must be sorted in either increasing or
decreasing order.",https://docs.scipy.org/doc/scipy/reference/generated/scipy.interpolate.BPoly.html#scipy.interpolate.BPoly
note,Notes,https://docs.scipy.org/doc/scipy/reference/generated/scipy.interpolate.BPoly.html#scipy.interpolate.BPoly
note,edu/education/CAGDNotes/Bernstein-Polynomials.,https://docs.scipy.org/doc/scipy/reference/generated/scipy.interpolate.BPoly.html#scipy.interpolate.BPoly
note,Release notes,https://docs.scipy.org/doc/scipy/reference/generated/scipy.interpolate.Rbf.html#scipy.interpolate.Rbf
must,"If callable, then it must take 2 arguments (self, r).",https://docs.scipy.org/doc/scipy/reference/generated/scipy.interpolate.Rbf.html#scipy.interpolate.Rbf
note,Release notes,https://docs.scipy.org/doc/scipy/reference/generated/scipy.interpolate.interpn.html#scipy.interpolate.interpn
must,"every elements of the points tuple) must be
strictly ascending or descending.",https://docs.scipy.org/doc/scipy/reference/generated/scipy.interpolate.interpn.html#scipy.interpolate.interpn
only,“splinef2d” is only supported for 2-dimensional data.,https://docs.scipy.org/doc/scipy/reference/generated/scipy.interpolate.interpn.html#scipy.interpolate.interpn
not support,"Extrapolation is not supported by method
“splinef2d”.",https://docs.scipy.org/doc/scipy/reference/generated/scipy.interpolate.interpn.html#scipy.interpolate.interpn
note,"See notes for behaviour when
xi.",https://docs.scipy.org/doc/scipy/reference/generated/scipy.interpolate.interpn.html#scipy.interpolate.interpn
note,Notes,https://docs.scipy.org/doc/scipy/reference/generated/scipy.interpolate.interpn.html#scipy.interpolate.interpn
note,Release notes,https://docs.scipy.org/doc/scipy/reference/generated/scipy.interpolate.NdPPoly.html#scipy.interpolate.NdPPoly
must,"These must be
sorted in increasing order.",https://docs.scipy.org/doc/scipy/reference/generated/scipy.interpolate.NdPPoly.html#scipy.interpolate.NdPPoly
note,Notes,https://docs.scipy.org/doc/scipy/reference/generated/scipy.interpolate.NdPPoly.html#scipy.interpolate.NdPPoly
note,Release notes,https://docs.scipy.org/doc/scipy/reference/generated/scipy.interpolate.NdBSpline.html#scipy.interpolate.NdBSpline
note,Release notes,https://docs.scipy.org/doc/scipy/reference/generated/scipy.interpolate.BSpline.html#scipy.interpolate.BSpline
note,Notes,https://docs.scipy.org/doc/scipy/reference/generated/scipy.interpolate.BSpline.html#scipy.interpolate.BSpline
note,"Note that this is an inefficient (if straightforward) way to
evaluate B-splines — this spline class does it in an equivalent,
but much more efficient way.",https://docs.scipy.org/doc/scipy/reference/generated/scipy.interpolate.BSpline.html#scipy.interpolate.BSpline
note,Note that outside of the base interval results differ.,https://docs.scipy.org/doc/scipy/reference/generated/scipy.interpolate.BSpline.html#scipy.interpolate.BSpline
only,k) (read-only).,https://docs.scipy.org/doc/scipy/reference/generated/scipy.interpolate.BSpline.html#scipy.interpolate.BSpline
note,Release notes,https://docs.scipy.org/doc/scipy/reference/generated/scipy.interpolate.make_lsq_spline.html#scipy.interpolate.make_lsq_spline
must,Knots and data points must satisfy Schoenberg-Whitney conditions.,https://docs.scipy.org/doc/scipy/reference/generated/scipy.interpolate.make_lsq_spline.html#scipy.interpolate.make_lsq_spline
must,Must be positive.,https://docs.scipy.org/doc/scipy/reference/generated/scipy.interpolate.make_lsq_spline.html#scipy.interpolate.make_lsq_spline
only,Whether to check that the input arrays contain only finite numbers.,https://docs.scipy.org/doc/scipy/reference/generated/scipy.interpolate.make_lsq_spline.html#scipy.interpolate.make_lsq_spline
note,Notes,https://docs.scipy.org/doc/scipy/reference/generated/scipy.interpolate.make_lsq_spline.html#scipy.interpolate.make_lsq_spline
must,The number of data points must be larger than the spline degree k.,https://docs.scipy.org/doc/scipy/reference/generated/scipy.interpolate.make_lsq_spline.html#scipy.interpolate.make_lsq_spline
must,"Knots t must satisfy the Schoenberg-Whitney conditions,
i.",https://docs.scipy.org/doc/scipy/reference/generated/scipy.interpolate.make_lsq_spline.html#scipy.interpolate.make_lsq_spline
must,", there must be a subset of data points x[j] such that
t[j] < x[j] < t[j+k+1], for j=0, 1,.",https://docs.scipy.org/doc/scipy/reference/generated/scipy.interpolate.make_lsq_spline.html#scipy.interpolate.make_lsq_spline
note,Release notes,https://docs.scipy.org/doc/scipy/reference/generated/scipy.interpolate.make_smoothing_spline.html#scipy.interpolate.make_smoothing_spline
must,n must be at least 5.,https://docs.scipy.org/doc/scipy/reference/generated/scipy.interpolate.make_smoothing_spline.html#scipy.interpolate.make_smoothing_spline
must,n must be at least 5.,https://docs.scipy.org/doc/scipy/reference/generated/scipy.interpolate.make_smoothing_spline.html#scipy.interpolate.make_smoothing_spline
note,Notes,https://docs.scipy.org/doc/scipy/reference/generated/scipy.interpolate.make_smoothing_spline.html#scipy.interpolate.make_smoothing_spline
only,"The details of the
reimplementation are discussed here (available only in Russian) [4].",https://docs.scipy.org/doc/scipy/reference/generated/scipy.interpolate.make_smoothing_spline.html#scipy.interpolate.make_smoothing_spline
note,"Note that in weighted residual sum of squares, weights are not squared:
\(\sum\limits_{i=1}^n w_i\lvert y_i - f(x_i) \rvert^2\) while in
splrep the sum is built from the squared weights.",https://docs.scipy.org/doc/scipy/reference/generated/scipy.interpolate.make_smoothing_spline.html#scipy.interpolate.make_smoothing_spline
note,Release notes,https://docs.scipy.org/doc/scipy/reference/generated/scipy.interpolate.splrep.html#scipy.interpolate.splrep
should,"If the errors in the y values have standard-deviation given by the
vector d, then w should be 1/d.",https://docs.scipy.org/doc/scipy/reference/generated/scipy.interpolate.splrep.html#scipy.interpolate.splrep
should,Even values of k should be avoided especially with small s values.,https://docs.scipy.org/doc/scipy/reference/generated/scipy.interpolate.splrep.html#scipy.interpolate.splrep
should,"These should be interior knots as knots on the ends will be
added automatically.",https://docs.scipy.org/doc/scipy/reference/generated/scipy.interpolate.splrep.html#scipy.interpolate.splrep
should,"If the weights
represent the inverse of the standard-deviation of y, then a good s
value should be found in the range (m-sqrt(2*m),m+sqrt(2*m)) where m is
the number of datapoints in x, y, and w.",https://docs.scipy.org/doc/scipy/reference/generated/scipy.interpolate.splrep.html#scipy.interpolate.splrep
note,Notes,https://docs.scipy.org/doc/scipy/reference/generated/scipy.interpolate.splrep.html#scipy.interpolate.splrep
must,"If provided, knots t must satisfy the Schoenberg-Whitney conditions,
i.",https://docs.scipy.org/doc/scipy/reference/generated/scipy.interpolate.splrep.html#scipy.interpolate.splrep
must,", there must be a subset of data points x[j] such that
t[j] < x[j] < t[j+k+1], for j=0, 1,.",https://docs.scipy.org/doc/scipy/reference/generated/scipy.interpolate.splrep.html#scipy.interpolate.splrep
note,Release notes,https://docs.scipy.org/doc/scipy/reference/generated/scipy.interpolate.splprep.html#scipy.interpolate.splprep
should,"If the errors in the x values have standard-deviation given by
the vector d, then w should be 1/d.",https://docs.scipy.org/doc/scipy/reference/generated/scipy.interpolate.splprep.html#scipy.interpolate.splprep
should,Even values of k should be avoided especially with a small s-value.,https://docs.scipy.org/doc/scipy/reference/generated/scipy.interpolate.splprep.html#scipy.interpolate.splprep
must,"There must have been a previous call with task=0 or task=1
for the same set of data.",https://docs.scipy.org/doc/scipy/reference/generated/scipy.interpolate.splprep.html#scipy.interpolate.splprep
should,"If the weights represent the inverse of the
standard-deviation of y, then a good s value should be found in
the range (m-sqrt(2*m),m+sqrt(2*m)), where m is the number of
data points in x, y, and w.",https://docs.scipy.org/doc/scipy/reference/generated/scipy.interpolate.splprep.html#scipy.interpolate.splprep
must,There must be at least 2*k+2 knots.,https://docs.scipy.org/doc/scipy/reference/generated/scipy.interpolate.splprep.html#scipy.interpolate.splprep
note,Notes,https://docs.scipy.org/doc/scipy/reference/generated/scipy.interpolate.splprep.html#scipy.interpolate.splprep
must,The number of dimensions N must be smaller than 11.,https://docs.scipy.org/doc/scipy/reference/generated/scipy.interpolate.splprep.html#scipy.interpolate.splprep
note,Release notes,https://docs.scipy.org/doc/scipy/reference/generated/scipy.interpolate.splev.html#scipy.interpolate.splev
should,"If tck was returned from splprep,
then the parameter values, u should be given.",https://docs.scipy.org/doc/scipy/reference/generated/scipy.interpolate.splev.html#scipy.interpolate.splev
should,"If a tuple, then it should be a sequence of length 3 returned by
splrep or splprep containing the knots, coefficients, and degree
of the spline.",https://docs.scipy.org/doc/scipy/reference/generated/scipy.interpolate.splev.html#scipy.interpolate.splev
note,(Also see Notes.,https://docs.scipy.org/doc/scipy/reference/generated/scipy.interpolate.splev.html#scipy.interpolate.splev
must,"The order of derivative of the spline to compute (must be less than
or equal to k, the degree of the spline).",https://docs.scipy.org/doc/scipy/reference/generated/scipy.interpolate.splev.html#scipy.interpolate.splev
note,Notes,https://docs.scipy.org/doc/scipy/reference/generated/scipy.interpolate.splev.html#scipy.interpolate.splev
note,Release notes,https://docs.scipy.org/doc/scipy/reference/generated/scipy.interpolate.splint.html#scipy.interpolate.splint
should,"If a tuple, then it should be a sequence of length 3, containing the
vector of knots, the B-spline coefficients, and the degree of the
spline (see splev).",https://docs.scipy.org/doc/scipy/reference/generated/scipy.interpolate.splint.html#scipy.interpolate.splint
note,Notes,https://docs.scipy.org/doc/scipy/reference/generated/scipy.interpolate.splint.html#scipy.interpolate.splint
note,Release notes,https://docs.scipy.org/doc/scipy/reference/generated/scipy.interpolate.sproot.html#scipy.interpolate.sproot
should,"If a tuple, then it should be a sequence of length 3, containing the
vector of knots, the B-spline coefficients, and the degree of the
spline.",https://docs.scipy.org/doc/scipy/reference/generated/scipy.interpolate.sproot.html#scipy.interpolate.sproot
must,"The number of knots must be >= 8, and the degree must be 3.",https://docs.scipy.org/doc/scipy/reference/generated/scipy.interpolate.sproot.html#scipy.interpolate.sproot
must,The knots must be a montonically increasing sequence.,https://docs.scipy.org/doc/scipy/reference/generated/scipy.interpolate.sproot.html#scipy.interpolate.sproot
note,Notes,https://docs.scipy.org/doc/scipy/reference/generated/scipy.interpolate.sproot.html#scipy.interpolate.sproot
note,Release notes,https://docs.scipy.org/doc/scipy/reference/generated/scipy.interpolate.spalde.html#scipy.interpolate.spalde
note,Note that t(k) <= x <= t(n-k+1) must hold for each x.,https://docs.scipy.org/doc/scipy/reference/generated/scipy.interpolate.spalde.html#scipy.interpolate.spalde
must,Note that t(k) <= x <= t(n-k+1) must hold for each x.,https://docs.scipy.org/doc/scipy/reference/generated/scipy.interpolate.spalde.html#scipy.interpolate.spalde
note,Release notes,https://docs.scipy.org/doc/scipy/reference/generated/scipy.interpolate.splder.html#scipy.interpolate.splder
note,Notes,https://docs.scipy.org/doc/scipy/reference/generated/scipy.interpolate.splder.html#scipy.interpolate.splder
note,Release notes,https://docs.scipy.org/doc/scipy/reference/generated/scipy.interpolate.splantider.html#scipy.interpolate.splantider
note,Notes,https://docs.scipy.org/doc/scipy/reference/generated/scipy.interpolate.splantider.html#scipy.interpolate.splantider
note,Release notes,https://docs.scipy.org/doc/scipy/reference/generated/scipy.interpolate.insert.html#scipy.interpolate.insert
should,"If tck was returned
from splprep, then the parameter values, u should be given.",https://docs.scipy.org/doc/scipy/reference/generated/scipy.interpolate.insert.html#scipy.interpolate.insert
must,"= 0) there must be
either at least k interior knots t(j) satisfying t(k+1)<t(j)<=x
or at least k interior knots t(j) satisfying x<=t(j)<t(n-k).",https://docs.scipy.org/doc/scipy/reference/generated/scipy.interpolate.insert.html#scipy.interpolate.insert
note,Notes,https://docs.scipy.org/doc/scipy/reference/generated/scipy.interpolate.insert.html#scipy.interpolate.insert
note,Release notes,https://docs.scipy.org/doc/scipy/reference/generated/scipy.interpolate.UnivariateSpline.html#scipy.interpolate.UnivariateSpline
must,"Must be increasing;
must be strictly increasing if s is 0.",https://docs.scipy.org/doc/scipy/reference/generated/scipy.interpolate.UnivariateSpline.html#scipy.interpolate.UnivariateSpline
must,Must be positive.,https://docs.scipy.org/doc/scipy/reference/generated/scipy.interpolate.UnivariateSpline.html#scipy.interpolate.UnivariateSpline
must,Must be 1 <= k <= 5.,https://docs.scipy.org/doc/scipy/reference/generated/scipy.interpolate.UnivariateSpline.html#scipy.interpolate.UnivariateSpline
should,"If the weights
represent the inverse of the standard-deviation of y, then a good
s value should be found in the range (m-sqrt(2*m),m+sqrt(2*m))
where m is the number of datapoints in x, y, and w.",https://docs.scipy.org/doc/scipy/reference/generated/scipy.interpolate.UnivariateSpline.html#scipy.interpolate.UnivariateSpline
should,"This means
s = len(w) should be a good value if 1/w[i] is an
estimate of the standard deviation of y[i].",https://docs.scipy.org/doc/scipy/reference/generated/scipy.interpolate.UnivariateSpline.html#scipy.interpolate.UnivariateSpline
only,Whether to check that the input arrays contain only finite numbers.,https://docs.scipy.org/doc/scipy/reference/generated/scipy.interpolate.UnivariateSpline.html#scipy.interpolate.UnivariateSpline
note,Notes,https://docs.scipy.org/doc/scipy/reference/generated/scipy.interpolate.UnivariateSpline.html#scipy.interpolate.UnivariateSpline
must,The number of data points must be larger than the spline degree k.,https://docs.scipy.org/doc/scipy/reference/generated/scipy.interpolate.UnivariateSpline.html#scipy.interpolate.UnivariateSpline
note,Release notes,https://docs.scipy.org/doc/scipy/reference/generated/scipy.interpolate.InterpolatedUnivariateSpline.html#scipy.interpolate.InterpolatedUnivariateSpline
must,Input dimension of data points – must be strictly increasing,https://docs.scipy.org/doc/scipy/reference/generated/scipy.interpolate.InterpolatedUnivariateSpline.html#scipy.interpolate.InterpolatedUnivariateSpline
must,Must be positive.,https://docs.scipy.org/doc/scipy/reference/generated/scipy.interpolate.InterpolatedUnivariateSpline.html#scipy.interpolate.InterpolatedUnivariateSpline
must,Must be 1 <= k <= 5.,https://docs.scipy.org/doc/scipy/reference/generated/scipy.interpolate.InterpolatedUnivariateSpline.html#scipy.interpolate.InterpolatedUnivariateSpline
only,Whether to check that the input arrays contain only finite numbers.,https://docs.scipy.org/doc/scipy/reference/generated/scipy.interpolate.InterpolatedUnivariateSpline.html#scipy.interpolate.InterpolatedUnivariateSpline
note,Notes,https://docs.scipy.org/doc/scipy/reference/generated/scipy.interpolate.InterpolatedUnivariateSpline.html#scipy.interpolate.InterpolatedUnivariateSpline
must,The number of data points must be larger than the spline degree k.,https://docs.scipy.org/doc/scipy/reference/generated/scipy.interpolate.InterpolatedUnivariateSpline.html#scipy.interpolate.InterpolatedUnivariateSpline
note,Release notes,https://docs.scipy.org/doc/scipy/reference/generated/scipy.interpolate.LSQUnivariateSpline.html#scipy.interpolate.LSQUnivariateSpline
must,Input dimension of data points – must be increasing,https://docs.scipy.org/doc/scipy/reference/generated/scipy.interpolate.LSQUnivariateSpline.html#scipy.interpolate.LSQUnivariateSpline
must,Must be positive.,https://docs.scipy.org/doc/scipy/reference/generated/scipy.interpolate.LSQUnivariateSpline.html#scipy.interpolate.LSQUnivariateSpline
must,Must be 1 <= k <= 5.,https://docs.scipy.org/doc/scipy/reference/generated/scipy.interpolate.LSQUnivariateSpline.html#scipy.interpolate.LSQUnivariateSpline
only,Whether to check that the input arrays contain only finite numbers.,https://docs.scipy.org/doc/scipy/reference/generated/scipy.interpolate.LSQUnivariateSpline.html#scipy.interpolate.LSQUnivariateSpline
note,Notes,https://docs.scipy.org/doc/scipy/reference/generated/scipy.interpolate.LSQUnivariateSpline.html#scipy.interpolate.LSQUnivariateSpline
must,The number of data points must be larger than the spline degree k.,https://docs.scipy.org/doc/scipy/reference/generated/scipy.interpolate.LSQUnivariateSpline.html#scipy.interpolate.LSQUnivariateSpline
must,"Knots t must satisfy the Schoenberg-Whitney conditions,
i.",https://docs.scipy.org/doc/scipy/reference/generated/scipy.interpolate.LSQUnivariateSpline.html#scipy.interpolate.LSQUnivariateSpline
must,", there must be a subset of data points x[j] such that
t[j] < x[j] < t[j+k+1], for j=0, 1,.",https://docs.scipy.org/doc/scipy/reference/generated/scipy.interpolate.LSQUnivariateSpline.html#scipy.interpolate.LSQUnivariateSpline
note,Release notes,https://docs.scipy.org/doc/scipy/reference/generated/scipy.interpolate.RectSphereBivariateSpline.html#scipy.interpolate.RectSphereBivariateSpline
must,"Coordinates must be given in radians and lie within the open interval
(0, pi).",https://docs.scipy.org/doc/scipy/reference/generated/scipy.interpolate.RectSphereBivariateSpline.html#scipy.interpolate.RectSphereBivariateSpline
must,Coordinates must be given in radians.,https://docs.scipy.org/doc/scipy/reference/generated/scipy.interpolate.RectSphereBivariateSpline.html#scipy.interpolate.RectSphereBivariateSpline
must,"First element (v[0]) must lie
within the interval [-pi, pi).",https://docs.scipy.org/doc/scipy/reference/generated/scipy.interpolate.RectSphereBivariateSpline.html#scipy.interpolate.RectSphereBivariateSpline
must,"Last element (v[-1]) must satisfy
v[-1] <= v[0] + 2*pi.",https://docs.scipy.org/doc/scipy/reference/generated/scipy.interpolate.RectSphereBivariateSpline.html#scipy.interpolate.RectSphereBivariateSpline
note,Notes,https://docs.scipy.org/doc/scipy/reference/generated/scipy.interpolate.RectSphereBivariateSpline.html#scipy.interpolate.RectSphereBivariateSpline
only,"Currently, only the smoothing spline approximation (iopt[0] = 0 and
iopt[0] = 1 in the FITPACK routine) is supported.",https://docs.scipy.org/doc/scipy/reference/generated/scipy.interpolate.RectSphereBivariateSpline.html#scipy.interpolate.RectSphereBivariateSpline
must,"When actually performing the interpolation, the requested v values must
lie within the same length 2pi interval that the original v values were
chosen from.",https://docs.scipy.org/doc/scipy/reference/generated/scipy.interpolate.RectSphereBivariateSpline.html#scipy.interpolate.RectSphereBivariateSpline
only,"The RectSphereBivariateSpline object
only takes 1-D arrays as input, therefore we need to do some reshaping.",https://docs.scipy.org/doc/scipy/reference/generated/scipy.interpolate.RectSphereBivariateSpline.html#scipy.interpolate.RectSphereBivariateSpline
should,"1, she may expect that a good
s should have a value not larger than u.",https://docs.scipy.org/doc/scipy/reference/generated/scipy.interpolate.RectSphereBivariateSpline.html#scipy.interpolate.RectSphereBivariateSpline
must,"If nothing is known about the statistical error in r(i,j), s must
be determined by trial and error.",https://docs.scipy.org/doc/scipy/reference/generated/scipy.interpolate.RectSphereBivariateSpline.html#scipy.interpolate.RectSphereBivariateSpline
note,Release notes,https://docs.scipy.org/doc/scipy/reference/generated/scipy.interpolate.BivariateSpline.html#scipy.interpolate.BivariateSpline
note,Release notes,https://docs.scipy.org/doc/scipy/reference/generated/scipy.interpolate.SmoothBivariateSpline.html#scipy.interpolate.SmoothBivariateSpline
should,"Positive smoothing factor defined for estimation condition:
sum((w[i]*(z[i]-s(x[i], y[i])))**2, axis=0) <= s
Default s=len(w) which should be a good value if 1/w[i] is an
estimate of the standard deviation of z[i].",https://docs.scipy.org/doc/scipy/reference/generated/scipy.interpolate.SmoothBivariateSpline.html#scipy.interpolate.SmoothBivariateSpline
should,"eps should have a value within the open
interval (0, 1), the default is 1e-16.",https://docs.scipy.org/doc/scipy/reference/generated/scipy.interpolate.SmoothBivariateSpline.html#scipy.interpolate.SmoothBivariateSpline
note,Notes,https://docs.scipy.org/doc/scipy/reference/generated/scipy.interpolate.SmoothBivariateSpline.html#scipy.interpolate.SmoothBivariateSpline
should,"The length of x, y and z should be at least (kx+1) * (ky+1).",https://docs.scipy.org/doc/scipy/reference/generated/scipy.interpolate.SmoothBivariateSpline.html#scipy.interpolate.SmoothBivariateSpline
note,Release notes,https://docs.scipy.org/doc/scipy/reference/generated/scipy.interpolate.SmoothSphereBivariateSpline.html#scipy.interpolate.SmoothSphereBivariateSpline
must,"Coordinates
must be given in radians.",https://docs.scipy.org/doc/scipy/reference/generated/scipy.interpolate.SmoothSphereBivariateSpline.html#scipy.interpolate.SmoothSphereBivariateSpline
must,"Theta must lie within the interval
[0, pi], and phi must lie within the interval [0, 2pi].",https://docs.scipy.org/doc/scipy/reference/generated/scipy.interpolate.SmoothSphereBivariateSpline.html#scipy.interpolate.SmoothSphereBivariateSpline
should,"Positive smoothing factor defined for estimation condition:
sum((w(i)*(r(i) - s(theta(i), phi(i))))**2, axis=0) <= s
Default s=len(w) which should be a good value if 1/w[i] is an
estimate of the standard deviation of r[i].",https://docs.scipy.org/doc/scipy/reference/generated/scipy.interpolate.SmoothSphereBivariateSpline.html#scipy.interpolate.SmoothSphereBivariateSpline
should,"eps should have a value within the open
interval (0, 1), the default is 1e-16.",https://docs.scipy.org/doc/scipy/reference/generated/scipy.interpolate.SmoothSphereBivariateSpline.html#scipy.interpolate.SmoothSphereBivariateSpline
note,Notes,https://docs.scipy.org/doc/scipy/reference/generated/scipy.interpolate.SmoothSphereBivariateSpline.html#scipy.interpolate.SmoothSphereBivariateSpline
note,Release notes,https://docs.scipy.org/doc/scipy/reference/generated/scipy.interpolate.LSQBivariateSpline.html#scipy.interpolate.LSQBivariateSpline
should,"eps should have a value within the open
interval (0, 1), the default is 1e-16.",https://docs.scipy.org/doc/scipy/reference/generated/scipy.interpolate.LSQBivariateSpline.html#scipy.interpolate.LSQBivariateSpline
note,Notes,https://docs.scipy.org/doc/scipy/reference/generated/scipy.interpolate.LSQBivariateSpline.html#scipy.interpolate.LSQBivariateSpline
should,"The length of x, y and z should be at least (kx+1) * (ky+1).",https://docs.scipy.org/doc/scipy/reference/generated/scipy.interpolate.LSQBivariateSpline.html#scipy.interpolate.LSQBivariateSpline
note,Release notes,https://docs.scipy.org/doc/scipy/reference/generated/scipy.interpolate.LSQSphereBivariateSpline.html#scipy.interpolate.LSQSphereBivariateSpline
must,"Coordinates
must be given in radians.",https://docs.scipy.org/doc/scipy/reference/generated/scipy.interpolate.LSQSphereBivariateSpline.html#scipy.interpolate.LSQSphereBivariateSpline
must,"Theta must lie within the interval
[0, pi], and phi must lie within the interval [0, 2pi].",https://docs.scipy.org/doc/scipy/reference/generated/scipy.interpolate.LSQSphereBivariateSpline.html#scipy.interpolate.LSQSphereBivariateSpline
must,"Coordinates must satisfy 0 < tt[i] < pi, 0 < tp[i] < 2*pi.",https://docs.scipy.org/doc/scipy/reference/generated/scipy.interpolate.LSQSphereBivariateSpline.html#scipy.interpolate.LSQSphereBivariateSpline
should,"eps should have a value within the
open interval (0, 1), the default is 1e-16.",https://docs.scipy.org/doc/scipy/reference/generated/scipy.interpolate.LSQSphereBivariateSpline.html#scipy.interpolate.LSQSphereBivariateSpline
note,Notes,https://docs.scipy.org/doc/scipy/reference/generated/scipy.interpolate.LSQSphereBivariateSpline.html#scipy.interpolate.LSQSphereBivariateSpline
must,"Here, we must also specify the
coordinates of the knots to use.",https://docs.scipy.org/doc/scipy/reference/generated/scipy.interpolate.LSQSphereBivariateSpline.html#scipy.interpolate.LSQSphereBivariateSpline
note,Release notes,https://docs.scipy.org/doc/scipy/reference/generated/scipy.interpolate.lagrange.html#scipy.interpolate.lagrange
warning,Warning: This implementation is numerically unstable.,https://docs.scipy.org/doc/scipy/reference/generated/scipy.interpolate.lagrange.html#scipy.interpolate.lagrange
only,"Since there are only 3 points, Lagrange polynomial has degree 2.",https://docs.scipy.org/doc/scipy/reference/generated/scipy.interpolate.lagrange.html#scipy.interpolate.lagrange
note,Release notes,https://docs.scipy.org/doc/scipy/reference/generated/scipy.interpolate.approximate_taylor_polynomial.html#scipy.interpolate.approximate_taylor_polynomial
should,"Should accept
a vector of x values.",https://docs.scipy.org/doc/scipy/reference/generated/scipy.interpolate.approximate_taylor_polynomial.html#scipy.interpolate.approximate_taylor_polynomial
must,Must be chosen carefully.,https://docs.scipy.org/doc/scipy/reference/generated/scipy.interpolate.approximate_taylor_polynomial.html#scipy.interpolate.approximate_taylor_polynomial
note,Notes,https://docs.scipy.org/doc/scipy/reference/generated/scipy.interpolate.approximate_taylor_polynomial.html#scipy.interpolate.approximate_taylor_polynomial
note,Release notes,https://docs.scipy.org/doc/scipy/reference/generated/scipy.interpolate.pade.html#scipy.interpolate.pade
note,Release notes,https://docs.scipy.org/doc/scipy/reference/generated/scipy.signal.resample.html#scipy.signal.resample
note,Notes,https://docs.scipy.org/doc/scipy/reference/generated/scipy.signal.resample.html#scipy.signal.resample
note,"As noted, resample uses FFT transformations, which can be very
slow if the number of input or output samples is large and prime;
see scipy.",https://docs.scipy.org/doc/scipy/reference/generated/scipy.signal.resample.html#scipy.signal.resample
note,"Note that the end of the resampled data rises to meet the first
sample of the next cycle:",https://docs.scipy.org/doc/scipy/reference/generated/scipy.signal.resample.html#scipy.signal.resample
note,Release notes,https://docs.scipy.org/doc/scipy/reference/generated/scipy.signal.bspline.html#scipy.signal.bspline
must,"Must be non-negative, i.",https://docs.scipy.org/doc/scipy/reference/generated/scipy.signal.bspline.html#scipy.signal.bspline
note,Notes,https://docs.scipy.org/doc/scipy/reference/generated/scipy.signal.bspline.html#scipy.signal.bspline
note,Release notes,https://docs.scipy.org/doc/scipy/reference/generated/scipy.signal.qspline1d_eval.html#scipy.signal.qspline1d_eval
note,Notes,https://docs.scipy.org/doc/scipy/reference/generated/scipy.signal.qspline1d_eval.html#scipy.signal.qspline1d_eval
note,Release notes,https://docs.scipy.org/doc/scipy/reference/generated/scipy.signal.cspline1d_eval.html#scipy.signal.cspline1d_eval
note,Release notes,https://docs.scipy.org/doc/scipy/reference/generated/scipy.io.FortranFile.html#scipy.io.FortranFile
must,Size and endianness must match the input/output file.,https://docs.scipy.org/doc/scipy/reference/generated/scipy.io.FortranFile.html#scipy.io.FortranFile
note,Notes,https://docs.scipy.org/doc/scipy/reference/generated/scipy.io.FortranFile.html#scipy.io.FortranFile
only,This class only supports files written with both sizes for the record.,https://docs.scipy.org/doc/scipy/reference/generated/scipy.io.FortranFile.html#scipy.io.FortranFile
not support,"It also does not support the subrecords used in Intel and gfortran compilers
for records which are greater than 2GB with a 4-byte header.",https://docs.scipy.org/doc/scipy/reference/generated/scipy.io.FortranFile.html#scipy.io.FortranFile
note,Release notes,https://docs.scipy.org/doc/scipy/reference/generated/scipy.io.FortranEOFError.html#scipy.io.FortranEOFError
only,"This error descends from TypeError because the code used to raise
TypeError (and this was the only way to know that the file had
ended) so users might have except TypeError:.",https://docs.scipy.org/doc/scipy/reference/generated/scipy.io.FortranEOFError.html#scipy.io.FortranEOFError
note,Release notes,https://docs.scipy.org/doc/scipy/reference/generated/scipy.io.FortranFormattingError.html#scipy.io.FortranFormattingError
note,Release notes,https://docs.scipy.org/doc/scipy/reference/generated/scipy.io.netcdf_variable.html#scipy.io.netcdf_variable
only,"There is another read-only
attribute dimensions, whose value is the tuple of dimension names.",https://docs.scipy.org/doc/scipy/reference/generated/scipy.io.netcdf_variable.html#scipy.io.netcdf_variable
should,"This should match the lengths of the
variable’s dimensions.",https://docs.scipy.org/doc/scipy/reference/generated/scipy.io.netcdf_variable.html#scipy.io.netcdf_variable
must,"Must be in the
same order of the dimension lengths given by shape.",https://docs.scipy.org/doc/scipy/reference/generated/scipy.io.netcdf_variable.html#scipy.io.netcdf_variable
note,Release notes,https://docs.scipy.org/doc/scipy/reference/generated/scipy.io.hb_read.html#scipy.io.hb_read
note,Notes,https://docs.scipy.org/doc/scipy/reference/generated/scipy.io.hb_read.html#scipy.io.hb_read
note,Release notes,https://docs.scipy.org/doc/scipy/reference/generated/scipy.io.hb_write.html#scipy.io.hb_write
note,Notes,https://docs.scipy.org/doc/scipy/reference/generated/scipy.io.hb_write.html#scipy.io.hb_write
note,Release notes,https://docs.scipy.org/doc/scipy/reference/generated/scipy.io.wavfile.WavFileWarning.html#scipy.io.wavfile.WavFileWarning
warning,"WavFileWarning
    
   
  
  
   
    
     
      
       WavFileWarning.",https://docs.scipy.org/doc/scipy/reference/generated/scipy.io.wavfile.WavFileWarning.html#scipy.io.wavfile.WavFileWarning
warning,WavFileWarning.,https://docs.scipy.org/doc/scipy/reference/generated/scipy.io.wavfile.WavFileWarning.html#scipy.io.wavfile.WavFileWarning
note,Release notes,https://docs.scipy.org/doc/scipy/reference/generated/scipy.io.arff.MetaData.html#scipy.io.arff.MetaData
note,Notes,https://docs.scipy.org/doc/scipy/reference/generated/scipy.io.arff.MetaData.html#scipy.io.arff.MetaData
note,Release notes,https://docs.scipy.org/doc/scipy/reference/generated/scipy.io.arff.ArffError.html#scipy.io.arff.ArffError
note,Release notes,https://docs.scipy.org/doc/scipy/reference/generated/scipy.io.arff.ParseArffError.html#scipy.io.arff.ParseArffError
note,Release notes,https://docs.scipy.org/doc/scipy/reference/generated/scipy.linalg.solve_banded.html#scipy.linalg.solve_banded
only,Whether to check that the input matrices contain only finite numbers.,https://docs.scipy.org/doc/scipy/reference/generated/scipy.linalg.solve_banded.html#scipy.linalg.solve_banded
note,Release notes,https://docs.scipy.org/doc/scipy/reference/generated/scipy.linalg.solveh_banded.html#scipy.linalg.solveh_banded
only,"Uses Thomas’ Algorithm, which is more efficient than standard LU
factorization, but should only be used for Hermitian positive-definite
matrices.",https://docs.scipy.org/doc/scipy/reference/generated/scipy.linalg.solveh_banded.html#scipy.linalg.solveh_banded
should,"Uses Thomas’ Algorithm, which is more efficient than standard LU
factorization, but should only be used for Hermitian positive-definite
matrices.",https://docs.scipy.org/doc/scipy/reference/generated/scipy.linalg.solveh_banded.html#scipy.linalg.solveh_banded
only,Whether to check that the input matrices contain only finite numbers.,https://docs.scipy.org/doc/scipy/reference/generated/scipy.linalg.solveh_banded.html#scipy.linalg.solveh_banded
note,Notes,https://docs.scipy.org/doc/scipy/reference/generated/scipy.linalg.solveh_banded.html#scipy.linalg.solveh_banded
note,Release notes,https://docs.scipy.org/doc/scipy/reference/generated/scipy.linalg.solve_circulant.html#scipy.linalg.solve_circulant
note,Notes,https://docs.scipy.org/doc/scipy/reference/generated/scipy.linalg.solve_circulant.html#scipy.linalg.solve_circulant
note,Release notes,https://docs.scipy.org/doc/scipy/reference/generated/scipy.linalg.solve_triangular.html#scipy.linalg.solve_triangular
only,Use only data contained in the lower triangle of a.,https://docs.scipy.org/doc/scipy/reference/generated/scipy.linalg.solve_triangular.html#scipy.linalg.solve_triangular
only,Whether to check that the input matrices contain only finite numbers.,https://docs.scipy.org/doc/scipy/reference/generated/scipy.linalg.solve_triangular.html#scipy.linalg.solve_triangular
note,Notes,https://docs.scipy.org/doc/scipy/reference/generated/scipy.linalg.solve_triangular.html#scipy.linalg.solve_triangular
note,Release notes,https://docs.scipy.org/doc/scipy/reference/generated/scipy.linalg.solve_toeplitz.html#scipy.linalg.solve_toeplitz
only,Whether to check that the input matrices contain only finite numbers.,https://docs.scipy.org/doc/scipy/reference/generated/scipy.linalg.solve_toeplitz.html#scipy.linalg.solve_toeplitz
note,Notes,https://docs.scipy.org/doc/scipy/reference/generated/scipy.linalg.solve_toeplitz.html#scipy.linalg.solve_toeplitz
only,"To specify the Toeplitz matrix, only the first column and the first
row are needed.",https://docs.scipy.org/doc/scipy/reference/generated/scipy.linalg.solve_toeplitz.html#scipy.linalg.solve_toeplitz
should,We should get b.,https://docs.scipy.org/doc/scipy/reference/generated/scipy.linalg.solve_toeplitz.html#scipy.linalg.solve_toeplitz
note,Release notes,https://docs.scipy.org/doc/scipy/reference/generated/scipy.linalg.matmul_toeplitz.html#scipy.linalg.matmul_toeplitz
only,Whether to check that the input matrices contain only finite numbers.,https://docs.scipy.org/doc/scipy/reference/generated/scipy.linalg.matmul_toeplitz.html#scipy.linalg.matmul_toeplitz
note,Notes,https://docs.scipy.org/doc/scipy/reference/generated/scipy.linalg.matmul_toeplitz.html#scipy.linalg.matmul_toeplitz
only,"To specify the Toeplitz matrix, only the first column and the first
row are needed.",https://docs.scipy.org/doc/scipy/reference/generated/scipy.linalg.matmul_toeplitz.html#scipy.linalg.matmul_toeplitz
note,Release notes,https://docs.scipy.org/doc/scipy/reference/generated/scipy.linalg.pinvh.html#scipy.linalg.pinvh
only,Whether to check that the input matrix contains only finite numbers.,https://docs.scipy.org/doc/scipy/reference/generated/scipy.linalg.pinvh.html#scipy.linalg.pinvh
note,Release notes,https://docs.scipy.org/doc/scipy/reference/generated/scipy.linalg.kron.html#scipy.linalg.kron
note,Release notes,https://docs.scipy.org/doc/scipy/reference/generated/scipy.linalg.khatri_rao.html#scipy.linalg.khatri_rao
note,Notes,https://docs.scipy.org/doc/scipy/reference/generated/scipy.linalg.khatri_rao.html#scipy.linalg.khatri_rao
note,Release notes,https://docs.scipy.org/doc/scipy/reference/generated/scipy.linalg.tril.html#scipy.linalg.tril
note,Release notes,https://docs.scipy.org/doc/scipy/reference/generated/scipy.linalg.triu.html#scipy.linalg.triu
note,Release notes,https://docs.scipy.org/doc/scipy/reference/generated/scipy.linalg.orthogonal_procrustes.html#scipy.linalg.orthogonal_procrustes
only,Whether to check that the input matrices contain only finite numbers.,https://docs.scipy.org/doc/scipy/reference/generated/scipy.linalg.orthogonal_procrustes.html#scipy.linalg.orthogonal_procrustes
note,Notes,https://docs.scipy.org/doc/scipy/reference/generated/scipy.linalg.orthogonal_procrustes.html#scipy.linalg.orthogonal_procrustes
note,"Note that unlike higher level Procrustes analyses of spatial data, this
function only uses orthogonal transformations like rotations and
reflections, and it does not use scaling or translation.",https://docs.scipy.org/doc/scipy/reference/generated/scipy.linalg.orthogonal_procrustes.html#scipy.linalg.orthogonal_procrustes
only,"Note that unlike higher level Procrustes analyses of spatial data, this
function only uses orthogonal transformations like rotations and
reflections, and it does not use scaling or translation.",https://docs.scipy.org/doc/scipy/reference/generated/scipy.linalg.orthogonal_procrustes.html#scipy.linalg.orthogonal_procrustes
note,Release notes,https://docs.scipy.org/doc/scipy/reference/generated/scipy.linalg.matrix_balance.html#scipy.linalg.matrix_balance
only,"Moreover, if enabled, the matrix is first permuted to isolate the upper
triangular parts of the matrix and, again if scaling is also enabled,
only the remaining subblocks are subjected to scaling.",https://docs.scipy.org/doc/scipy/reference/generated/scipy.linalg.matrix_balance.html#scipy.linalg.matrix_balance
note,Notes,https://docs.scipy.org/doc/scipy/reference/generated/scipy.linalg.matrix_balance.html#scipy.linalg.matrix_balance
note,Release notes,https://docs.scipy.org/doc/scipy/reference/generated/scipy.linalg.subspace_angles.html#scipy.linalg.subspace_angles
note,Notes,https://docs.scipy.org/doc/scipy/reference/generated/scipy.linalg.subspace_angles.html#scipy.linalg.subspace_angles
should,And the subspace angle of a matrix to itself should be zero:,https://docs.scipy.org/doc/scipy/reference/generated/scipy.linalg.subspace_angles.html#scipy.linalg.subspace_angles
note,Release notes,https://docs.scipy.org/doc/scipy/reference/generated/scipy.linalg.bandwidth.html#scipy.linalg.bandwidth
note,"A zero
denotes no sub- or super-diagonal on that side (triangular), and,
say for N rows (N-1) means that side is full.",https://docs.scipy.org/doc/scipy/reference/generated/scipy.linalg.bandwidth.html#scipy.linalg.bandwidth
not support,"If the dtype of the array is not supported, in particular, NumPy
float16, float128 and complex256 dtypes.",https://docs.scipy.org/doc/scipy/reference/generated/scipy.linalg.bandwidth.html#scipy.linalg.bandwidth
note,Notes,https://docs.scipy.org/doc/scipy/reference/generated/scipy.linalg.bandwidth.html#scipy.linalg.bandwidth
only,"The strategy is to look for only untested band elements in the upper
and lower triangular parts separately; depending on the memory layout
we scan row-wise or column-wise.",https://docs.scipy.org/doc/scipy/reference/generated/scipy.linalg.bandwidth.html#scipy.linalg.bandwidth
only,"Moreover, say we are scanning rows
and in the 6th row, 4th entry is nonzero then, on the succeeding rows
the horizontal search is done only up to that band entries since we know
that band is occupied.",https://docs.scipy.org/doc/scipy/reference/generated/scipy.linalg.bandwidth.html#scipy.linalg.bandwidth
note,Release notes,https://docs.scipy.org/doc/scipy/reference/generated/scipy.linalg.issymmetric.html#scipy.linalg.issymmetric
not support,"If the dtype of the array is not supported, in particular, NumPy
float16, float128 and complex256 dtypes for exact comparisons.",https://docs.scipy.org/doc/scipy/reference/generated/scipy.linalg.issymmetric.html#scipy.linalg.issymmetric
note,Notes,https://docs.scipy.org/doc/scipy/reference/generated/scipy.linalg.issymmetric.html#scipy.linalg.issymmetric
note,Release notes,https://docs.scipy.org/doc/scipy/reference/generated/scipy.linalg.ishermitian.html#scipy.linalg.ishermitian
not support,"If the dtype of the array is not supported, in particular, NumPy
float16, float128 and complex256 dtypes.",https://docs.scipy.org/doc/scipy/reference/generated/scipy.linalg.ishermitian.html#scipy.linalg.ishermitian
note,Notes,https://docs.scipy.org/doc/scipy/reference/generated/scipy.linalg.ishermitian.html#scipy.linalg.ishermitian
note,Release notes,https://docs.scipy.org/doc/scipy/reference/generated/scipy.linalg.LinAlgError.html#scipy.linalg.LinAlgError
note,Release notes,https://docs.scipy.org/doc/scipy/reference/generated/scipy.linalg.LinAlgWarning.html#scipy.linalg.LinAlgWarning
warning,"LinAlgWarning
    
   
  
  
   
    
     
      
       LinAlgWarning.",https://docs.scipy.org/doc/scipy/reference/generated/scipy.linalg.LinAlgWarning.html#scipy.linalg.LinAlgWarning
warning,LinAlgWarning.,https://docs.scipy.org/doc/scipy/reference/generated/scipy.linalg.LinAlgWarning.html#scipy.linalg.LinAlgWarning
warning,"The warning emitted when a linear algebra related operation is close
to fail conditions of the algorithm or loss of accuracy is expected.",https://docs.scipy.org/doc/scipy/reference/generated/scipy.linalg.LinAlgWarning.html#scipy.linalg.LinAlgWarning
note,Release notes,https://docs.scipy.org/doc/scipy/reference/generated/scipy.linalg.eigh.html#scipy.linalg.eigh
only,Whether to calculate only eigenvalues and no eigenvectors.,https://docs.scipy.org/doc/scipy/reference/generated/scipy.linalg.eigh.html#scipy.linalg.eigh
only,"To return only the second smallest to fifth smallest eigenvalues,
[1, 4] is used.",https://docs.scipy.org/doc/scipy/reference/generated/scipy.linalg.eigh.html#scipy.linalg.eigh
only,"Only
available with “evr”, “evx”, and “gvx” drivers.",https://docs.scipy.org/doc/scipy/reference/generated/scipy.linalg.eigh.html#scipy.linalg.eigh
only,"If provided, this two-element iterable defines the half-open interval
(a, b] that, if any, only the eigenvalues between these values
are returned.",https://docs.scipy.org/doc/scipy/reference/generated/scipy.linalg.eigh.html#scipy.linalg.eigh
only,"Only available with “evr”, “evx”, and “gvx” drivers.",https://docs.scipy.org/doc/scipy/reference/generated/scipy.linalg.eigh.html#scipy.linalg.eigh
should,Defines which LAPACK driver should be used.,https://docs.scipy.org/doc/scipy/reference/generated/scipy.linalg.eigh.html#scipy.linalg.eigh
note,See the Notes section.,https://docs.scipy.org/doc/scipy/reference/generated/scipy.linalg.eigh.html#scipy.linalg.eigh
only,"For the generalized problems, this keyword specifies the problem type
to be solved for w and v (only takes 1, 2, 3 as possible
inputs):",https://docs.scipy.org/doc/scipy/reference/generated/scipy.linalg.eigh.html#scipy.linalg.eigh
only,Whether to check that the input matrices contain only finite numbers.,https://docs.scipy.org/doc/scipy/reference/generated/scipy.linalg.eigh.html#scipy.linalg.eigh
only,Only returned if eigvals_only=False.,https://docs.scipy.org/doc/scipy/reference/generated/scipy.linalg.eigh.html#scipy.linalg.eigh
note,"Note that if input matrices are
not symmetric or Hermitian, no error will be reported but results will
be wrong.",https://docs.scipy.org/doc/scipy/reference/generated/scipy.linalg.eigh.html#scipy.linalg.eigh
note,Notes,https://docs.scipy.org/doc/scipy/reference/generated/scipy.linalg.eigh.html#scipy.linalg.eigh
only,"This function does not check the input array for being Hermitian/symmetric
in order to allow for representing arrays with only their upper/lower
triangular parts.",https://docs.scipy.org/doc/scipy/reference/generated/scipy.linalg.eigh.html#scipy.linalg.eigh
note,"Also, note that even though not taken into account,
finiteness check applies to the whole array and unaffected by “lower”
keyword.",https://docs.scipy.org/doc/scipy/reference/generated/scipy.linalg.eigh.html#scipy.linalg.eigh
only,Request only the eigenvalues,https://docs.scipy.org/doc/scipy/reference/generated/scipy.linalg.eigh.html#scipy.linalg.eigh
note,Release notes,https://docs.scipy.org/doc/scipy/reference/generated/scipy.linalg.eigvalsh.html#scipy.linalg.eigvalsh
only,"For the generalized problems, this keyword specifies the problem type
to be solved for w and v (only takes 1, 2, 3 as possible
inputs):",https://docs.scipy.org/doc/scipy/reference/generated/scipy.linalg.eigvalsh.html#scipy.linalg.eigvalsh
only,Whether to check that the input matrices contain only finite numbers.,https://docs.scipy.org/doc/scipy/reference/generated/scipy.linalg.eigvalsh.html#scipy.linalg.eigvalsh
only,"To return only the second smallest to fifth smallest eigenvalues,
[1, 4] is used.",https://docs.scipy.org/doc/scipy/reference/generated/scipy.linalg.eigvalsh.html#scipy.linalg.eigvalsh
only,"Only
available with “evr”, “evx”, and “gvx” drivers.",https://docs.scipy.org/doc/scipy/reference/generated/scipy.linalg.eigvalsh.html#scipy.linalg.eigvalsh
only,"If provided, this two-element iterable defines the half-open interval
(a, b] that, if any, only the eigenvalues between these values
are returned.",https://docs.scipy.org/doc/scipy/reference/generated/scipy.linalg.eigvalsh.html#scipy.linalg.eigvalsh
only,"Only available with “evr”, “evx”, and “gvx” drivers.",https://docs.scipy.org/doc/scipy/reference/generated/scipy.linalg.eigvalsh.html#scipy.linalg.eigvalsh
should,Defines which LAPACK driver should be used.,https://docs.scipy.org/doc/scipy/reference/generated/scipy.linalg.eigvalsh.html#scipy.linalg.eigvalsh
note,"See the Notes section of
scipy.",https://docs.scipy.org/doc/scipy/reference/generated/scipy.linalg.eigvalsh.html#scipy.linalg.eigvalsh
note,"Note that if input matrices are
not symmetric or Hermitian, no error will be reported but results will
be wrong.",https://docs.scipy.org/doc/scipy/reference/generated/scipy.linalg.eigvalsh.html#scipy.linalg.eigvalsh
note,Notes,https://docs.scipy.org/doc/scipy/reference/generated/scipy.linalg.eigvalsh.html#scipy.linalg.eigvalsh
only,"This function does not check the input array for being Hermitian/symmetric
in order to allow for representing arrays with only their upper/lower
triangular parts.",https://docs.scipy.org/doc/scipy/reference/generated/scipy.linalg.eigvalsh.html#scipy.linalg.eigvalsh
only,"eigh with
the option eigvals_only=True to get the eigenvalues and not the
eigenvectors.",https://docs.scipy.org/doc/scipy/reference/generated/scipy.linalg.eigvalsh.html#scipy.linalg.eigvalsh
note,Release notes,https://docs.scipy.org/doc/scipy/reference/generated/scipy.linalg.eig_banded.html#scipy.linalg.eig_banded
only,Compute only the eigenvalues and no eigenvectors.,https://docs.scipy.org/doc/scipy/reference/generated/scipy.linalg.eig_banded.html#scipy.linalg.eig_banded
only,Whether to check that the input matrix contains only finite numbers.,https://docs.scipy.org/doc/scipy/reference/generated/scipy.linalg.eig_banded.html#scipy.linalg.eig_banded
only,Only returned if eigvals_only=False.,https://docs.scipy.org/doc/scipy/reference/generated/scipy.linalg.eig_banded.html#scipy.linalg.eig_banded
only,"Request only the eigenvalues between [-3, 4]",https://docs.scipy.org/doc/scipy/reference/generated/scipy.linalg.eig_banded.html#scipy.linalg.eig_banded
note,Release notes,https://docs.scipy.org/doc/scipy/reference/generated/scipy.linalg.eigvals_banded.html#scipy.linalg.eigvals_banded
only,Whether to check that the input matrix contains only finite numbers.,https://docs.scipy.org/doc/scipy/reference/generated/scipy.linalg.eigvals_banded.html#scipy.linalg.eigvals_banded
note,Release notes,https://docs.scipy.org/doc/scipy/reference/generated/scipy.linalg.eigh_tridiagonal.html#scipy.linalg.eigh_tridiagonal
only,Compute only the eigenvalues and no eigenvectors.,https://docs.scipy.org/doc/scipy/reference/generated/scipy.linalg.eigh_tridiagonal.html#scipy.linalg.eigh_tridiagonal
only,Whether to check that the input matrix contains only finite numbers.,https://docs.scipy.org/doc/scipy/reference/generated/scipy.linalg.eigh_tridiagonal.html#scipy.linalg.eigh_tridiagonal
only,"The absolute tolerance to which each eigenvalue is required
(only used when ‘stebz’ is the lapack_driver).",https://docs.scipy.org/doc/scipy/reference/generated/scipy.linalg.eigh_tridiagonal.html#scipy.linalg.eigh_tridiagonal
only,"When ‘stebz’ is used to find the eigenvalues and
eigvals_only=False, then a second LAPACK call (to ?",https://docs.scipy.org/doc/scipy/reference/generated/scipy.linalg.eigh_tridiagonal.html#scipy.linalg.eigh_tridiagonal
only,"‘sterf’ can only be
used when eigvals_only=True and select='a'.",https://docs.scipy.org/doc/scipy/reference/generated/scipy.linalg.eigh_tridiagonal.html#scipy.linalg.eigh_tridiagonal
only,"‘stev’ can only
be used when select='a'.",https://docs.scipy.org/doc/scipy/reference/generated/scipy.linalg.eigh_tridiagonal.html#scipy.linalg.eigh_tridiagonal
only,Only returned if eigvals_only=False.,https://docs.scipy.org/doc/scipy/reference/generated/scipy.linalg.eigh_tridiagonal.html#scipy.linalg.eigh_tridiagonal
note,Notes,https://docs.scipy.org/doc/scipy/reference/generated/scipy.linalg.eigh_tridiagonal.html#scipy.linalg.eigh_tridiagonal
note,Release notes,https://docs.scipy.org/doc/scipy/reference/generated/scipy.linalg.eigvalsh_tridiagonal.html#scipy.linalg.eigvalsh_tridiagonal
only,Whether to check that the input matrix contains only finite numbers.,https://docs.scipy.org/doc/scipy/reference/generated/scipy.linalg.eigvalsh_tridiagonal.html#scipy.linalg.eigvalsh_tridiagonal
only,"The absolute tolerance to which each eigenvalue is required
(only used when lapack_driver='stebz').",https://docs.scipy.org/doc/scipy/reference/generated/scipy.linalg.eigvalsh_tridiagonal.html#scipy.linalg.eigvalsh_tridiagonal
only,"‘sterf’ and ‘stev’ can only be used when
select='a'.",https://docs.scipy.org/doc/scipy/reference/generated/scipy.linalg.eigvalsh_tridiagonal.html#scipy.linalg.eigvalsh_tridiagonal
note,Release notes,https://docs.scipy.org/doc/scipy/reference/generated/scipy.linalg.svdvals.html#scipy.linalg.svdvals
only,Whether to check that the input matrix contains only finite numbers.,https://docs.scipy.org/doc/scipy/reference/generated/scipy.linalg.svdvals.html#scipy.linalg.svdvals
note,Notes,https://docs.scipy.org/doc/scipy/reference/generated/scipy.linalg.svdvals.html#scipy.linalg.svdvals
only,"svdvals(a) only differs from svd(a, compute_uv=False) by its
handling of the edge case of empty a, where it returns an
empty sequence:",https://docs.scipy.org/doc/scipy/reference/generated/scipy.linalg.svdvals.html#scipy.linalg.svdvals
only,"Because
of linearity, we only need the unit vectors with angles in [0, pi].",https://docs.scipy.org/doc/scipy/reference/generated/scipy.linalg.svdvals.html#scipy.linalg.svdvals
note,Release notes,https://docs.scipy.org/doc/scipy/reference/generated/scipy.linalg.orth.html#scipy.linalg.orth
note,Release notes,https://docs.scipy.org/doc/scipy/reference/generated/scipy.linalg.null_space.html#scipy.linalg.null_space
note,Release notes,https://docs.scipy.org/doc/scipy/reference/generated/scipy.linalg.ldl.html#scipy.linalg.ldl
only,"Depending on the value of the boolean lower, only upper or lower
triangular part of the input array is referenced.",https://docs.scipy.org/doc/scipy/reference/generated/scipy.linalg.ldl.html#scipy.linalg.ldl
only,Whether to check that the input matrices contain only finite numbers.,https://docs.scipy.org/doc/scipy/reference/generated/scipy.linalg.ldl.html#scipy.linalg.ldl
note,Notes,https://docs.scipy.org/doc/scipy/reference/generated/scipy.linalg.ldl.html#scipy.linalg.ldl
only,"Depending on the lower keyword value, only lower or upper triangular
part of the input array is referenced.",https://docs.scipy.org/doc/scipy/reference/generated/scipy.linalg.ldl.html#scipy.linalg.ldl
note,Release notes,https://docs.scipy.org/doc/scipy/reference/generated/scipy.linalg.cholesky_banded.html#scipy.linalg.cholesky_banded
only,Whether to check that the input matrix contains only finite numbers.,https://docs.scipy.org/doc/scipy/reference/generated/scipy.linalg.cholesky_banded.html#scipy.linalg.cholesky_banded
note,Release notes,https://docs.scipy.org/doc/scipy/reference/generated/scipy.linalg.cho_solve_banded.html#scipy.linalg.cho_solve_banded
must,lower must be the same value that was given to cholesky_banded.,https://docs.scipy.org/doc/scipy/reference/generated/scipy.linalg.cho_solve_banded.html#scipy.linalg.cho_solve_banded
only,Whether to check that the input matrices contain only finite numbers.,https://docs.scipy.org/doc/scipy/reference/generated/scipy.linalg.cho_solve_banded.html#scipy.linalg.cho_solve_banded
note,Notes,https://docs.scipy.org/doc/scipy/reference/generated/scipy.linalg.cho_solve_banded.html#scipy.linalg.cho_solve_banded
note,Release notes,https://docs.scipy.org/doc/scipy/reference/generated/scipy.linalg.polar.html#scipy.linalg.polar
note,Release notes,https://docs.scipy.org/doc/scipy/reference/generated/scipy.linalg.qr_multiply.html#scipy.linalg.qr_multiply
must,"The shape of c must be appropriate for the matrix multiplications,
if mode is ‘left’, min(a.",https://docs.scipy.org/doc/scipy/reference/generated/scipy.linalg.qr_multiply.html#scipy.linalg.qr_multiply
should,"Whether or not factorization should include pivoting for rank-revealing
qr decomposition, see the documentation of qr.",https://docs.scipy.org/doc/scipy/reference/generated/scipy.linalg.qr_multiply.html#scipy.linalg.qr_multiply
should,Whether Q should be complex-conjugated.,https://docs.scipy.org/doc/scipy/reference/generated/scipy.linalg.qr_multiply.html#scipy.linalg.qr_multiply
must,"If this is used, c must be big enough to keep the result,
i.",https://docs.scipy.org/doc/scipy/reference/generated/scipy.linalg.qr_multiply.html#scipy.linalg.qr_multiply
only,Only returned when pivoting=True.,https://docs.scipy.org/doc/scipy/reference/generated/scipy.linalg.qr_multiply.html#scipy.linalg.qr_multiply
note,Notes,https://docs.scipy.org/doc/scipy/reference/generated/scipy.linalg.qr_multiply.html#scipy.linalg.qr_multiply
note,Release notes,https://docs.scipy.org/doc/scipy/reference/generated/scipy.linalg.qr_update.html#scipy.linalg.qr_update
only,Whether to check that the input matrix contains only finite numbers.,https://docs.scipy.org/doc/scipy/reference/generated/scipy.linalg.qr_update.html#scipy.linalg.qr_update
note,Notes,https://docs.scipy.org/doc/scipy/reference/generated/scipy.linalg.qr_update.html#scipy.linalg.qr_update
note,Release notes,https://docs.scipy.org/doc/scipy/reference/generated/scipy.linalg.qr_delete.html#scipy.linalg.qr_delete
only,Whether to check that the input matrix contains only finite numbers.,https://docs.scipy.org/doc/scipy/reference/generated/scipy.linalg.qr_delete.html#scipy.linalg.qr_delete
note,Notes,https://docs.scipy.org/doc/scipy/reference/generated/scipy.linalg.qr_delete.html#scipy.linalg.qr_delete
note,Release notes,https://docs.scipy.org/doc/scipy/reference/generated/scipy.linalg.qr_insert.html#scipy.linalg.qr_insert
only,"Lower bound on the reciprocal condition number of Q augmented with
u/||u|| Only used when updating economic mode (thin, (M,N) (N,N))
decompositions.",https://docs.scipy.org/doc/scipy/reference/generated/scipy.linalg.qr_insert.html#scipy.linalg.qr_insert
only,Whether to check that the input matrices contain only finite numbers.,https://docs.scipy.org/doc/scipy/reference/generated/scipy.linalg.qr_insert.html#scipy.linalg.qr_insert
note,Notes,https://docs.scipy.org/doc/scipy/reference/generated/scipy.linalg.qr_insert.html#scipy.linalg.qr_insert
note,Release notes,https://docs.scipy.org/doc/scipy/reference/generated/scipy.linalg.rq.html#scipy.linalg.rq
note,"Determines what information is to be returned: either both Q and R
(‘full’, default), only R (‘r’) or both Q and R but computed in
economy-size (‘economic’, see Notes).",https://docs.scipy.org/doc/scipy/reference/generated/scipy.linalg.rq.html#scipy.linalg.rq
only,"Determines what information is to be returned: either both Q and R
(‘full’, default), only R (‘r’) or both Q and R but computed in
economy-size (‘economic’, see Notes).",https://docs.scipy.org/doc/scipy/reference/generated/scipy.linalg.rq.html#scipy.linalg.rq
only,Whether to check that the input matrix contains only finite numbers.,https://docs.scipy.org/doc/scipy/reference/generated/scipy.linalg.rq.html#scipy.linalg.rq
note,Notes,https://docs.scipy.org/doc/scipy/reference/generated/scipy.linalg.rq.html#scipy.linalg.rq
note,Release notes,https://docs.scipy.org/doc/scipy/reference/generated/scipy.linalg.qz.html#scipy.linalg.qz
note,"If (output='complex') or
A and B are complex matrices, Z’ denotes the conjugate-transpose of Z.",https://docs.scipy.org/doc/scipy/reference/generated/scipy.linalg.qz.html#scipy.linalg.qz
note,NOTE: THIS INPUT IS DISABLED FOR NOW.,https://docs.scipy.org/doc/scipy/reference/generated/scipy.linalg.qz.html#scipy.linalg.qz
should,Specifies whether the upper eigenvalues should be sorted.,https://docs.scipy.org/doc/scipy/reference/generated/scipy.linalg.qz.html#scipy.linalg.qz
should,"A callable
may be passed that, given a eigenvalue, returns a boolean denoting
whether the eigenvalue should be sorted to the top-left (True).",https://docs.scipy.org/doc/scipy/reference/generated/scipy.linalg.qz.html#scipy.linalg.qz
note,Notes,https://docs.scipy.org/doc/scipy/reference/generated/scipy.linalg.qz.html#scipy.linalg.qz
only,"With real output, we only need the
transpose of Z in the following expressions.",https://docs.scipy.org/doc/scipy/reference/generated/scipy.linalg.qz.html#scipy.linalg.qz
must,"With complex arrays, we must use Z.",https://docs.scipy.org/doc/scipy/reference/generated/scipy.linalg.qz.html#scipy.linalg.qz
note,Release notes,https://docs.scipy.org/doc/scipy/reference/generated/scipy.linalg.ordqz.html#scipy.linalg.ordqz
should,Specifies whether the upper eigenvalues should be sorted.,https://docs.scipy.org/doc/scipy/reference/generated/scipy.linalg.ordqz.html#scipy.linalg.ordqz
should,"A
callable may be passed that, given an ordered pair (alpha,
beta) representing the eigenvalue x = (alpha/beta),
returns a boolean denoting whether the eigenvalue should be
sorted to the top-left (True).",https://docs.scipy.org/doc/scipy/reference/generated/scipy.linalg.ordqz.html#scipy.linalg.ordqz
must,"The callable must be able to accept a NumPy
array.",https://docs.scipy.org/doc/scipy/reference/generated/scipy.linalg.ordqz.html#scipy.linalg.ordqz
note,See notes.,https://docs.scipy.org/doc/scipy/reference/generated/scipy.linalg.ordqz.html#scipy.linalg.ordqz
note,See notes.,https://docs.scipy.org/doc/scipy/reference/generated/scipy.linalg.ordqz.html#scipy.linalg.ordqz
note,Notes,https://docs.scipy.org/doc/scipy/reference/generated/scipy.linalg.ordqz.html#scipy.linalg.ordqz
note,Release notes,https://docs.scipy.org/doc/scipy/reference/generated/scipy.linalg.hessenberg.html#scipy.linalg.hessenberg
only,"where Q is unitary/orthogonal and H has only zero elements below
the first sub-diagonal.",https://docs.scipy.org/doc/scipy/reference/generated/scipy.linalg.hessenberg.html#scipy.linalg.hessenberg
only,Whether to check that the input matrix contains only finite numbers.,https://docs.scipy.org/doc/scipy/reference/generated/scipy.linalg.hessenberg.html#scipy.linalg.hessenberg
only,Only returned if calc_q=True.,https://docs.scipy.org/doc/scipy/reference/generated/scipy.linalg.hessenberg.html#scipy.linalg.hessenberg
note,Release notes,https://docs.scipy.org/doc/scipy/reference/generated/scipy.linalg.cdf2rdf.html#scipy.linalg.cdf2rdf
must,"Conjugate pairs must not be interleaved, else the wrong result
will be produced.",https://docs.scipy.org/doc/scipy/reference/generated/scipy.linalg.cdf2rdf.html#scipy.linalg.cdf2rdf
note,Notes,https://docs.scipy.org/doc/scipy/reference/generated/scipy.linalg.cdf2rdf.html#scipy.linalg.cdf2rdf
must,"w, v must be the eigenstructure for some real matrix X.",https://docs.scipy.org/doc/scipy/reference/generated/scipy.linalg.cdf2rdf.html#scipy.linalg.cdf2rdf
note,Release notes,https://docs.scipy.org/doc/scipy/reference/generated/scipy.linalg.cossin.html#scipy.linalg.cossin
only,"Number of rows of the upper left block X11, used only when X is
given as an array.",https://docs.scipy.org/doc/scipy/reference/generated/scipy.linalg.cossin.html#scipy.linalg.cossin
only,"Number of columns of the upper left block X11, used only when X is
given as an array.",https://docs.scipy.org/doc/scipy/reference/generated/scipy.linalg.cossin.html#scipy.linalg.cossin
note,Release notes,https://docs.scipy.org/doc/scipy/reference/generated/scipy.linalg.signm.html#scipy.linalg.signm
warning,"Print warning if error in the result is estimated large
instead of returning estimated error.",https://docs.scipy.org/doc/scipy/reference/generated/scipy.linalg.signm.html#scipy.linalg.signm
note,Release notes,https://docs.scipy.org/doc/scipy/reference/generated/scipy.linalg.sqrtm.html#scipy.linalg.sqrtm
warning,"Print warning if error in the result is estimated large
instead of returning estimated error.",https://docs.scipy.org/doc/scipy/reference/generated/scipy.linalg.sqrtm.html#scipy.linalg.sqrtm
note,"Higham, Rui Ralha (2013)
“Blocked Schur Algorithms for Computing the Matrix Square Root,
Lecture Notes in Computer Science, 7782.",https://docs.scipy.org/doc/scipy/reference/generated/scipy.linalg.sqrtm.html#scipy.linalg.sqrtm
note,Release notes,https://docs.scipy.org/doc/scipy/reference/generated/scipy.linalg.expm_frechet.html#scipy.linalg.expm_frechet
only,Whether to check that the input matrix contains only finite numbers.,https://docs.scipy.org/doc/scipy/reference/generated/scipy.linalg.expm_frechet.html#scipy.linalg.expm_frechet
note,Notes,https://docs.scipy.org/doc/scipy/reference/generated/scipy.linalg.expm_frechet.html#scipy.linalg.expm_frechet
only,"It is a sophisticated implementation which should take
only about 3/8 as much time as the naive implementation.",https://docs.scipy.org/doc/scipy/reference/generated/scipy.linalg.expm_frechet.html#scipy.linalg.expm_frechet
should,"It is a sophisticated implementation which should take
only about 3/8 as much time as the naive implementation.",https://docs.scipy.org/doc/scipy/reference/generated/scipy.linalg.expm_frechet.html#scipy.linalg.expm_frechet
note,Release notes,https://docs.scipy.org/doc/scipy/reference/generated/scipy.linalg.expm_cond.html#scipy.linalg.expm_cond
only,Whether to check that the input matrix contains only finite numbers.,https://docs.scipy.org/doc/scipy/reference/generated/scipy.linalg.expm_cond.html#scipy.linalg.expm_cond
note,Notes,https://docs.scipy.org/doc/scipy/reference/generated/scipy.linalg.expm_cond.html#scipy.linalg.expm_cond
note,Release notes,https://docs.scipy.org/doc/scipy/reference/generated/scipy.linalg.fractional_matrix_power.html#scipy.linalg.fractional_matrix_power
note,Release notes,https://docs.scipy.org/doc/scipy/reference/generated/scipy.linalg.solve_sylvester.html#scipy.linalg.solve_sylvester
note,Notes,https://docs.scipy.org/doc/scipy/reference/generated/scipy.linalg.solve_sylvester.html#scipy.linalg.solve_sylvester
note,Release notes,https://docs.scipy.org/doc/scipy/reference/generated/scipy.linalg.solve_continuous_are.html#scipy.linalg.solve_continuous_are
should,"All eigenvalues of \(A\) on the right half plane, should be
controllable.",https://docs.scipy.org/doc/scipy/reference/generated/scipy.linalg.solve_continuous_are.html#scipy.linalg.solve_continuous_are
should,"All eigenvalues of \(A\) on the right half plane, should be
controllable.",https://docs.scipy.org/doc/scipy/reference/generated/scipy.linalg.solve_continuous_are.html#scipy.linalg.solve_continuous_are
note,"The associated hamiltonian pencil (See Notes), should have
eigenvalues sufficiently away from the imaginary axis.",https://docs.scipy.org/doc/scipy/reference/generated/scipy.linalg.solve_continuous_are.html#scipy.linalg.solve_continuous_are
should,"The associated hamiltonian pencil (See Notes), should have
eigenvalues sufficiently away from the imaginary axis.",https://docs.scipy.org/doc/scipy/reference/generated/scipy.linalg.solve_continuous_are.html#scipy.linalg.solve_continuous_are
note,"The associated hamiltonian pencil (See Notes), should have
eigenvalues sufficiently away from the imaginary axis.",https://docs.scipy.org/doc/scipy/reference/generated/scipy.linalg.solve_continuous_are.html#scipy.linalg.solve_continuous_are
should,"The associated hamiltonian pencil (See Notes), should have
eigenvalues sufficiently away from the imaginary axis.",https://docs.scipy.org/doc/scipy/reference/generated/scipy.linalg.solve_continuous_are.html#scipy.linalg.solve_continuous_are
note,See Notes section and the references for details.,https://docs.scipy.org/doc/scipy/reference/generated/scipy.linalg.solve_continuous_are.html#scipy.linalg.solve_continuous_are
note,Notes,https://docs.scipy.org/doc/scipy/reference/generated/scipy.linalg.solve_continuous_are.html#scipy.linalg.solve_continuous_are
note,Release notes,https://docs.scipy.org/doc/scipy/reference/generated/scipy.linalg.solve_discrete_are.html#scipy.linalg.solve_discrete_are
should,"All eigenvalues of \(A\) outside the unit disc, should be
controllable.",https://docs.scipy.org/doc/scipy/reference/generated/scipy.linalg.solve_discrete_are.html#scipy.linalg.solve_discrete_are
should,"All eigenvalues of \(A\) outside the unit disc, should be
controllable.",https://docs.scipy.org/doc/scipy/reference/generated/scipy.linalg.solve_discrete_are.html#scipy.linalg.solve_discrete_are
note,"The associated symplectic pencil (See Notes), should have
eigenvalues sufficiently away from the unit circle.",https://docs.scipy.org/doc/scipy/reference/generated/scipy.linalg.solve_discrete_are.html#scipy.linalg.solve_discrete_are
should,"The associated symplectic pencil (See Notes), should have
eigenvalues sufficiently away from the unit circle.",https://docs.scipy.org/doc/scipy/reference/generated/scipy.linalg.solve_discrete_are.html#scipy.linalg.solve_discrete_are
note,"The associated symplectic pencil (See Notes), should have
eigenvalues sufficiently away from the unit circle.",https://docs.scipy.org/doc/scipy/reference/generated/scipy.linalg.solve_discrete_are.html#scipy.linalg.solve_discrete_are
should,"The associated symplectic pencil (See Notes), should have
eigenvalues sufficiently away from the unit circle.",https://docs.scipy.org/doc/scipy/reference/generated/scipy.linalg.solve_discrete_are.html#scipy.linalg.solve_discrete_are
note,See Notes section and the references for details.,https://docs.scipy.org/doc/scipy/reference/generated/scipy.linalg.solve_discrete_are.html#scipy.linalg.solve_discrete_are
note,Notes,https://docs.scipy.org/doc/scipy/reference/generated/scipy.linalg.solve_discrete_are.html#scipy.linalg.solve_discrete_are
note,Release notes,https://docs.scipy.org/doc/scipy/reference/generated/scipy.linalg.solve_continuous_lyapunov.html#scipy.linalg.solve_continuous_lyapunov
note,Notes,https://docs.scipy.org/doc/scipy/reference/generated/scipy.linalg.solve_continuous_lyapunov.html#scipy.linalg.solve_continuous_lyapunov
note,Release notes,https://docs.scipy.org/doc/scipy/reference/generated/scipy.linalg.solve_discrete_lyapunov.html#scipy.linalg.solve_discrete_lyapunov
must,Must have the same shape.,https://docs.scipy.org/doc/scipy/reference/generated/scipy.linalg.solve_discrete_lyapunov.html#scipy.linalg.solve_discrete_lyapunov
note,Notes,https://docs.scipy.org/doc/scipy/reference/generated/scipy.linalg.solve_discrete_lyapunov.html#scipy.linalg.solve_discrete_lyapunov
note,Release notes,https://docs.scipy.org/doc/scipy/reference/generated/scipy.linalg.clarkson_woodruff_transform.html#scipy.linalg.clarkson_woodruff_transform
note,Notes,https://docs.scipy.org/doc/scipy/reference/generated/scipy.linalg.clarkson_woodruff_transform.html#scipy.linalg.clarkson_woodruff_transform
note,Release notes,https://docs.scipy.org/doc/scipy/reference/generated/scipy.linalg.tri.html#scipy.linalg.tri
note,Release notes,https://docs.scipy.org/doc/scipy/reference/generated/scipy.linalg.get_blas_funcs.html#scipy.linalg.get_blas_funcs
note,Notes,https://docs.scipy.org/doc/scipy/reference/generated/scipy.linalg.get_blas_funcs.html#scipy.linalg.get_blas_funcs
note,Release notes,https://docs.scipy.org/doc/scipy/reference/generated/scipy.linalg.get_lapack_funcs.html#scipy.linalg.get_lapack_funcs
note,Notes,https://docs.scipy.org/doc/scipy/reference/generated/scipy.linalg.get_lapack_funcs.html#scipy.linalg.get_lapack_funcs
note,"This size is determined also by a dedicated query
to the function which is often wrapped as a standalone function and
commonly denoted as ###_lwork.",https://docs.scipy.org/doc/scipy/reference/generated/scipy.linalg.get_lapack_funcs.html#scipy.linalg.get_lapack_funcs
only,"This size is determined also by a dedicated query
to the function which is often wrapped as a standalone function and
commonly denoted as ###_lwork.",https://docs.scipy.org/doc/scipy/reference/generated/scipy.linalg.get_lapack_funcs.html#scipy.linalg.get_lapack_funcs
note,Release notes,https://docs.scipy.org/doc/scipy/reference/generated/scipy.linalg.find_best_blas_type.html#scipy.linalg.find_best_blas_type
note,Release notes,https://docs.scipy.org/doc/scipy/reference/generated/scipy.ndimage.labeled_comprehension.html#scipy.ndimage.labeled_comprehension
must,"If not None, array must be same shape as input.",https://docs.scipy.org/doc/scipy/reference/generated/scipy.ndimage.labeled_comprehension.html#scipy.ndimage.labeled_comprehension
note,Release notes,https://docs.scipy.org/doc/scipy/reference/generated/scipy.ndimage.median.html#scipy.ndimage.median
must,"labels must have the
same shape as input.",https://docs.scipy.org/doc/scipy/reference/generated/scipy.ndimage.median.html#scipy.ndimage.median
note,Notes,https://docs.scipy.org/doc/scipy/reference/generated/scipy.ndimage.median.html#scipy.ndimage.median
note,Release notes,https://docs.scipy.org/doc/scipy/reference/generated/scipy.ndimage.sum_labels.html#scipy.ndimage.sum_labels
note,Release notes,https://docs.scipy.org/doc/scipy/reference/generated/scipy.ndimage.value_indices.html#scipy.ndimage.value_indices
note,Notes,https://docs.scipy.org/doc/scipy/reference/generated/scipy.ndimage.value_indices.html#scipy.ndimage.value_indices
note,"Note for IDL users: this provides functionality equivalent to IDL’s
REVERSE_INDICES option (as per the IDL documentation for the
HISTOGRAM
function).",https://docs.scipy.org/doc/scipy/reference/generated/scipy.ndimage.value_indices.html#scipy.ndimage.value_indices
note,Release notes,https://docs.scipy.org/doc/scipy/reference/generated/scipy.ndimage.binary_propagation.html#scipy.ndimage.binary_propagation
note,Notes,https://docs.scipy.org/doc/scipy/reference/generated/scipy.ndimage.binary_propagation.html#scipy.ndimage.binary_propagation
note,Release notes,https://docs.scipy.org/doc/scipy/reference/generated/scipy.misc.electrocardiogram.html
note,Notes,https://docs.scipy.org/doc/scipy/reference/generated/scipy.misc.electrocardiogram.html
note,Release notes,https://docs.scipy.org/doc/scipy/reference/generated/scipy.odr.Data.html#scipy.odr.Data
only,"If we is a rank-1 array of length n (the number of data points), then
the i’th element is the weight for the i’th response variable
observation (single-dimensional only).",https://docs.scipy.org/doc/scipy/reference/generated/scipy.odr.Data.html#scipy.odr.Data
only,"If the fit is implicit, then only a positive scalar value is used.",https://docs.scipy.org/doc/scipy/reference/generated/scipy.odr.Data.html#scipy.odr.Data
only,"If wd is a rank-1 array of length n (the number of data points), then
the i’th element is the weight for the ith input variable observation
(single-dimensional only).",https://docs.scipy.org/doc/scipy/reference/generated/scipy.odr.Data.html#scipy.odr.Data
note,Notes,https://docs.scipy.org/doc/scipy/reference/generated/scipy.odr.Data.html#scipy.odr.Data
only,"If y is an integer, then the Data instance can only be used to fit with
implicit models where the dimensionality of the response is equal to the
specified value of y.",https://docs.scipy.org/doc/scipy/reference/generated/scipy.odr.Data.html#scipy.odr.Data
note,Release notes,https://docs.scipy.org/doc/scipy/reference/generated/scipy.odr.RealData.html#scipy.odr.RealData
note,Notes,https://docs.scipy.org/doc/scipy/reference/generated/scipy.odr.RealData.html#scipy.odr.RealData
only,"These arguments follow the same structured argument conventions as wd and
we only restricted by their natures: sx and sy can’t be rank-3, but
covx and covy can be.",https://docs.scipy.org/doc/scipy/reference/generated/scipy.odr.RealData.html#scipy.odr.RealData
only,Only set either sx or covx (not both).,https://docs.scipy.org/doc/scipy/reference/generated/scipy.odr.RealData.html#scipy.odr.RealData
note,Release notes,https://docs.scipy.org/doc/scipy/reference/generated/scipy.odr.Model.html#scipy.odr.Model
should,"If specified, extra_args should be a tuple of extra
arguments to pass to fcn, fjacb, and fjacd.",https://docs.scipy.org/doc/scipy/reference/generated/scipy.odr.Model.html#scipy.odr.Model
note,Notes,https://docs.scipy.org/doc/scipy/reference/generated/scipy.odr.Model.html#scipy.odr.Model
note,"Note that the fcn, fjacb, and fjacd operate on NumPy arrays and
return a NumPy array.",https://docs.scipy.org/doc/scipy/reference/generated/scipy.odr.Model.html#scipy.odr.Model
only,"If q == 1, then
the return array is only rank-2 and with shape (p, n).",https://docs.scipy.org/doc/scipy/reference/generated/scipy.odr.Model.html#scipy.odr.Model
only,"as with fjacb, only the return array’s shape is (q, m, n)
such that fjacd(x,beta)[l,j,i] = d f_l(X,B)/d X_j at the ith data
point.",https://docs.scipy.org/doc/scipy/reference/generated/scipy.odr.Model.html#scipy.odr.Model
note,Release notes,https://docs.scipy.org/doc/scipy/reference/generated/scipy.odr.ODR.html#scipy.odr.ODR
must,Must be same shape as data.,https://docs.scipy.org/doc/scipy/reference/generated/scipy.odr.ODR.html#scipy.odr.ODR
must,"31 of the
ODRPACK User’s Guide if you absolutely must set the value here.",https://docs.scipy.org/doc/scipy/reference/generated/scipy.odr.ODR.html#scipy.odr.ODR
must,"33-34 of the
ODRPACK User’s Guide if you absolutely must set the value here.",https://docs.scipy.org/doc/scipy/reference/generated/scipy.odr.ODR.html#scipy.odr.ODR
must,taufac must be less than 1.,https://docs.scipy.org/doc/scipy/reference/generated/scipy.odr.ODR.html#scipy.odr.ODR
must,sstol must be less than 1.,https://docs.scipy.org/doc/scipy/reference/generated/scipy.odr.ODR.html#scipy.odr.ODR
must,"partol must be less
than 1.",https://docs.scipy.org/doc/scipy/reference/generated/scipy.odr.ODR.html#scipy.odr.ODR
note,Release notes,https://docs.scipy.org/doc/scipy/reference/generated/scipy.odr.Output.html#scipy.odr.Output
note,Notes,https://docs.scipy.org/doc/scipy/reference/generated/scipy.odr.Output.html#scipy.odr.Output
only,"The attributes listed as “optional” above are
only present if odr was run with full_output=1.",https://docs.scipy.org/doc/scipy/reference/generated/scipy.odr.Output.html#scipy.odr.Output
note,"Note that this cov_beta is not scaled by the residual variance 
res_var, whereas sd_beta is.",https://docs.scipy.org/doc/scipy/reference/generated/scipy.odr.Output.html#scipy.odr.Output
note,Release notes,https://docs.scipy.org/doc/scipy/reference/generated/odr-function.html#scipy.odr.odr
note,Notes,https://docs.scipy.org/doc/scipy/reference/generated/odr-function.html#scipy.odr.odr
note,Release notes,https://docs.scipy.org/doc/scipy/reference/generated/scipy.odr.OdrWarning.html#scipy.odr.OdrWarning
warning,"OdrWarning
    
   
  
  
   
    
     
      
       OdrWarning.",https://docs.scipy.org/doc/scipy/reference/generated/scipy.odr.OdrWarning.html#scipy.odr.OdrWarning
warning,OdrWarning.,https://docs.scipy.org/doc/scipy/reference/generated/scipy.odr.OdrWarning.html#scipy.odr.OdrWarning
warning,"Warning indicating that the data passed into
ODR will cause problems when passed into ‘odr’
that the user should be aware of.",https://docs.scipy.org/doc/scipy/reference/generated/scipy.odr.OdrWarning.html#scipy.odr.OdrWarning
should,"Warning indicating that the data passed into
ODR will cause problems when passed into ‘odr’
that the user should be aware of.",https://docs.scipy.org/doc/scipy/reference/generated/scipy.odr.OdrWarning.html#scipy.odr.OdrWarning
note,Release notes,https://docs.scipy.org/doc/scipy/reference/generated/scipy.odr.OdrError.html#scipy.odr.OdrError
note,Release notes,https://docs.scipy.org/doc/scipy/reference/generated/scipy.odr.OdrStop.html#scipy.odr.OdrStop
note,Release notes,https://docs.scipy.org/doc/scipy/reference/generated/scipy.odr.polynomial.html#scipy.odr.polynomial
note,Release notes,https://docs.scipy.org/doc/scipy/reference/generated/scipy.odr.exponential.html#scipy.odr.exponential
note,Release notes,https://docs.scipy.org/doc/scipy/reference/generated/scipy.odr.multilinear.html#scipy.odr.multilinear
note,Release notes,https://docs.scipy.org/doc/scipy/reference/generated/scipy.odr.unilinear.html#scipy.odr.unilinear
note,Release notes,https://docs.scipy.org/doc/scipy/reference/generated/scipy.odr.quadratic.html#scipy.odr.quadratic
note,Release notes,https://docs.scipy.org/doc/scipy/reference/generated/scipy.optimize.show_options.html#scipy.optimize.show_options
only,"Otherwise,
show only the options for the specified method.",https://docs.scipy.org/doc/scipy/reference/generated/scipy.optimize.show_options.html#scipy.optimize.show_options
note,Notes,https://docs.scipy.org/doc/scipy/reference/generated/scipy.optimize.show_options.html#scipy.optimize.show_options
note,Release notes,https://docs.scipy.org/doc/scipy/reference/generated/scipy.optimize.OptimizeResult.html#scipy.optimize.OptimizeResult
note,Notes,https://docs.scipy.org/doc/scipy/reference/generated/scipy.optimize.OptimizeResult.html#scipy.optimize.OptimizeResult
note,Release notes,https://docs.scipy.org/doc/scipy/reference/generated/scipy.optimize.OptimizeWarning.html#scipy.optimize.OptimizeWarning
warning,"OptimizeWarning
    
   
  
  
   
    
     
      
       OptimizeWarning.",https://docs.scipy.org/doc/scipy/reference/generated/scipy.optimize.OptimizeWarning.html#scipy.optimize.OptimizeWarning
warning,OptimizeWarning.,https://docs.scipy.org/doc/scipy/reference/generated/scipy.optimize.OptimizeWarning.html#scipy.optimize.OptimizeWarning
note,Release notes,https://docs.scipy.org/doc/scipy/reference/optimize.minimize_scalar-brent.html
only,1 : non-convergence notification messages only.,https://docs.scipy.org/doc/scipy/reference/optimize.minimize_scalar-brent.html
note,Release notes,https://docs.scipy.org/doc/scipy/reference/optimize.minimize_scalar-bounded.html
only,1 : non-convergence notification messages only.,https://docs.scipy.org/doc/scipy/reference/optimize.minimize_scalar-bounded.html
note,Release notes,https://docs.scipy.org/doc/scipy/reference/optimize.minimize_scalar-golden.html
only,1 : non-convergence notification messages only.,https://docs.scipy.org/doc/scipy/reference/optimize.minimize_scalar-golden.html
note,Release notes,https://docs.scipy.org/doc/scipy/reference/optimize.minimize-neldermead.html
should,"initial_simplex[j,:] should contain the coordinates of
the jth vertex of the N+1 vertices in the simplex, where
N is the dimension.",https://docs.scipy.org/doc/scipy/reference/optimize.minimize-neldermead.html
note,"Note that this just clips all vertices in simplex based on
the bounds.",https://docs.scipy.org/doc/scipy/reference/optimize.minimize-neldermead.html
note,Release notes,https://docs.scipy.org/doc/scipy/reference/optimize.minimize-powell.html
note,Release notes,https://docs.scipy.org/doc/scipy/reference/optimize.minimize-cg.html
must,"Gradient norm must be less than gtol before successful
termination.",https://docs.scipy.org/doc/scipy/reference/optimize.minimize-cg.html
note,Notes,https://docs.scipy.org/doc/scipy/reference/optimize.minimize-cg.html
must,Parameters c1 and c2 must satisfy 0 < c1 < c2 < 1.,https://docs.scipy.org/doc/scipy/reference/optimize.minimize-cg.html
note,Release notes,https://docs.scipy.org/doc/scipy/reference/optimize.minimize-bfgs.html
note,Notes,https://docs.scipy.org/doc/scipy/reference/optimize.minimize-bfgs.html
must,Parameters c1 and c2 must satisfy 0 < c1 < c2 < 1.,https://docs.scipy.org/doc/scipy/reference/optimize.minimize-bfgs.html
note,Release notes,https://docs.scipy.org/doc/scipy/reference/optimize.minimize-newtoncg.html
note,Note that the jac parameter (Jacobian) is required.,https://docs.scipy.org/doc/scipy/reference/optimize.minimize-newtoncg.html
note,Notes,https://docs.scipy.org/doc/scipy/reference/optimize.minimize-newtoncg.html
must,Parameters c1 and c2 must satisfy 0 < c1 < c2 < 1.,https://docs.scipy.org/doc/scipy/reference/optimize.minimize-newtoncg.html
note,Release notes,https://docs.scipy.org/doc/scipy/reference/optimize.minimize-lbfgsb.html
note,"Note that this function
may violate the limit because of evaluating gradients by numerical
differentiation.",https://docs.scipy.org/doc/scipy/reference/optimize.minimize-lbfgsb.html
only,"iprint < 0 means no output;
iprint = 0    print only one line at the last iteration;
0 < iprint < 99 print also f and |proj g| every iprint iterations;
iprint = 99   print details of every iteration except n-vectors;
iprint = 100  print also the changes of active set and final x;
iprint > 100  print details of every iteration including x and g.",https://docs.scipy.org/doc/scipy/reference/optimize.minimize-lbfgsb.html
note,Notes,https://docs.scipy.org/doc/scipy/reference/optimize.minimize-lbfgsb.html
note,Release notes,https://docs.scipy.org/doc/scipy/reference/optimize.minimize-tnc.html
note,Release notes,https://docs.scipy.org/doc/scipy/reference/optimize.minimize-cobyla.html
note,Release notes,https://docs.scipy.org/doc/scipy/reference/optimize.minimize-slsqp.html
note,Release notes,https://docs.scipy.org/doc/scipy/reference/optimize.minimize-trustconstr.html
only,"When inequality constraints are present, the algorithm will terminate
only when the barrier parameter is less than barrier_tol.",https://docs.scipy.org/doc/scipy/reference/optimize.minimize-trustconstr.html
only,"If None (default), then Jacobians won’t be
converted, but the algorithm can proceed only if they all have the
same format.",https://docs.scipy.org/doc/scipy/reference/optimize.minimize-trustconstr.html
only,"For an accurate local approximation the trust-region should be
large and for an  approximation valid only close to the current point it
should be a small one.",https://docs.scipy.org/doc/scipy/reference/optimize.minimize-trustconstr.html
should,"For an accurate local approximation the trust-region should be
large and for an  approximation valid only close to the current point it
should be a small one.",https://docs.scipy.org/doc/scipy/reference/optimize.minimize-trustconstr.html
only,Both are used only when inequality constraints are present.,https://docs.scipy.org/doc/scipy/reference/optimize.minimize-trustconstr.html
note,"Also note that barrier_parameter and barrier_tolerance are updated
with the same prefactor.",https://docs.scipy.org/doc/scipy/reference/optimize.minimize-trustconstr.html
only,"The methods ‘NormalEquation’ and ‘AugmentedSystem’ can be used only
with sparse constraints.",https://docs.scipy.org/doc/scipy/reference/optimize.minimize-trustconstr.html
only,"The methods ‘QRFactorization’ and ‘SVDFactorization’ can be used
only with dense constraints.",https://docs.scipy.org/doc/scipy/reference/optimize.minimize-trustconstr.html
only,Only for problems with inequality constraints.,https://docs.scipy.org/doc/scipy/reference/optimize.minimize-trustconstr.html
only,"Only for problems
with inequality constraints.",https://docs.scipy.org/doc/scipy/reference/optimize.minimize-trustconstr.html
note,Release notes,https://docs.scipy.org/doc/scipy/reference/optimize.minimize-dogleg.html
must,"Gradient norm must be less than gtol before successful
termination.",https://docs.scipy.org/doc/scipy/reference/optimize.minimize-dogleg.html
note,Release notes,https://docs.scipy.org/doc/scipy/reference/optimize.minimize-trustncg.html
must,"Gradient norm must be less than gtol before successful
termination.",https://docs.scipy.org/doc/scipy/reference/optimize.minimize-trustncg.html
note,Release notes,https://docs.scipy.org/doc/scipy/reference/optimize.minimize-trustkrylov.html
only,"Minimization of a scalar function of one or more variables using
a nearly exact trust-region algorithm that only requires matrix
vector products with the hessian matrix.",https://docs.scipy.org/doc/scipy/reference/optimize.minimize-trustkrylov.html
note,Release notes,https://docs.scipy.org/doc/scipy/reference/optimize.minimize-trustexact.html
must,"Gradient norm must be less than gtol before successful
termination.",https://docs.scipy.org/doc/scipy/reference/optimize.minimize-trustexact.html
note,Release notes,https://docs.scipy.org/doc/scipy/reference/generated/scipy.optimize.brute.html#scipy.optimize.brute
note,"The value and type of the function evaluation returned when
full_output=True are affected in addition by the finish argument
(see Notes).",https://docs.scipy.org/doc/scipy/reference/generated/scipy.optimize.brute.html#scipy.optimize.brute
must,"Must be in the
form f(x, *args), where x is the argument in
the form of a 1-D array and args is a tuple of any
additional fixed parameters needed to completely specify
the function.",https://docs.scipy.org/doc/scipy/reference/generated/scipy.optimize.brute.html#scipy.optimize.brute
must,"Each component of the ranges tuple must be either a
“slice object” or a range tuple of the form (low, high).",https://docs.scipy.org/doc/scipy/reference/generated/scipy.optimize.brute.html#scipy.optimize.brute
note,"See Note 2 for
more detail.",https://docs.scipy.org/doc/scipy/reference/generated/scipy.optimize.brute.html#scipy.optimize.brute
note,See Note2.,https://docs.scipy.org/doc/scipy/reference/generated/scipy.optimize.brute.html#scipy.optimize.brute
should,"finish should take func and
the initial guess as positional arguments, and take args as
keyword arguments.",https://docs.scipy.org/doc/scipy/reference/generated/scipy.optimize.brute.html#scipy.optimize.brute
note,See Notes for more details.,https://docs.scipy.org/doc/scipy/reference/generated/scipy.optimize.brute.html#scipy.optimize.brute
note,"(See Note 1 for
which point is returned.",https://docs.scipy.org/doc/scipy/reference/generated/scipy.optimize.brute.html#scipy.optimize.brute
note,Notes,https://docs.scipy.org/doc/scipy/reference/generated/scipy.optimize.brute.html#scipy.optimize.brute
note,"Note 1: The program finds the gridpoint at which the lowest value
of the objective function occurs.",https://docs.scipy.org/doc/scipy/reference/generated/scipy.optimize.brute.html#scipy.optimize.brute
must,"Any polishing program used must take brute’s output as its
initial guess as a positional argument, and take brute’s input values
for args as keyword arguments, otherwise an error will be raised.",https://docs.scipy.org/doc/scipy/reference/generated/scipy.optimize.brute.html#scipy.optimize.brute
note,"Note that when finish is not None, the values returned are those
of the finish program, not the gridpoint ones.",https://docs.scipy.org/doc/scipy/reference/generated/scipy.optimize.brute.html#scipy.optimize.brute
only,"Thus, if a
minimum only needs to be found over the provided grid points, make
sure to pass in finish=None.",https://docs.scipy.org/doc/scipy/reference/generated/scipy.optimize.brute.html#scipy.optimize.brute
note,Note 2: The grid of points is a numpy.,https://docs.scipy.org/doc/scipy/reference/generated/scipy.optimize.brute.html#scipy.optimize.brute
note,"Note that if finish had been set to None, we would have gotten the
gridpoint [-1.",https://docs.scipy.org/doc/scipy/reference/generated/scipy.optimize.brute.html#scipy.optimize.brute
note,Release notes,https://docs.scipy.org/doc/scipy/reference/generated/scipy.optimize.differential_evolution.html#scipy.optimize.differential_evolution
must,"Must be in the form
f(x, *args), where x is the argument in the form of a 1-D array
and args is a tuple of any additional fixed parameters needed to
completely specify the function.",https://docs.scipy.org/doc/scipy/reference/generated/scipy.optimize.differential_evolution.html#scipy.optimize.differential_evolution
note,"Strategies that may be implemented are
outlined in ‘Notes’.",https://docs.scipy.org/doc/scipy/reference/generated/scipy.optimize.differential_evolution.html#scipy.optimize.differential_evolution
must,"The callable must
have the form strategy(candidate: int, population: np.",https://docs.scipy.org/doc/scipy/reference/generated/scipy.optimize.differential_evolution.html#scipy.optimize.differential_evolution
must,"strategy must return a trial vector with shape (N,).",https://docs.scipy.org/doc/scipy/reference/generated/scipy.optimize.differential_evolution.html#scipy.optimize.differential_evolution
note,"In the literature this is also known as
differential weight, being denoted by F.",https://docs.scipy.org/doc/scipy/reference/generated/scipy.optimize.differential_evolution.html#scipy.optimize.differential_evolution
should,"If specified as a float it should be in the range [0, 2].",https://docs.scipy.org/doc/scipy/reference/generated/scipy.optimize.differential_evolution.html#scipy.optimize.differential_evolution
should,"The recombination constant, should be in the range [0, 1].",https://docs.scipy.org/doc/scipy/reference/generated/scipy.optimize.differential_evolution.html#scipy.optimize.differential_evolution
note,"In the
literature this is also known as the crossover probability, being
denoted by CR.",https://docs.scipy.org/doc/scipy/reference/generated/scipy.optimize.differential_evolution.html#scipy.optimize.differential_evolution
note,"Note that the name
of the parameter must be intermediate_result for the callback
to be passed an OptimizeResult.",https://docs.scipy.org/doc/scipy/reference/generated/scipy.optimize.differential_evolution.html#scipy.optimize.differential_evolution
must,"Note that the name
of the parameter must be intermediate_result for the callback
to be passed an OptimizeResult.",https://docs.scipy.org/doc/scipy/reference/generated/scipy.optimize.differential_evolution.html#scipy.optimize.differential_evolution
should,"The array should have
shape (S, N), where S is the total population size and N is
the number of parameters.",https://docs.scipy.org/doc/scipy/reference/generated/scipy.optimize.differential_evolution.html#scipy.optimize.differential_evolution
should,"The array should have
shape (S, N), where S is the total population size and N is
the number of parameters.",https://docs.scipy.org/doc/scipy/reference/generated/scipy.optimize.differential_evolution.html#scipy.optimize.differential_evolution
only,"Only 'deferred' is compatible with parallelization or
vectorization, and the workers and vectorized keywords can
over-ride this option.",https://docs.scipy.org/doc/scipy/reference/generated/scipy.optimize.differential_evolution.html#scipy.optimize.differential_evolution
only,Only integer values lying between the lower and upper bounds are used.,https://docs.scipy.org/doc/scipy/reference/generated/scipy.optimize.differential_evolution.html#scipy.optimize.differential_evolution
should,"If constraints are applied, each of the functions used to construct
a Constraint object should accept an x array with
x.",https://docs.scipy.org/doc/scipy/reference/generated/scipy.optimize.differential_evolution.html#scipy.optimize.differential_evolution
note,"See the notes section for further discussion on when to use
'vectorized', and when to use 'workers'.",https://docs.scipy.org/doc/scipy/reference/generated/scipy.optimize.differential_evolution.html#scipy.optimize.differential_evolution
note,Notes,https://docs.scipy.org/doc/scipy/reference/generated/scipy.optimize.differential_evolution.html#scipy.optimize.differential_evolution
only,"If the objective function is less expensive, then
'vectorized' may aid by only calling the objective function once per
iteration, rather than multiple times for all the population members; the
interpreter overhead is reduced.",https://docs.scipy.org/doc/scipy/reference/generated/scipy.optimize.differential_evolution.html#scipy.optimize.differential_evolution
must,"We add the constraint that the sum of x[0] and x[1] must be less
than or equal to 1.",https://docs.scipy.org/doc/scipy/reference/generated/scipy.optimize.differential_evolution.html#scipy.optimize.differential_evolution
note,"Note the reduced number of
function evaluations.",https://docs.scipy.org/doc/scipy/reference/generated/scipy.optimize.differential_evolution.html#scipy.optimize.differential_evolution
note,Release notes,https://docs.scipy.org/doc/scipy/reference/generated/scipy.optimize.dual_annealing.html#scipy.optimize.dual_annealing
must,"Must be in the form
f(x, *args), where x is the argument in the form of a 1-D array
and args is a  tuple of any additional fixed parameters needed to
completely specify the function.",https://docs.scipy.org/doc/scipy/reference/generated/scipy.optimize.dual_annealing.html#scipy.optimize.dual_annealing
only,"The random numbers
generated with this seed only affect the visiting distribution function
and new coordinates generation.",https://docs.scipy.org/doc/scipy/reference/generated/scipy.optimize.dual_annealing.html#scipy.optimize.dual_annealing
note,Notes,https://docs.scipy.org/doc/scipy/reference/generated/scipy.optimize.dual_annealing.html#scipy.optimize.dual_annealing
note,Release notes,https://docs.scipy.org/doc/scipy/reference/generated/scipy.optimize.direct.html#scipy.optimize.direct
only,"This will only occur for very
high dimensional problems and excessive max_fun.",https://docs.scipy.org/doc/scipy/reference/generated/scipy.optimize.direct.html#scipy.optimize.direct
only,"Set this value only if the
global optimum is known.",https://docs.scipy.org/doc/scipy/reference/generated/scipy.optimize.direct.html#scipy.optimize.direct
only,"This parameter is only used if
f_min is also set.",https://docs.scipy.org/doc/scipy/reference/generated/scipy.optimize.direct.html#scipy.optimize.direct
must,Must lie between 0 and 1.,https://docs.scipy.org/doc/scipy/reference/generated/scipy.optimize.direct.html#scipy.optimize.direct
must,Must lie between 0 and 1.,https://docs.scipy.org/doc/scipy/reference/generated/scipy.optimize.direct.html#scipy.optimize.direct
must,Must lie between 0 and 1.,https://docs.scipy.org/doc/scipy/reference/generated/scipy.optimize.direct.html#scipy.optimize.direct
note,Notes,https://docs.scipy.org/doc/scipy/reference/generated/scipy.optimize.direct.html#scipy.optimize.direct
only,"It makes the search more locally biased and more
efficient for cases with only a few local minima.",https://docs.scipy.org/doc/scipy/reference/generated/scipy.optimize.direct.html#scipy.optimize.direct
note,"A note about termination criteria: vol_tol refers to the volume of the
hyperrectangle containing the lowest function value found so far.",https://docs.scipy.org/doc/scipy/reference/generated/scipy.optimize.direct.html#scipy.optimize.direct
should,"Therefore vol_tol should be decreased to avoid premature
termination of the algorithm for higher dimensions.",https://docs.scipy.org/doc/scipy/reference/generated/scipy.optimize.direct.html#scipy.optimize.direct
note,Release notes,https://docs.scipy.org/doc/scipy/reference/generated/scipy.optimize.nnls.html#scipy.optimize.nnls
only,"It typically arises when
the x models quantities for which only nonnegative values are
attainable; weight of ingredients, component costs and so on.",https://docs.scipy.org/doc/scipy/reference/generated/scipy.optimize.nnls.html#scipy.optimize.nnls
only,"This value is not set as default since the norm operation becomes
expensive for large problems hence can be used only when necessary.",https://docs.scipy.org/doc/scipy/reference/generated/scipy.optimize.nnls.html#scipy.optimize.nnls
note,Notes,https://docs.scipy.org/doc/scipy/reference/generated/scipy.optimize.nnls.html#scipy.optimize.nnls
note,Release notes,https://docs.scipy.org/doc/scipy/reference/generated/scipy.optimize.lsq_linear.html#scipy.optimize.lsq_linear
must,"2-tuple of array_like: Each element of the tuple must be either
an array with the length equal to the number of parameters, or a
scalar (in which case the bound is taken to be the same for all
parameters).",https://docs.scipy.org/doc/scipy/reference/generated/scipy.optimize.lsq_linear.html#scipy.optimize.lsq_linear
must,"2-tuple of array_like: Each element of the tuple must be either
an array with the length equal to the number of parameters, or a
scalar (in which case the bound is taken to be the same for all
parameters).",https://docs.scipy.org/doc/scipy/reference/generated/scipy.optimize.lsq_linear.html#scipy.optimize.lsq_linear
only,"lsmr iterative procedure
which requires only matrix-vector product evaluations.",https://docs.scipy.org/doc/scipy/reference/generated/scipy.optimize.lsq_linear.html#scipy.optimize.lsq_linear
only,"lsmr iterative procedure
which requires only matrix-vector product evaluations.",https://docs.scipy.org/doc/scipy/reference/generated/scipy.optimize.lsq_linear.html#scipy.optimize.lsq_linear
note,Notes,https://docs.scipy.org/doc/scipy/reference/generated/scipy.optimize.lsq_linear.html#scipy.optimize.lsq_linear
note,Release notes,https://docs.scipy.org/doc/scipy/reference/generated/scipy.optimize.isotonic_regression.html#scipy.optimize.isotonic_regression
note,See the Notes section for more details.,https://docs.scipy.org/doc/scipy/reference/generated/scipy.optimize.isotonic_regression.html#scipy.optimize.isotonic_regression
note,Notes,https://docs.scipy.org/doc/scipy/reference/generated/scipy.optimize.isotonic_regression.html#scipy.optimize.isotonic_regression
note,Release notes,https://docs.scipy.org/doc/scipy/reference/generated/scipy.optimize.curve_fit.html#scipy.optimize.curve_fit
must,"It must take the independent
variable as the first argument and the parameters to fit as
separate remaining arguments.",https://docs.scipy.org/doc/scipy/reference/generated/scipy.optimize.curve_fit.html#scipy.optimize.curve_fit
should,"Should usually be an M-length sequence or an (k,M)-shaped array for
functions with k predictors, and each element should be float
convertible if it is an array like object.",https://docs.scipy.org/doc/scipy/reference/generated/scipy.optimize.curve_fit.html#scipy.optimize.curve_fit
should,"A scalar or 1-D sigma should contain values of standard deviations of
errors in ydata.",https://docs.scipy.org/doc/scipy/reference/generated/scipy.optimize.curve_fit.html#scipy.optimize.curve_fit
should,"A scalar or 1-D sigma should contain values of standard deviations of
errors in ydata.",https://docs.scipy.org/doc/scipy/reference/generated/scipy.optimize.curve_fit.html#scipy.optimize.curve_fit
should,"A 2-D sigma should contain the covariance matrix of
errors in ydata.",https://docs.scipy.org/doc/scipy/reference/generated/scipy.optimize.curve_fit.html#scipy.optimize.curve_fit
should,"A 2-D sigma should contain the covariance matrix of
errors in ydata.",https://docs.scipy.org/doc/scipy/reference/generated/scipy.optimize.curve_fit.html#scipy.optimize.curve_fit
only,"If False (default), only the relative magnitudes of the sigma values matter.",https://docs.scipy.org/doc/scipy/reference/generated/scipy.optimize.curve_fit.html#scipy.optimize.curve_fit
must,"2-tuple of array_like: Each element of the tuple must be either
an array with the length equal to the number of parameters, or a
scalar (in which case the bound is taken to be the same for all
parameters).",https://docs.scipy.org/doc/scipy/reference/generated/scipy.optimize.curve_fit.html#scipy.optimize.curve_fit
must,"2-tuple of array_like: Each element of the tuple must be either
an array with the length equal to the number of parameters, or a
scalar (in which case the bound is taken to be the same for all
parameters).",https://docs.scipy.org/doc/scipy/reference/generated/scipy.optimize.curve_fit.html#scipy.optimize.curve_fit
note,"Note that if this value is specified explicitly (not None),
check_finite will be set as False.",https://docs.scipy.org/doc/scipy/reference/generated/scipy.optimize.curve_fit.html#scipy.optimize.curve_fit
note,"Note that the relationship between
cov and parameter error estimates is derived based on a linear
approximation to the model function around the optimum [1].",https://docs.scipy.org/doc/scipy/reference/generated/scipy.optimize.curve_fit.html#scipy.optimize.curve_fit
only,Method ‘lm’ only provides this information.,https://docs.scipy.org/doc/scipy/reference/generated/scipy.optimize.curve_fit.html#scipy.optimize.curve_fit
only,Method ‘lm’ only provides this information.,https://docs.scipy.org/doc/scipy/reference/generated/scipy.optimize.curve_fit.html#scipy.optimize.curve_fit
only,Method ‘lm’ only provides this information.,https://docs.scipy.org/doc/scipy/reference/generated/scipy.optimize.curve_fit.html#scipy.optimize.curve_fit
note,Notes,https://docs.scipy.org/doc/scipy/reference/generated/scipy.optimize.curve_fit.html#scipy.optimize.curve_fit
should,"Users should ensure that inputs xdata, ydata, and the output of f
are float64, or else the optimization may return incorrect results.",https://docs.scipy.org/doc/scipy/reference/generated/scipy.optimize.curve_fit.html#scipy.optimize.curve_fit
note,"Note that this algorithm can only deal with
unconstrained problems.",https://docs.scipy.org/doc/scipy/reference/generated/scipy.optimize.curve_fit.html#scipy.optimize.curve_fit
only,"Note that this algorithm can only deal with
unconstrained problems.",https://docs.scipy.org/doc/scipy/reference/generated/scipy.optimize.curve_fit.html#scipy.optimize.curve_fit
should,"For reliable results, the model func should not be overparametrized;
redundant parameters can cause unreliable covariance matrices and, in some
cases, poorer quality fits.",https://docs.scipy.org/doc/scipy/reference/generated/scipy.optimize.curve_fit.html#scipy.optimize.curve_fit
note,"Note that the first and last terms are much larger than the other elements,
suggesting that the optimal values of these parameters are ambiguous and
that only one of these parameters is needed in the model.",https://docs.scipy.org/doc/scipy/reference/generated/scipy.optimize.curve_fit.html#scipy.optimize.curve_fit
only,"Note that the first and last terms are much larger than the other elements,
suggesting that the optimal values of these parameters are ambiguous and
that only one of these parameters is needed in the model.",https://docs.scipy.org/doc/scipy/reference/generated/scipy.optimize.curve_fit.html#scipy.optimize.curve_fit
note,Release notes,https://docs.scipy.org/doc/scipy/reference/generated/scipy.optimize.root_scalar.html#scipy.optimize.root_scalar
must,"f(x, *args) must have different
signs at the two endpoints.",https://docs.scipy.org/doc/scipy/reference/generated/scipy.optimize.root_scalar.html#scipy.optimize.root_scalar
must,"In
this case, it must accept the same arguments as f.",https://docs.scipy.org/doc/scipy/reference/generated/scipy.optimize.root_scalar.html#scipy.optimize.root_scalar
must,"In this case, it must accept the same arguments as f.",https://docs.scipy.org/doc/scipy/reference/generated/scipy.optimize.root_scalar.html#scipy.optimize.root_scalar
note,Notes,https://docs.scipy.org/doc/scipy/reference/generated/scipy.optimize.root_scalar.html#scipy.optimize.root_scalar
note,Release notes,https://docs.scipy.org/doc/scipy/reference/generated/scipy.optimize.brenth.html#scipy.optimize.brenth
must,"f must be continuous, and f(a) and
f(b) must have opposite signs.",https://docs.scipy.org/doc/scipy/reference/generated/scipy.optimize.brenth.html#scipy.optimize.brenth
must,"The
parameter must be positive.",https://docs.scipy.org/doc/scipy/reference/generated/scipy.optimize.brenth.html#scipy.optimize.brenth
must,Must be >= 0.,https://docs.scipy.org/doc/scipy/reference/generated/scipy.optimize.brenth.html#scipy.optimize.brenth
note,Release notes,https://docs.scipy.org/doc/scipy/reference/generated/scipy.optimize.ridder.html#scipy.optimize.ridder
must,"f must be continuous, and f(a) and
f(b) must have opposite signs.",https://docs.scipy.org/doc/scipy/reference/generated/scipy.optimize.ridder.html#scipy.optimize.ridder
must,"The
parameter must be positive.",https://docs.scipy.org/doc/scipy/reference/generated/scipy.optimize.ridder.html#scipy.optimize.ridder
must,Must be >= 0.,https://docs.scipy.org/doc/scipy/reference/generated/scipy.optimize.ridder.html#scipy.optimize.ridder
note,Notes,https://docs.scipy.org/doc/scipy/reference/generated/scipy.optimize.ridder.html#scipy.optimize.ridder
note,Release notes,https://docs.scipy.org/doc/scipy/reference/generated/scipy.optimize.bisect.html#scipy.optimize.bisect
must,"f must be continuous, and
f(a) and f(b) must have opposite signs.",https://docs.scipy.org/doc/scipy/reference/generated/scipy.optimize.bisect.html#scipy.optimize.bisect
must,"The
parameter must be positive.",https://docs.scipy.org/doc/scipy/reference/generated/scipy.optimize.bisect.html#scipy.optimize.bisect
must,Must be >= 0.,https://docs.scipy.org/doc/scipy/reference/generated/scipy.optimize.bisect.html#scipy.optimize.bisect
note,Release notes,https://docs.scipy.org/doc/scipy/reference/generated/scipy.optimize.toms748.html#scipy.optimize.toms748
must,"Implements the Algorithm 748 method of Alefeld, Potro and Shi to find a
root of the function f on the interval [a , b], where f(a) and
f(b) must have opposite signs.",https://docs.scipy.org/doc/scipy/reference/generated/scipy.optimize.toms748.html#scipy.optimize.toms748
must,"The function \(f\)
must be continuous, and \(f(a)\) and \(f(b)\)
have opposite signs.",https://docs.scipy.org/doc/scipy/reference/generated/scipy.optimize.toms748.html#scipy.optimize.toms748
must,"The
parameter must be positive.",https://docs.scipy.org/doc/scipy/reference/generated/scipy.optimize.toms748.html#scipy.optimize.toms748
must,Must be >= 0.,https://docs.scipy.org/doc/scipy/reference/generated/scipy.optimize.toms748.html#scipy.optimize.toms748
note,Notes,https://docs.scipy.org/doc/scipy/reference/generated/scipy.optimize.toms748.html#scipy.optimize.toms748
must,f must be continuous.,https://docs.scipy.org/doc/scipy/reference/generated/scipy.optimize.toms748.html#scipy.optimize.toms748
only,"In contrast with Brent’s algorithm, which may only decrease the length of
the enclosing bracket on the last step, Algorithm 748 decreases it each
iteration with the same asymptotic efficiency as it finds the root.",https://docs.scipy.org/doc/scipy/reference/generated/scipy.optimize.toms748.html#scipy.optimize.toms748
note,Release notes,https://docs.scipy.org/doc/scipy/reference/generated/scipy.optimize.RootResults.html#scipy.optimize.RootResults
note,Release notes,https://docs.scipy.org/doc/scipy/reference/optimize.root_scalar-brentq.html
must,"f(x, *args) must have different
signs at the two endpoints.",https://docs.scipy.org/doc/scipy/reference/optimize.root_scalar-brentq.html
note,Release notes,https://docs.scipy.org/doc/scipy/reference/optimize.root_scalar-brenth.html
must,"f(x, *args) must have different
signs at the two endpoints.",https://docs.scipy.org/doc/scipy/reference/optimize.root_scalar-brenth.html
note,Release notes,https://docs.scipy.org/doc/scipy/reference/optimize.root_scalar-bisect.html
must,"f(x, *args) must have different
signs at the two endpoints.",https://docs.scipy.org/doc/scipy/reference/optimize.root_scalar-bisect.html
note,Release notes,https://docs.scipy.org/doc/scipy/reference/optimize.root_scalar-ridder.html
must,"f(x, *args) must have different
signs at the two endpoints.",https://docs.scipy.org/doc/scipy/reference/optimize.root_scalar-ridder.html
note,Release notes,https://docs.scipy.org/doc/scipy/reference/optimize.root_scalar-newton.html
must,"In
this case, it must accept the same arguments as f.",https://docs.scipy.org/doc/scipy/reference/optimize.root_scalar-newton.html
note,Release notes,https://docs.scipy.org/doc/scipy/reference/optimize.root_scalar-toms748.html
must,"f(x, *args) must have different
signs at the two endpoints.",https://docs.scipy.org/doc/scipy/reference/optimize.root_scalar-toms748.html
note,Release notes,https://docs.scipy.org/doc/scipy/reference/optimize.root_scalar-secant.html
note,Release notes,https://docs.scipy.org/doc/scipy/reference/optimize.root_scalar-halley.html
must,"In
this case, it must accept the same arguments as f.",https://docs.scipy.org/doc/scipy/reference/optimize.root_scalar-halley.html
must,"In this case, it must accept the same arguments as f.",https://docs.scipy.org/doc/scipy/reference/optimize.root_scalar-halley.html
note,Release notes,https://docs.scipy.org/doc/scipy/reference/optimize.root-hybr.html
only,"If set to a two-sequence containing the number of sub- and
super-diagonals within the band of the Jacobi matrix, the
Jacobi matrix is considered banded (only for fprime=None).",https://docs.scipy.org/doc/scipy/reference/optimize.root-hybr.html
should,"Should be in the interval
(0.",https://docs.scipy.org/doc/scipy/reference/optimize.root-hybr.html
note,Release notes,https://docs.scipy.org/doc/scipy/reference/optimize.root-lm.html
should,Should be in interval (0.,https://docs.scipy.org/doc/scipy/reference/optimize.root-lm.html
note,Release notes,https://docs.scipy.org/doc/scipy/reference/optimize.root-broyden1.html
only,"svdKeep only the most significant SVD
components.",https://docs.scipy.org/doc/scipy/reference/optimize.root-broyden1.html
only,"Keep only the most significant SVD
components.",https://docs.scipy.org/doc/scipy/reference/optimize.root-broyden1.html
note,Release notes,https://docs.scipy.org/doc/scipy/reference/optimize.root-broyden2.html
only,"svdKeep only the most significant SVD
components.",https://docs.scipy.org/doc/scipy/reference/optimize.root-broyden2.html
only,"Keep only the most significant SVD
components.",https://docs.scipy.org/doc/scipy/reference/optimize.root-broyden2.html
note,Release notes,https://docs.scipy.org/doc/scipy/reference/optimize.root-anderson.html
note,Release notes,https://docs.scipy.org/doc/scipy/reference/optimize.root-linearmixing.html
note,Release notes,https://docs.scipy.org/doc/scipy/reference/optimize.root-diagbroyden.html
note,Release notes,https://docs.scipy.org/doc/scipy/reference/optimize.root-excitingmixing.html
note,Release notes,https://docs.scipy.org/doc/scipy/reference/optimize.root-krylov.html
note,"Note that you can use also inverse Jacobians as (adaptive)
preconditioners.",https://docs.scipy.org/doc/scipy/reference/optimize.root-krylov.html
note,Release notes,https://docs.scipy.org/doc/scipy/reference/optimize.root-dfsane.html
should,"Should satisfy eta_k > 0 and sum(eta, k=0.",https://docs.scipy.org/doc/scipy/reference/optimize.root-dfsane.html
note,Release notes,https://docs.scipy.org/doc/scipy/reference/optimize.linprog-simplex.html
note,"Note that by default lb = 0 and ub = None unless specified with
bounds.",https://docs.scipy.org/doc/scipy/reference/optimize.linprog-simplex.html
must,"Each element of A_eq @ x must equal
the corresponding element of b_eq.",https://docs.scipy.org/doc/scipy/reference/optimize.linprog-simplex.html
should,"If False, choose pivots which should lead to a
converged solution more quickly.",https://docs.scipy.org/doc/scipy/reference/optimize.linprog-simplex.html
warning,"If
unknown_options is non-empty a warning is issued listing all
unused options.",https://docs.scipy.org/doc/scipy/reference/optimize.linprog-simplex.html
note,Release notes,https://docs.scipy.org/doc/scipy/reference/optimize.linprog-interior-point.html
note,"Note that by default lb = 0 and ub = None unless specified with
bounds.",https://docs.scipy.org/doc/scipy/reference/optimize.linprog-interior-point.html
must,"Each element of A_eq @ x must equal
the corresponding element of b_eq.",https://docs.scipy.org/doc/scipy/reference/optimize.linprog-interior-point.html
should,"This should always be left False unless severe
numerical difficulties are encountered.",https://docs.scipy.org/doc/scipy/reference/optimize.linprog-interior-point.html
warning,"Leave this at the default
unless you receive a warning message suggesting otherwise.",https://docs.scipy.org/doc/scipy/reference/optimize.linprog-interior-point.html
warning,"Leave this at the default unless you receive
a warning message suggesting otherwise.",https://docs.scipy.org/doc/scipy/reference/optimize.linprog-interior-point.html
only,"(Has effect only with sparse = True, lstsq = False, sym_pos =
True, and no SuiteSparse.",https://docs.scipy.org/doc/scipy/reference/optimize.linprog-interior-point.html
warning,"If
unknown_options is non-empty a warning is issued listing all
unused options.",https://docs.scipy.org/doc/scipy/reference/optimize.linprog-interior-point.html
note,Notes,https://docs.scipy.org/doc/scipy/reference/optimize.linprog-interior-point.html
note,"” Unpublished Course Notes,
March 2004.",https://docs.scipy.org/doc/scipy/reference/optimize.linprog-interior-point.html
note,edu/courses/sloan-school-of-management/15-084j-nonlinear-programming-spring-2004/lecture-notes/lec14_int_pt_mthd.,https://docs.scipy.org/doc/scipy/reference/optimize.linprog-interior-point.html
note,Release notes,https://docs.scipy.org/doc/scipy/reference/optimize.linprog-revised_simplex.html
note,"Note that by default lb = 0 and ub = None unless specified with
bounds.",https://docs.scipy.org/doc/scipy/reference/optimize.linprog-revised_simplex.html
must,"Each element of A_eq @ x must equal
the corresponding element of b_eq.",https://docs.scipy.org/doc/scipy/reference/optimize.linprog-revised_simplex.html
only,"This argument is currently used only by the
‘revised simplex’ method, and can only be used if x0 represents a
basic feasible solution.",https://docs.scipy.org/doc/scipy/reference/optimize.linprog-revised_simplex.html
warning,"If
unknown_options is non-empty a warning is issued listing all
unused options.",https://docs.scipy.org/doc/scipy/reference/optimize.linprog-revised_simplex.html
note,Notes,https://docs.scipy.org/doc/scipy/reference/optimize.linprog-revised_simplex.html
note,Release notes,https://docs.scipy.org/doc/scipy/reference/optimize.linprog-highs-ipm.html
note,"Note that by default lb = 0 and ub = None unless specified with
bounds.",https://docs.scipy.org/doc/scipy/reference/optimize.linprog-highs-ipm.html
must,"Each element of A_eq @ x must equal
the corresponding element of b_eq.",https://docs.scipy.org/doc/scipy/reference/optimize.linprog-highs-ipm.html
only,"This quantity is also commonly
referred to as “slack”.",https://docs.scipy.org/doc/scipy/reference/optimize.linprog-highs-ipm.html
warning,"If
unknown_options is non-empty, a warning is issued listing
all unused options.",https://docs.scipy.org/doc/scipy/reference/optimize.linprog-highs-ipm.html
note,Notes,https://docs.scipy.org/doc/scipy/reference/optimize.linprog-highs-ipm.html
note,Release notes,https://docs.scipy.org/doc/scipy/reference/optimize.linprog-highs-ds.html
note,"Note that by default lb = 0 and ub = None unless specified with
bounds.",https://docs.scipy.org/doc/scipy/reference/optimize.linprog-highs-ds.html
must,"Each element of A_eq @ x must equal
the corresponding element of b_eq.",https://docs.scipy.org/doc/scipy/reference/optimize.linprog-highs-ds.html
only,"This quantity is also commonly
referred to as “slack”.",https://docs.scipy.org/doc/scipy/reference/optimize.linprog-highs-ds.html
warning,"If
unknown_options is non-empty, a warning is issued listing
all unused options.",https://docs.scipy.org/doc/scipy/reference/optimize.linprog-highs-ds.html
note,Notes,https://docs.scipy.org/doc/scipy/reference/optimize.linprog-highs-ds.html
note,Release notes,https://docs.scipy.org/doc/scipy/reference/optimize.linprog-highs.html
note,"Note that by default lb = 0 and ub = None unless specified with
bounds.",https://docs.scipy.org/doc/scipy/reference/optimize.linprog-highs.html
must,"Each element of A_eq @ x must equal
the corresponding element of b_eq.",https://docs.scipy.org/doc/scipy/reference/optimize.linprog-highs.html
must,"1 : Integer variable; decision variable must be an integer
within bounds.",https://docs.scipy.org/doc/scipy/reference/optimize.linprog-highs.html
must,"2 : Semi-continuous variable; decision variable must be within
bounds or take value 0.",https://docs.scipy.org/doc/scipy/reference/optimize.linprog-highs.html
must,"3 : Semi-integer variable; decision variable must be an integer
within bounds or take value 0.",https://docs.scipy.org/doc/scipy/reference/optimize.linprog-highs.html
only,"This argument is currently used only by the 'highs' method and
ignored otherwise.",https://docs.scipy.org/doc/scipy/reference/optimize.linprog-highs.html
only,"This quantity is also commonly
referred to as “slack”.",https://docs.scipy.org/doc/scipy/reference/optimize.linprog-highs.html
warning,"If
unknown_options is non-empty, a warning is issued listing
all unused options.",https://docs.scipy.org/doc/scipy/reference/optimize.linprog-highs.html
note,Notes,https://docs.scipy.org/doc/scipy/reference/optimize.linprog-highs.html
note,Release notes,https://docs.scipy.org/doc/scipy/reference/generated/scipy.optimize.linprog_verbose_callback.html#scipy.optimize.linprog_verbose_callback
note,Release notes,https://docs.scipy.org/doc/scipy/reference/generated/scipy.optimize.quadratic_assignment.html#scipy.optimize.quadratic_assignment
note,Note that the quadratic assignment problem is NP-hard.,https://docs.scipy.org/doc/scipy/reference/generated/scipy.optimize.quadratic_assignment.html#scipy.optimize.quadratic_assignment
note,Notes,https://docs.scipy.org/doc/scipy/reference/generated/scipy.optimize.quadratic_assignment.html#scipy.optimize.quadratic_assignment
note,Release notes,https://docs.scipy.org/doc/scipy/reference/optimize.qap-faq.html
note,Note that the quadratic assignment problem is NP-hard.,https://docs.scipy.org/doc/scipy/reference/optimize.qap-faq.html
must,Must be a doubly-stochastic matrix [3].,https://docs.scipy.org/doc/scipy/reference/optimize.qap-faq.html
must,"If the initial position is an array, it must be a doubly stochastic
matrix of size \(m' \times m'\) where \(m' = n - m\).",https://docs.scipy.org/doc/scipy/reference/optimize.qap-faq.html
note,Notes,https://docs.scipy.org/doc/scipy/reference/optimize.qap-faq.html
note,Release notes,https://docs.scipy.org/doc/scipy/reference/optimize.qap-2opt.html
note,Note that the quadratic assignment problem is NP-hard.,https://docs.scipy.org/doc/scipy/reference/optimize.qap-2opt.html
note,Notes,https://docs.scipy.org/doc/scipy/reference/optimize.qap-2opt.html
note,Release notes,https://docs.scipy.org/doc/scipy/reference/generated/scipy.optimize.approx_fprime.html#scipy.optimize.approx_fprime
must,"It must return a 1-D array_like of shape (m,) or a scalar.",https://docs.scipy.org/doc/scipy/reference/generated/scipy.optimize.approx_fprime.html#scipy.optimize.approx_fprime
should,"If an array, should contain one value per element of
xk.",https://docs.scipy.org/doc/scipy/reference/generated/scipy.optimize.approx_fprime.html#scipy.optimize.approx_fprime
note,Notes,https://docs.scipy.org/doc/scipy/reference/generated/scipy.optimize.approx_fprime.html#scipy.optimize.approx_fprime
note,Release notes,https://docs.scipy.org/doc/scipy/reference/generated/scipy.optimize.check_grad.html#scipy.optimize.check_grad
only,If func is a vector valued function then only 'all' can be used.,https://docs.scipy.org/doc/scipy/reference/generated/scipy.optimize.check_grad.html#scipy.optimize.check_grad
note,"Note that seed
is only used when direction argument is set to ‘random’.",https://docs.scipy.org/doc/scipy/reference/generated/scipy.optimize.check_grad.html#scipy.optimize.check_grad
only,"Note that seed
is only used when direction argument is set to ‘random’.",https://docs.scipy.org/doc/scipy/reference/generated/scipy.optimize.check_grad.html#scipy.optimize.check_grad
note,Release notes,https://docs.scipy.org/doc/scipy/reference/generated/scipy.optimize.line_search.html#scipy.optimize.line_search
must,"The search direction must be a descent direction
for the algorithm to converge.",https://docs.scipy.org/doc/scipy/reference/generated/scipy.optimize.line_search.html#scipy.optimize.line_search
only,"The line search
accepts the value of alpha only if this
callable returns True.",https://docs.scipy.org/doc/scipy/reference/generated/scipy.optimize.line_search.html#scipy.optimize.line_search
only,"The callable is only called for iterates
satisfying the strong Wolfe conditions.",https://docs.scipy.org/doc/scipy/reference/generated/scipy.optimize.line_search.html#scipy.optimize.line_search
note,Notes,https://docs.scipy.org/doc/scipy/reference/generated/scipy.optimize.line_search.html#scipy.optimize.line_search
must,The search direction pk must be a descent direction (e.,https://docs.scipy.org/doc/scipy/reference/generated/scipy.optimize.line_search.html#scipy.optimize.line_search
note,Release notes,https://docs.scipy.org/doc/scipy/reference/generated/scipy.optimize.LbfgsInvHessProduct.html#scipy.optimize.LbfgsInvHessProduct
note,Release notes,https://docs.scipy.org/doc/scipy/reference/generated/scipy.optimize.rosen.html#scipy.optimize.rosen
note,Note that rosen_hess does not broadcast in this manner.,https://docs.scipy.org/doc/scipy/reference/generated/scipy.optimize.rosen.html#scipy.optimize.rosen
note,Release notes,https://docs.scipy.org/doc/scipy/reference/generated/scipy.optimize.rosen_der.html#scipy.optimize.rosen_der
note,Release notes,https://docs.scipy.org/doc/scipy/reference/generated/scipy.optimize.rosen_hess.html#scipy.optimize.rosen_hess
note,Release notes,https://docs.scipy.org/doc/scipy/reference/generated/scipy.optimize.rosen_hess_prod.html#scipy.optimize.rosen_hess_prod
note,Release notes,https://docs.scipy.org/doc/scipy/reference/generated/scipy.optimize.fmin.html#scipy.optimize.fmin
only,"This algorithm only uses function values, not derivatives or second
derivatives.",https://docs.scipy.org/doc/scipy/reference/generated/scipy.optimize.fmin.html#scipy.optimize.fmin
should,"initial_simplex[j,:] should contain the coordinates of
the jth vertex of the N+1 vertices in the simplex, where
N is the dimension.",https://docs.scipy.org/doc/scipy/reference/generated/scipy.optimize.fmin.html#scipy.optimize.fmin
note,Notes,https://docs.scipy.org/doc/scipy/reference/generated/scipy.optimize.fmin.html#scipy.optimize.fmin
must,"Both the ftol and
xtol criteria must be met for convergence.",https://docs.scipy.org/doc/scipy/reference/generated/scipy.optimize.fmin.html#scipy.optimize.fmin
note,Release notes,https://docs.scipy.org/doc/scipy/reference/generated/scipy.optimize.fmin_powell.html#scipy.optimize.fmin_powell
only,"This method only uses function values, not derivatives.",https://docs.scipy.org/doc/scipy/reference/generated/scipy.optimize.fmin_powell.html#scipy.optimize.fmin_powell
note,Notes,https://docs.scipy.org/doc/scipy/reference/generated/scipy.optimize.fmin_powell.html#scipy.optimize.fmin_powell
note,Release notes,https://docs.scipy.org/doc/scipy/reference/generated/scipy.optimize.fmin_cg.html#scipy.optimize.fmin_cg
must,"Here x must be a 1-D array of
the variables that are to be changed in the search for a minimum, and
args are the other (fixed) parameters of f.",https://docs.scipy.org/doc/scipy/reference/generated/scipy.optimize.fmin_cg.html#scipy.optimize.fmin_cg
must,It must be a 1-D array of values.,https://docs.scipy.org/doc/scipy/reference/generated/scipy.optimize.fmin_cg.html#scipy.optimize.fmin_cg
must,The returned value must be a 1-D array.,https://docs.scipy.org/doc/scipy/reference/generated/scipy.optimize.fmin_cg.html#scipy.optimize.fmin_cg
must,"Must be supplied whenever
additional fixed parameters are needed to completely specify the
functions f and fprime.",https://docs.scipy.org/doc/scipy/reference/generated/scipy.optimize.fmin_cg.html#scipy.optimize.fmin_cg
only,Only returned if full_output is True.,https://docs.scipy.org/doc/scipy/reference/generated/scipy.optimize.fmin_cg.html#scipy.optimize.fmin_cg
only,"Only returned if full_output
is True.",https://docs.scipy.org/doc/scipy/reference/generated/scipy.optimize.fmin_cg.html#scipy.optimize.fmin_cg
only,"Only returned if full_output is
True.",https://docs.scipy.org/doc/scipy/reference/generated/scipy.optimize.fmin_cg.html#scipy.optimize.fmin_cg
warning,"Integer value with warning status, only returned if full_output is
True.",https://docs.scipy.org/doc/scipy/reference/generated/scipy.optimize.fmin_cg.html#scipy.optimize.fmin_cg
only,"Integer value with warning status, only returned if full_output is
True.",https://docs.scipy.org/doc/scipy/reference/generated/scipy.optimize.fmin_cg.html#scipy.optimize.fmin_cg
only,Only returned if retall is True.,https://docs.scipy.org/doc/scipy/reference/generated/scipy.optimize.fmin_cg.html#scipy.optimize.fmin_cg
note,Notes,https://docs.scipy.org/doc/scipy/reference/generated/scipy.optimize.fmin_cg.html#scipy.optimize.fmin_cg
must,Parameters c1 and c2 must satisfy 0 < c1 < c2 < 1.,https://docs.scipy.org/doc/scipy/reference/generated/scipy.optimize.fmin_cg.html#scipy.optimize.fmin_cg
only,"(This myopts dictionary shows all of the available options,
although in practice only non-default values would be needed.",https://docs.scipy.org/doc/scipy/reference/generated/scipy.optimize.fmin_cg.html#scipy.optimize.fmin_cg
note,Release notes,https://docs.scipy.org/doc/scipy/reference/generated/scipy.optimize.fmin_bfgs.html#scipy.optimize.fmin_bfgs
should,"Value of gradient at minimum, f’(xopt), which should be near 0.",https://docs.scipy.org/doc/scipy/reference/generated/scipy.optimize.fmin_bfgs.html#scipy.optimize.fmin_bfgs
only,"Only returned if retall is
True.",https://docs.scipy.org/doc/scipy/reference/generated/scipy.optimize.fmin_bfgs.html#scipy.optimize.fmin_bfgs
note,Notes,https://docs.scipy.org/doc/scipy/reference/generated/scipy.optimize.fmin_bfgs.html#scipy.optimize.fmin_bfgs
must,Parameters c1 and c2 must satisfy 0 < c1 < c2 < 1.,https://docs.scipy.org/doc/scipy/reference/generated/scipy.optimize.fmin_bfgs.html#scipy.optimize.fmin_bfgs
note,Release notes,https://docs.scipy.org/doc/scipy/reference/generated/scipy.optimize.fmin_ncg.html#scipy.optimize.fmin_ncg
warning,Warnings generated by the algorithm.,https://docs.scipy.org/doc/scipy/reference/generated/scipy.optimize.fmin_ncg.html#scipy.optimize.fmin_ncg
note,Notes,https://docs.scipy.org/doc/scipy/reference/generated/scipy.optimize.fmin_ncg.html#scipy.optimize.fmin_ncg
only,Only one of fhess_p or fhess need to be given.,https://docs.scipy.org/doc/scipy/reference/generated/scipy.optimize.fmin_ncg.html#scipy.optimize.fmin_ncg
must,"fhess_p
must compute the hessian times an arbitrary vector.",https://docs.scipy.org/doc/scipy/reference/generated/scipy.optimize.fmin_ncg.html#scipy.optimize.fmin_ncg
only,fmin_ncg is only for unconstrained minimizationwhile scipy.,https://docs.scipy.org/doc/scipy/reference/generated/scipy.optimize.fmin_ncg.html#scipy.optimize.fmin_ncg
must,Parameters c1 and c2 must satisfy 0 < c1 < c2 < 1.,https://docs.scipy.org/doc/scipy/reference/generated/scipy.optimize.fmin_ncg.html#scipy.optimize.fmin_ncg
note,Release notes,https://docs.scipy.org/doc/scipy/reference/generated/scipy.optimize.fmin_l_bfgs_b.html#scipy.optimize.fmin_l_bfgs_b
only,"If None, then func returns the function
value and the gradient (f, g = func(x, *args)), unless
approx_grad is True in which case func returns only f.",https://docs.scipy.org/doc/scipy/reference/generated/scipy.optimize.fmin_l_bfgs_b.html#scipy.optimize.fmin_l_bfgs_b
only,"Whether to approximate the gradient numerically (in which case
func returns only the function value).",https://docs.scipy.org/doc/scipy/reference/generated/scipy.optimize.fmin_l_bfgs_b.html#scipy.optimize.fmin_l_bfgs_b
note,"See Notes for relationship to ftol, which is exposed
(instead of factr) by the scipy.",https://docs.scipy.org/doc/scipy/reference/generated/scipy.optimize.fmin_l_bfgs_b.html#scipy.optimize.fmin_l_bfgs_b
only,"iprint < 0 means no output;
iprint = 0    print only one line at the last iteration;
0 < iprint < 99 print also f and |proj g| every iprint iterations;
iprint = 99   print details of every iteration except n-vectors;
iprint = 100  print also the changes of active set and final x;
iprint > 100  print details of every iteration including x and g.",https://docs.scipy.org/doc/scipy/reference/generated/scipy.optimize.fmin_l_bfgs_b.html#scipy.optimize.fmin_l_bfgs_b
note,"Note that this function
may violate the limit because of evaluating gradients by numerical
differentiation.",https://docs.scipy.org/doc/scipy/reference/generated/scipy.optimize.fmin_l_bfgs_b.html#scipy.optimize.fmin_l_bfgs_b
should,d[‘grad’] is the gradient at the minimum (should be 0 ish),https://docs.scipy.org/doc/scipy/reference/generated/scipy.optimize.fmin_l_bfgs_b.html#scipy.optimize.fmin_l_bfgs_b
should,d[‘grad’] is the gradient at the minimum (should be 0 ish),https://docs.scipy.org/doc/scipy/reference/generated/scipy.optimize.fmin_l_bfgs_b.html#scipy.optimize.fmin_l_bfgs_b
note,"Note that the ftol option is made available via that interface, while factr is provided via this interface, where factr is the factor multiplying the default machine floating-point precision to arrive at ftol: ftol = factr * numpy.",https://docs.scipy.org/doc/scipy/reference/generated/scipy.optimize.fmin_l_bfgs_b.html#scipy.optimize.fmin_l_bfgs_b
note,Notes,https://docs.scipy.org/doc/scipy/reference/generated/scipy.optimize.fmin_l_bfgs_b.html#scipy.optimize.fmin_l_bfgs_b
note,Release notes,https://docs.scipy.org/doc/scipy/reference/generated/scipy.optimize.fmin_tnc.html#scipy.optimize.fmin_tnc
must,"If None, then either func must return the
function value and the gradient (f,g = func(x, *args))
or approx_grad must be True.",https://docs.scipy.org/doc/scipy/reference/generated/scipy.optimize.fmin_tnc.html#scipy.optimize.fmin_tnc
note,"Note that this function
may violate the limit because of evaluating gradients by numerical
differentiation.",https://docs.scipy.org/doc/scipy/reference/generated/scipy.optimize.fmin_tnc.html#scipy.optimize.fmin_tnc
note,Notes,https://docs.scipy.org/doc/scipy/reference/generated/scipy.optimize.fmin_tnc.html#scipy.optimize.fmin_tnc
note,Release notes,https://docs.scipy.org/doc/scipy/reference/generated/scipy.optimize.fmin_cobyla.html#scipy.optimize.fmin_cobyla
must,"Constraint functions; must all be >=0 (a single function
if only 1 constraint).",https://docs.scipy.org/doc/scipy/reference/generated/scipy.optimize.fmin_cobyla.html#scipy.optimize.fmin_cobyla
only,"Constraint functions; must all be >=0 (a single function
if only 1 constraint).",https://docs.scipy.org/doc/scipy/reference/generated/scipy.optimize.fmin_cobyla.html#scipy.optimize.fmin_cobyla
note,Notes,https://docs.scipy.org/doc/scipy/reference/generated/scipy.optimize.fmin_cobyla.html#scipy.optimize.fmin_cobyla
must,"However, the linear approximations are likely only good
approximations near the current simplex, so the linear program is
given the further requirement that the solution, which
will become x_(j+1), must be within RHO_j from x_j.",https://docs.scipy.org/doc/scipy/reference/generated/scipy.optimize.fmin_cobyla.html#scipy.optimize.fmin_cobyla
only,"However, the linear approximations are likely only good
approximations near the current simplex, so the linear program is
given the further requirement that the solution, which
will become x_(j+1), must be within RHO_j from x_j.",https://docs.scipy.org/doc/scipy/reference/generated/scipy.optimize.fmin_cobyla.html#scipy.optimize.fmin_cobyla
only,"RHO_j only
decreases, never increases.",https://docs.scipy.org/doc/scipy/reference/generated/scipy.optimize.fmin_cobyla.html#scipy.optimize.fmin_cobyla
note,Release notes,https://docs.scipy.org/doc/scipy/reference/generated/scipy.optimize.fmin_slsqp.html#scipy.optimize.fmin_slsqp
must,Must return a scalar.,https://docs.scipy.org/doc/scipy/reference/generated/scipy.optimize.fmin_slsqp.html#scipy.optimize.fmin_slsqp
must,Returns a 1-D array in which each element must equal 0.,https://docs.scipy.org/doc/scipy/reference/generated/scipy.optimize.fmin_slsqp.html#scipy.optimize.fmin_slsqp
must,"Returns a 1-D ndarray in which each element must be greater or
equal to 0.",https://docs.scipy.org/doc/scipy/reference/generated/scipy.optimize.fmin_slsqp.html#scipy.optimize.fmin_slsqp
should,"The array returned by
fprime_eqcons should be sized as ( len(eqcons), len(x0) ).",https://docs.scipy.org/doc/scipy/reference/generated/scipy.optimize.fmin_slsqp.html#scipy.optimize.fmin_slsqp
should,"The array returned by
fprime_ieqcons should be sized as ( len(ieqcons), len(x0) ).",https://docs.scipy.org/doc/scipy/reference/generated/scipy.optimize.fmin_slsqp.html#scipy.optimize.fmin_slsqp
only,"If False, return only the minimizer of func (default).",https://docs.scipy.org/doc/scipy/reference/generated/scipy.optimize.fmin_slsqp.html#scipy.optimize.fmin_slsqp
note,Notes,https://docs.scipy.org/doc/scipy/reference/generated/scipy.optimize.fmin_slsqp.html#scipy.optimize.fmin_slsqp
note,Release notes,https://docs.scipy.org/doc/scipy/reference/generated/scipy.optimize.fminbound.html#scipy.optimize.fminbound
must,Objective function to be minimized (must accept and return scalars).,https://docs.scipy.org/doc/scipy/reference/generated/scipy.optimize.fminbound.html#scipy.optimize.fminbound
only,1 : non-convergence notification messages only.,https://docs.scipy.org/doc/scipy/reference/generated/scipy.optimize.fminbound.html#scipy.optimize.fminbound
note,Notes,https://docs.scipy.org/doc/scipy/reference/generated/scipy.optimize.fminbound.html#scipy.optimize.fminbound
note,Release notes,https://docs.scipy.org/doc/scipy/reference/generated/scipy.optimize.leastsq.html#scipy.optimize.leastsq
should,"Should take at least one (possibly length N vector) argument and
returns M floating point numbers.",https://docs.scipy.org/doc/scipy/reference/generated/scipy.optimize.leastsq.html#scipy.optimize.leastsq
must,"It must not return NaNs or
fitting might fail.",https://docs.scipy.org/doc/scipy/reference/generated/scipy.optimize.leastsq.html#scipy.optimize.leastsq
must,M must be greater than or equal to N.,https://docs.scipy.org/doc/scipy/reference/generated/scipy.optimize.leastsq.html#scipy.optimize.leastsq
should,Should be in interval (0.,https://docs.scipy.org/doc/scipy/reference/generated/scipy.optimize.leastsq.html#scipy.optimize.leastsq
must,"To
obtain the covariance matrix of the parameters x, cov_x must be
multiplied by the variance of the residuals – see curve_fit.",https://docs.scipy.org/doc/scipy/reference/generated/scipy.optimize.leastsq.html#scipy.optimize.leastsq
only,"Only
returned if full_output is True.",https://docs.scipy.org/doc/scipy/reference/generated/scipy.optimize.leastsq.html#scipy.optimize.leastsq
only,Only returned if full_output is True.,https://docs.scipy.org/doc/scipy/reference/generated/scipy.optimize.leastsq.html#scipy.optimize.leastsq
only,Only returned if full_output is True.,https://docs.scipy.org/doc/scipy/reference/generated/scipy.optimize.leastsq.html#scipy.optimize.leastsq
note,Notes,https://docs.scipy.org/doc/scipy/reference/generated/scipy.optimize.leastsq.html#scipy.optimize.leastsq
note,Release notes,https://docs.scipy.org/doc/scipy/reference/generated/scipy.optimize.fsolve.html#scipy.optimize.fsolve
only,"If set to a two-sequence containing the number of sub- and
super-diagonals within the band of the Jacobi matrix, the
Jacobi matrix is considered banded (only for fprime=None).",https://docs.scipy.org/doc/scipy/reference/generated/scipy.optimize.fsolve.html#scipy.optimize.fsolve
should,"Should be in the interval
(0.",https://docs.scipy.org/doc/scipy/reference/generated/scipy.optimize.fsolve.html#scipy.optimize.fsolve
note,Notes,https://docs.scipy.org/doc/scipy/reference/generated/scipy.optimize.fsolve.html#scipy.optimize.fsolve
note,Release notes,https://docs.scipy.org/doc/scipy/reference/generated/scipy.optimize.broyden1.html#scipy.optimize.broyden1
should,"Function whose root to find; should take and return an array-like
object.",https://docs.scipy.org/doc/scipy/reference/generated/scipy.optimize.broyden1.html#scipy.optimize.broyden1
only,svd: keep only the most significant SVD components.,https://docs.scipy.org/doc/scipy/reference/generated/scipy.optimize.broyden1.html#scipy.optimize.broyden1
only,svd: keep only the most significant SVD components.,https://docs.scipy.org/doc/scipy/reference/generated/scipy.optimize.broyden1.html#scipy.optimize.broyden1
note,Notes,https://docs.scipy.org/doc/scipy/reference/generated/scipy.optimize.broyden1.html#scipy.optimize.broyden1
note,Release notes,https://docs.scipy.org/doc/scipy/reference/generated/scipy.optimize.broyden2.html#scipy.optimize.broyden2
should,"Function whose root to find; should take and return an array-like
object.",https://docs.scipy.org/doc/scipy/reference/generated/scipy.optimize.broyden2.html#scipy.optimize.broyden2
only,svd: keep only the most significant SVD components.,https://docs.scipy.org/doc/scipy/reference/generated/scipy.optimize.broyden2.html#scipy.optimize.broyden2
only,svd: keep only the most significant SVD components.,https://docs.scipy.org/doc/scipy/reference/generated/scipy.optimize.broyden2.html#scipy.optimize.broyden2
note,Notes,https://docs.scipy.org/doc/scipy/reference/generated/scipy.optimize.broyden2.html#scipy.optimize.broyden2
note,Release notes,https://docs.scipy.org/doc/scipy/reference/generated/scipy.optimize.newton_krylov.html#scipy.optimize.newton_krylov
should,"Function whose root to find; should take and return an array-like
object.",https://docs.scipy.org/doc/scipy/reference/generated/scipy.optimize.newton_krylov.html#scipy.optimize.newton_krylov
note,"Note that you can use also inverse Jacobians as (adaptive)
preconditioners.",https://docs.scipy.org/doc/scipy/reference/generated/scipy.optimize.newton_krylov.html#scipy.optimize.newton_krylov
must,"Parameter names must start with
the inner_ prefix which will be stripped before passing on
the inner method.",https://docs.scipy.org/doc/scipy/reference/generated/scipy.optimize.newton_krylov.html#scipy.optimize.newton_krylov
note,Notes,https://docs.scipy.org/doc/scipy/reference/generated/scipy.optimize.newton_krylov.html#scipy.optimize.newton_krylov
note,Release notes,https://docs.scipy.org/doc/scipy/reference/generated/scipy.optimize.anderson.html#scipy.optimize.anderson
only,"As a result, only a MxM matrix
inversions and MxN multiplications are required.",https://docs.scipy.org/doc/scipy/reference/generated/scipy.optimize.anderson.html#scipy.optimize.anderson
should,"Function whose root to find; should take and return an array-like
object.",https://docs.scipy.org/doc/scipy/reference/generated/scipy.optimize.anderson.html#scipy.optimize.anderson
note,Release notes,https://docs.scipy.org/doc/scipy/reference/generated/scipy.optimize.BroydenFirst.html#scipy.optimize.BroydenFirst
note,Notes,https://docs.scipy.org/doc/scipy/reference/generated/scipy.optimize.BroydenFirst.html#scipy.optimize.BroydenFirst
note,Release notes,https://docs.scipy.org/doc/scipy/reference/generated/scipy.optimize.InverseJacobian.html#scipy.optimize.InverseJacobian
note,Release notes,https://docs.scipy.org/doc/scipy/reference/generated/scipy.optimize.KrylovJacobian.html#scipy.optimize.KrylovJacobian
note,"Note that you can use also inverse Jacobians as (adaptive)
preconditioners.",https://docs.scipy.org/doc/scipy/reference/generated/scipy.optimize.KrylovJacobian.html#scipy.optimize.KrylovJacobian
must,"Parameter names must start with
the inner_ prefix which will be stripped before passing on
the inner method.",https://docs.scipy.org/doc/scipy/reference/generated/scipy.optimize.KrylovJacobian.html#scipy.optimize.KrylovJacobian
note,Notes,https://docs.scipy.org/doc/scipy/reference/generated/scipy.optimize.KrylovJacobian.html#scipy.optimize.KrylovJacobian
note,Release notes,https://docs.scipy.org/doc/scipy/reference/generated/scipy.optimize.excitingmixing.html#scipy.optimize.excitingmixing
warning,Warning,https://docs.scipy.org/doc/scipy/reference/generated/scipy.optimize.excitingmixing.html#scipy.optimize.excitingmixing
should,"Function whose root to find; should take and return an array-like
object.",https://docs.scipy.org/doc/scipy/reference/generated/scipy.optimize.excitingmixing.html#scipy.optimize.excitingmixing
note,Release notes,https://docs.scipy.org/doc/scipy/reference/generated/scipy.optimize.linearmixing.html#scipy.optimize.linearmixing
warning,Warning,https://docs.scipy.org/doc/scipy/reference/generated/scipy.optimize.linearmixing.html#scipy.optimize.linearmixing
should,"Function whose root to find; should take and return an array-like
object.",https://docs.scipy.org/doc/scipy/reference/generated/scipy.optimize.linearmixing.html#scipy.optimize.linearmixing
note,Release notes,https://docs.scipy.org/doc/scipy/reference/generated/scipy.optimize.diagbroyden.html#scipy.optimize.diagbroyden
only,"The Jacobian approximation is derived from previous iterations, by
retaining only the diagonal of Broyden matrices.",https://docs.scipy.org/doc/scipy/reference/generated/scipy.optimize.diagbroyden.html#scipy.optimize.diagbroyden
warning,Warning,https://docs.scipy.org/doc/scipy/reference/generated/scipy.optimize.diagbroyden.html#scipy.optimize.diagbroyden
should,"Function whose root to find; should take and return an array-like
object.",https://docs.scipy.org/doc/scipy/reference/generated/scipy.optimize.diagbroyden.html#scipy.optimize.diagbroyden
note,Release notes,https://docs.scipy.org/doc/scipy/reference/generated/scipy.signal.oaconvolve.html#scipy.signal.oaconvolve
only,"This is generally much faster than convolve for large arrays (n > ~500),
and generally much faster than fftconvolve when one array is much
larger than the other, but can be slower when only a few output values are
needed or when the arrays are very similar in shape, and can only
output float arrays (int or object array inputs will be cast to float).",https://docs.scipy.org/doc/scipy/reference/generated/scipy.signal.oaconvolve.html#scipy.signal.oaconvolve
should,Should have the same number of dimensions as in1.,https://docs.scipy.org/doc/scipy/reference/generated/scipy.signal.oaconvolve.html#scipy.signal.oaconvolve
only,"The output consists only of those elements that do not
rely on the zero-padding.",https://docs.scipy.org/doc/scipy/reference/generated/scipy.signal.oaconvolve.html#scipy.signal.oaconvolve
must,"In ‘valid’ mode, either in1 or in2
must be at least as large as the other in every dimension.",https://docs.scipy.org/doc/scipy/reference/generated/scipy.signal.oaconvolve.html#scipy.signal.oaconvolve
note,Notes,https://docs.scipy.org/doc/scipy/reference/generated/scipy.signal.oaconvolve.html#scipy.signal.oaconvolve
note,Release notes,https://docs.scipy.org/doc/scipy/reference/generated/scipy.signal.correlate2d.html#scipy.signal.correlate2d
should,Should have the same number of dimensions as in1.,https://docs.scipy.org/doc/scipy/reference/generated/scipy.signal.correlate2d.html#scipy.signal.correlate2d
only,"The output consists only of those elements that do not
rely on the zero-padding.",https://docs.scipy.org/doc/scipy/reference/generated/scipy.signal.correlate2d.html#scipy.signal.correlate2d
must,"In ‘valid’ mode, either in1 or in2
must be at least as large as the other in every dimension.",https://docs.scipy.org/doc/scipy/reference/generated/scipy.signal.correlate2d.html#scipy.signal.correlate2d
note,Notes,https://docs.scipy.org/doc/scipy/reference/generated/scipy.signal.correlate2d.html#scipy.signal.correlate2d
note,Release notes,https://docs.scipy.org/doc/scipy/reference/generated/scipy.signal.correlation_lags.html#scipy.signal.correlation_lags
note,Notes,https://docs.scipy.org/doc/scipy/reference/generated/scipy.signal.correlation_lags.html#scipy.signal.correlation_lags
note,Release notes,https://docs.scipy.org/doc/scipy/reference/generated/scipy.signal.cubic.html#scipy.signal.cubic
note,Release notes,https://docs.scipy.org/doc/scipy/reference/generated/scipy.signal.quadratic.html#scipy.signal.quadratic
note,Release notes,https://docs.scipy.org/doc/scipy/reference/generated/scipy.signal.spline_filter.html#scipy.signal.spline_filter
note,Release notes,https://docs.scipy.org/doc/scipy/reference/generated/scipy.signal.wiener.html#scipy.signal.wiener
should,Elements of mysize should be odd.,https://docs.scipy.org/doc/scipy/reference/generated/scipy.signal.wiener.html#scipy.signal.wiener
note,Notes,https://docs.scipy.org/doc/scipy/reference/generated/scipy.signal.wiener.html#scipy.signal.wiener
note,Release notes,https://docs.scipy.org/doc/scipy/reference/generated/scipy.signal.symiirorder1.html#scipy.signal.symiirorder1
note,Release notes,https://docs.scipy.org/doc/scipy/reference/generated/scipy.signal.symiirorder2.html#scipy.signal.symiirorder2
note,Release notes,https://docs.scipy.org/doc/scipy/reference/generated/scipy.signal.lfilter_zi.html#scipy.signal.lfilter_zi
note,Notes,https://docs.scipy.org/doc/scipy/reference/generated/scipy.signal.lfilter_zi.html#scipy.signal.lfilter_zi
note,"Note that the zi argument to lfilter was computed using
lfilter_zi and scaled by x[0].",https://docs.scipy.org/doc/scipy/reference/generated/scipy.signal.lfilter_zi.html#scipy.signal.lfilter_zi
note,Release notes,https://docs.scipy.org/doc/scipy/reference/generated/scipy.signal.filtfilt.html#scipy.signal.filtfilt
should,"The function sosfiltfilt (and filter design using output='sos')
should be preferred over filtfilt for most filtering tasks, as
second-order sections have fewer numerical problems.",https://docs.scipy.org/doc/scipy/reference/generated/scipy.signal.filtfilt.html#scipy.signal.filtfilt
must,"Must be ‘odd’, ‘even’, ‘constant’, or None.",https://docs.scipy.org/doc/scipy/reference/generated/scipy.signal.filtfilt.html#scipy.signal.filtfilt
must,"This value must be less than
x.",https://docs.scipy.org/doc/scipy/reference/generated/scipy.signal.filtfilt.html#scipy.signal.filtfilt
note,Notes,https://docs.scipy.org/doc/scipy/reference/generated/scipy.signal.filtfilt.html#scipy.signal.filtfilt
should,"The result should be approximately xlow, with no phase shift.",https://docs.scipy.org/doc/scipy/reference/generated/scipy.signal.filtfilt.html#scipy.signal.filtfilt
note,Release notes,https://docs.scipy.org/doc/scipy/reference/generated/scipy.signal.savgol_filter.html#scipy.signal.savgol_filter
must,"If mode is ‘interp’, window_length must be less than or equal
to the size of x.",https://docs.scipy.org/doc/scipy/reference/generated/scipy.signal.savgol_filter.html#scipy.signal.savgol_filter
must,polyorder must be less than window_length.,https://docs.scipy.org/doc/scipy/reference/generated/scipy.signal.savgol_filter.html#scipy.signal.savgol_filter
must,"This must be a
nonnegative integer.",https://docs.scipy.org/doc/scipy/reference/generated/scipy.signal.savgol_filter.html#scipy.signal.savgol_filter
only,This is only used if deriv > 0.,https://docs.scipy.org/doc/scipy/reference/generated/scipy.signal.savgol_filter.html#scipy.signal.savgol_filter
must,"Must be ‘mirror’, ‘constant’, ‘nearest’, ‘wrap’ or ‘interp’.",https://docs.scipy.org/doc/scipy/reference/generated/scipy.signal.savgol_filter.html#scipy.signal.savgol_filter
note,"See the Notes for more details on ‘mirror’,
‘constant’, ‘wrap’, and ‘nearest’.",https://docs.scipy.org/doc/scipy/reference/generated/scipy.signal.savgol_filter.html#scipy.signal.savgol_filter
note,Notes,https://docs.scipy.org/doc/scipy/reference/generated/scipy.signal.savgol_filter.html#scipy.signal.savgol_filter
note,"Note that the last five values in x are samples of a parabola, so
when mode=’interp’ (the default) is used with polyorder=2, the last
three values are unchanged.",https://docs.scipy.org/doc/scipy/reference/generated/scipy.signal.savgol_filter.html#scipy.signal.savgol_filter
note,Release notes,https://docs.scipy.org/doc/scipy/reference/generated/scipy.signal.deconvolve.html#scipy.signal.deconvolve
note,Release notes,https://docs.scipy.org/doc/scipy/reference/generated/scipy.signal.sosfilt.html#scipy.signal.sosfilt
must,"Array of second-order filter coefficients, must have shape
(n_sections, 6).",https://docs.scipy.org/doc/scipy/reference/generated/scipy.signal.sosfilt.html#scipy.signal.sosfilt
note,"denotes the shape of x, but with x.",https://docs.scipy.org/doc/scipy/reference/generated/scipy.signal.sosfilt.html#scipy.signal.sosfilt
note,"Note that these initial conditions are not the same as the initial
conditions given by lfiltic or lfilter_zi.",https://docs.scipy.org/doc/scipy/reference/generated/scipy.signal.sosfilt.html#scipy.signal.sosfilt
note,Notes,https://docs.scipy.org/doc/scipy/reference/generated/scipy.signal.sosfilt.html#scipy.signal.sosfilt
note,Release notes,https://docs.scipy.org/doc/scipy/reference/generated/scipy.signal.sosfilt_zi.html#scipy.signal.sosfilt_zi
must,"Array of second-order filter coefficients, must have shape
(n_sections, 6).",https://docs.scipy.org/doc/scipy/reference/generated/scipy.signal.sosfilt_zi.html#scipy.signal.sosfilt_zi
note,Notes,https://docs.scipy.org/doc/scipy/reference/generated/scipy.signal.sosfilt_zi.html#scipy.signal.sosfilt_zi
note,Release notes,https://docs.scipy.org/doc/scipy/reference/generated/scipy.signal.sosfiltfilt.html#scipy.signal.sosfiltfilt
must,"Array of second-order filter coefficients, must have shape
(n_sections, 6).",https://docs.scipy.org/doc/scipy/reference/generated/scipy.signal.sosfiltfilt.html#scipy.signal.sosfiltfilt
must,"Must be ‘odd’, ‘even’, ‘constant’, or None.",https://docs.scipy.org/doc/scipy/reference/generated/scipy.signal.sosfiltfilt.html#scipy.signal.sosfiltfilt
must,"This value must be less than
x.",https://docs.scipy.org/doc/scipy/reference/generated/scipy.signal.sosfiltfilt.html#scipy.signal.sosfiltfilt
note,Notes,https://docs.scipy.org/doc/scipy/reference/generated/scipy.signal.sosfiltfilt.html#scipy.signal.sosfiltfilt
note,"Note that the phase of y matches the input, while
y2 has a significant phase delay.",https://docs.scipy.org/doc/scipy/reference/generated/scipy.signal.sosfiltfilt.html#scipy.signal.sosfiltfilt
note,Release notes,https://docs.scipy.org/doc/scipy/reference/generated/scipy.signal.hilbert.html#scipy.signal.hilbert
must,Must be real.,https://docs.scipy.org/doc/scipy/reference/generated/scipy.signal.hilbert.html#scipy.signal.hilbert
note,Notes,https://docs.scipy.org/doc/scipy/reference/generated/scipy.signal.hilbert.html#scipy.signal.hilbert
note,Release notes,https://docs.scipy.org/doc/scipy/reference/generated/scipy.signal.hilbert2.html#scipy.signal.hilbert2
note,Release notes,https://docs.scipy.org/doc/scipy/reference/generated/scipy.signal.decimate.html#scipy.signal.decimate
note,Notes,https://docs.scipy.org/doc/scipy/reference/generated/scipy.signal.decimate.html#scipy.signal.decimate
note,Release notes,https://docs.scipy.org/doc/scipy/reference/generated/scipy.signal.resample_poly.html#scipy.signal.resample_poly
note,Notes,https://docs.scipy.org/doc/scipy/reference/generated/scipy.signal.resample_poly.html#scipy.signal.resample_poly
note,"Note that the FIR filter is applied after the upsampling
step, so it should be designed to operate on a signal at a sampling
frequency higher than the original by a factor of up//gcd(up, down).",https://docs.scipy.org/doc/scipy/reference/generated/scipy.signal.resample_poly.html#scipy.signal.resample_poly
should,"Note that the FIR filter is applied after the upsampling
step, so it should be designed to operate on a signal at a sampling
frequency higher than the original by a factor of up//gcd(up, down).",https://docs.scipy.org/doc/scipy/reference/generated/scipy.signal.resample_poly.html#scipy.signal.resample_poly
note,Release notes,https://docs.scipy.org/doc/scipy/reference/generated/scipy.signal.upfirdn.html#scipy.signal.upfirdn
note,Notes,https://docs.scipy.org/doc/scipy/reference/generated/scipy.signal.upfirdn.html#scipy.signal.upfirdn
note,Release notes,https://docs.scipy.org/doc/scipy/reference/generated/scipy.signal.bilinear_zpk.html#scipy.signal.bilinear_zpk
note,Notes,https://docs.scipy.org/doc/scipy/reference/generated/scipy.signal.bilinear_zpk.html#scipy.signal.bilinear_zpk
note,Release notes,https://docs.scipy.org/doc/scipy/reference/generated/scipy.signal.findfreqs.html#scipy.signal.findfreqs
note,Release notes,https://docs.scipy.org/doc/scipy/reference/generated/scipy.signal.firls.html#scipy.signal.firls
must,numtaps must be odd.,https://docs.scipy.org/doc/scipy/reference/generated/scipy.signal.firls.html#scipy.signal.firls
must,"All elements must be non-negative and less than or equal to
the Nyquist frequency given by nyq.",https://docs.scipy.org/doc/scipy/reference/generated/scipy.signal.firls.html#scipy.signal.firls
must,"The bands are specified as
frequency pairs, thus, if using a 1D array, its length must be
even, e.",https://docs.scipy.org/doc/scipy/reference/generated/scipy.signal.firls.html#scipy.signal.firls
must,"Each frequency in bands must be
between 0 and nyq (inclusive).",https://docs.scipy.org/doc/scipy/reference/generated/scipy.signal.firls.html#scipy.signal.firls
must,"Each frequency in bands
must be between 0 and fs/2 (inclusive).",https://docs.scipy.org/doc/scipy/reference/generated/scipy.signal.firls.html#scipy.signal.firls
note,Notes,https://docs.scipy.org/doc/scipy/reference/generated/scipy.signal.firls.html#scipy.signal.firls
note,Release notes,https://docs.scipy.org/doc/scipy/reference/generated/scipy.signal.freqs.html#scipy.signal.freqs
note,Notes,https://docs.scipy.org/doc/scipy/reference/generated/scipy.signal.freqs.html#scipy.signal.freqs
note,Release notes,https://docs.scipy.org/doc/scipy/reference/generated/scipy.signal.freqs_zpk.html#scipy.signal.freqs_zpk
note,Notes,https://docs.scipy.org/doc/scipy/reference/generated/scipy.signal.freqs_zpk.html#scipy.signal.freqs_zpk
note,Release notes,https://docs.scipy.org/doc/scipy/reference/generated/scipy.signal.freqz_zpk.html#scipy.signal.freqz_zpk
note,Notes,https://docs.scipy.org/doc/scipy/reference/generated/scipy.signal.freqz_zpk.html#scipy.signal.freqz_zpk
note,Release notes,https://docs.scipy.org/doc/scipy/reference/generated/scipy.signal.sosfreqz.html#scipy.signal.sosfreqz
must,"Array of second-order filter coefficients, must have shape
(n_sections, 6).",https://docs.scipy.org/doc/scipy/reference/generated/scipy.signal.sosfreqz.html#scipy.signal.sosfreqz
note,"Using a number that is fast for FFT computations can result
in faster computations (see Notes of freqz).",https://docs.scipy.org/doc/scipy/reference/generated/scipy.signal.sosfreqz.html#scipy.signal.sosfreqz
must,"If an array_like, compute the response at the frequencies given (must
be 1-D).",https://docs.scipy.org/doc/scipy/reference/generated/scipy.signal.sosfreqz.html#scipy.signal.sosfreqz
note,Notes,https://docs.scipy.org/doc/scipy/reference/generated/scipy.signal.sosfreqz.html#scipy.signal.sosfreqz
note,Release notes,https://docs.scipy.org/doc/scipy/reference/generated/scipy.signal.gammatone.html#scipy.signal.gammatone
only,Only used when ftype='fir'.,https://docs.scipy.org/doc/scipy/reference/generated/scipy.signal.gammatone.html#scipy.signal.gammatone
must,"Must be between
0 and 24.",https://docs.scipy.org/doc/scipy/reference/generated/scipy.signal.gammatone.html#scipy.signal.gammatone
only,Only used when ftype='fir'.,https://docs.scipy.org/doc/scipy/reference/generated/scipy.signal.gammatone.html#scipy.signal.gammatone
must,"freq must be between
0 and fs/2.",https://docs.scipy.org/doc/scipy/reference/generated/scipy.signal.gammatone.html#scipy.signal.gammatone
note,Release notes,https://docs.scipy.org/doc/scipy/reference/generated/scipy.signal.group_delay.html#scipy.signal.group_delay
note,Notes,https://docs.scipy.org/doc/scipy/reference/generated/scipy.signal.group_delay.html#scipy.signal.group_delay
warning,"When such a case arises the warning is raised and the group delay
is set to 0 at those frequencies.",https://docs.scipy.org/doc/scipy/reference/generated/scipy.signal.group_delay.html#scipy.signal.group_delay
note,Release notes,https://docs.scipy.org/doc/scipy/reference/generated/scipy.signal.kaiser_atten.html#scipy.signal.kaiser_atten
note,Release notes,https://docs.scipy.org/doc/scipy/reference/generated/scipy.signal.kaiser_beta.html#scipy.signal.kaiser_beta
should,This should be a positive number.,https://docs.scipy.org/doc/scipy/reference/generated/scipy.signal.kaiser_beta.html#scipy.signal.kaiser_beta
note,Release notes,https://docs.scipy.org/doc/scipy/reference/generated/scipy.signal.kaiserord.html#scipy.signal.kaiserord
note,Notes,https://docs.scipy.org/doc/scipy/reference/generated/scipy.signal.kaiserord.html#scipy.signal.kaiserord
should,"We want at least 65 dB rejection in the stop band, and in the pass
band the gain should vary no more than 0.",https://docs.scipy.org/doc/scipy/reference/generated/scipy.signal.kaiserord.html#scipy.signal.kaiserord
note,Release notes,https://docs.scipy.org/doc/scipy/reference/generated/scipy.signal.minimum_phase.html#scipy.signal.minimum_phase
note,"Should be at least a
few times larger than the signal length (see Notes).",https://docs.scipy.org/doc/scipy/reference/generated/scipy.signal.minimum_phase.html#scipy.signal.minimum_phase
should,"Should be at least a
few times larger than the signal length (see Notes).",https://docs.scipy.org/doc/scipy/reference/generated/scipy.signal.minimum_phase.html#scipy.signal.minimum_phase
note,Notes,https://docs.scipy.org/doc/scipy/reference/generated/scipy.signal.minimum_phase.html#scipy.signal.minimum_phase
note,Release notes,https://docs.scipy.org/doc/scipy/reference/generated/scipy.signal.savgol_coeffs.html#scipy.signal.savgol_coeffs
must,polyorder must be less than window_length.,https://docs.scipy.org/doc/scipy/reference/generated/scipy.signal.savgol_coeffs.html#scipy.signal.savgol_coeffs
must,"This must be a
nonnegative integer.",https://docs.scipy.org/doc/scipy/reference/generated/scipy.signal.savgol_coeffs.html#scipy.signal.savgol_coeffs
only,This is only used if deriv > 0.,https://docs.scipy.org/doc/scipy/reference/generated/scipy.signal.savgol_coeffs.html#scipy.signal.savgol_coeffs
note,Notes,https://docs.scipy.org/doc/scipy/reference/generated/scipy.signal.savgol_coeffs.html#scipy.signal.savgol_coeffs
note,Note that use=’dot’ simply reverses the coefficients.,https://docs.scipy.org/doc/scipy/reference/generated/scipy.signal.savgol_coeffs.html#scipy.signal.savgol_coeffs
should,"When dotted with x the result should
be 6.",https://docs.scipy.org/doc/scipy/reference/generated/scipy.signal.savgol_coeffs.html#scipy.signal.savgol_coeffs
note,Release notes,https://docs.scipy.org/doc/scipy/reference/generated/scipy.signal.remez.html#scipy.signal.remez
must,"All elements must be non-negative and less than half the sampling
frequency as given by fs.",https://docs.scipy.org/doc/scipy/reference/generated/scipy.signal.remez.html#scipy.signal.remez
note,Release notes,https://docs.scipy.org/doc/scipy/reference/generated/scipy.signal.unique_roots.html#scipy.signal.unique_roots
note,"Refer to Notes about
the details on roots grouping.",https://docs.scipy.org/doc/scipy/reference/generated/scipy.signal.unique_roots.html#scipy.signal.unique_roots
note,Notes,https://docs.scipy.org/doc/scipy/reference/generated/scipy.signal.unique_roots.html#scipy.signal.unique_roots
note,Release notes,https://docs.scipy.org/doc/scipy/reference/generated/scipy.signal.residue.html#scipy.signal.residue
note,See Notes for details about the algorithm.,https://docs.scipy.org/doc/scipy/reference/generated/scipy.signal.residue.html#scipy.signal.residue
note,Notes,https://docs.scipy.org/doc/scipy/reference/generated/scipy.signal.residue.html#scipy.signal.residue
should,"Thus you should think of the result of residue with given tol as
partial fraction expansion computed for the denominator composed of the
computed poles with empirically determined multiplicity.",https://docs.scipy.org/doc/scipy/reference/generated/scipy.signal.residue.html#scipy.signal.residue
note,Release notes,https://docs.scipy.org/doc/scipy/reference/generated/scipy.signal.residuez.html#scipy.signal.residuez
note,See Notes of residue for details about the algorithm.,https://docs.scipy.org/doc/scipy/reference/generated/scipy.signal.residuez.html#scipy.signal.residuez
note,Release notes,https://docs.scipy.org/doc/scipy/reference/generated/scipy.signal.invres.html#scipy.signal.invres
must,"For repeated poles, the residues
must be ordered to correspond to ascending by power fractions.",https://docs.scipy.org/doc/scipy/reference/generated/scipy.signal.invres.html#scipy.signal.invres
must,Equal poles must be adjacent.,https://docs.scipy.org/doc/scipy/reference/generated/scipy.signal.invres.html#scipy.signal.invres
note,Release notes,https://docs.scipy.org/doc/scipy/reference/generated/scipy.signal.invresz.html#scipy.signal.invresz
must,"For repeated poles, the residues
must be ordered to correspond to ascending by power fractions.",https://docs.scipy.org/doc/scipy/reference/generated/scipy.signal.invresz.html#scipy.signal.invresz
must,Equal poles must be adjacent.,https://docs.scipy.org/doc/scipy/reference/generated/scipy.signal.invresz.html#scipy.signal.invresz
note,Release notes,https://docs.scipy.org/doc/scipy/reference/generated/scipy.signal.BadCoefficients.html#scipy.signal.BadCoefficients
warning,Warning about badly conditioned filter coefficients,https://docs.scipy.org/doc/scipy/reference/generated/scipy.signal.BadCoefficients.html#scipy.signal.BadCoefficients
note,Release notes,https://docs.scipy.org/doc/scipy/reference/generated/scipy.signal.abcd_normalize.html#scipy.signal.abcd_normalize
note,Release notes,https://docs.scipy.org/doc/scipy/reference/generated/scipy.signal.band_stop_obj.html#scipy.signal.band_stop_obj
note,Release notes,https://docs.scipy.org/doc/scipy/reference/generated/scipy.signal.besselap.html#scipy.signal.besselap
note,Notes,https://docs.scipy.org/doc/scipy/reference/generated/scipy.signal.besselap.html#scipy.signal.besselap
note,"Miller and Bohn, “A Bessel Filter Crossover, and Its Relation to
Others”, RaneNote 147, 1998,
https://www.",https://docs.scipy.org/doc/scipy/reference/generated/scipy.signal.besselap.html#scipy.signal.besselap
note,com/legacy/note147.,https://docs.scipy.org/doc/scipy/reference/generated/scipy.signal.besselap.html#scipy.signal.besselap
note,Release notes,https://docs.scipy.org/doc/scipy/reference/generated/scipy.signal.buttap.html#scipy.signal.buttap
note,Release notes,https://docs.scipy.org/doc/scipy/reference/generated/scipy.signal.cheb1ap.html#scipy.signal.cheb1ap
note,Release notes,https://docs.scipy.org/doc/scipy/reference/generated/scipy.signal.cheb2ap.html#scipy.signal.cheb2ap
note,Release notes,https://docs.scipy.org/doc/scipy/reference/generated/scipy.signal.cmplx_sort.html#scipy.signal.cmplx_sort
note,Release notes,https://docs.scipy.org/doc/scipy/reference/generated/scipy.signal.ellipap.html#scipy.signal.ellipap
note,"Orfanidis, “Lecture Notes on Elliptic Filter Design”,
https://www.",https://docs.scipy.org/doc/scipy/reference/generated/scipy.signal.ellipap.html#scipy.signal.ellipap
note,edu/~orfanidi/ece521/notes.,https://docs.scipy.org/doc/scipy/reference/generated/scipy.signal.ellipap.html#scipy.signal.ellipap
note,Release notes,https://docs.scipy.org/doc/scipy/reference/generated/scipy.signal.lp2bp_zpk.html#scipy.signal.lp2bp_zpk
note,Notes,https://docs.scipy.org/doc/scipy/reference/generated/scipy.signal.lp2bp_zpk.html#scipy.signal.lp2bp_zpk
note,Release notes,https://docs.scipy.org/doc/scipy/reference/generated/scipy.signal.lp2bs_zpk.html#scipy.signal.lp2bs_zpk
note,Notes,https://docs.scipy.org/doc/scipy/reference/generated/scipy.signal.lp2bs_zpk.html#scipy.signal.lp2bs_zpk
note,Release notes,https://docs.scipy.org/doc/scipy/reference/generated/scipy.signal.lp2hp_zpk.html#scipy.signal.lp2hp_zpk
note,Notes,https://docs.scipy.org/doc/scipy/reference/generated/scipy.signal.lp2hp_zpk.html#scipy.signal.lp2hp_zpk
note,Release notes,https://docs.scipy.org/doc/scipy/reference/generated/scipy.signal.lp2lp_zpk.html#scipy.signal.lp2lp_zpk
note,Notes,https://docs.scipy.org/doc/scipy/reference/generated/scipy.signal.lp2lp_zpk.html#scipy.signal.lp2lp_zpk
note,Release notes,https://docs.scipy.org/doc/scipy/reference/generated/scipy.signal.normalize.html#scipy.signal.normalize
warning,"In that case, a
BadCoefficients warning is emitted.",https://docs.scipy.org/doc/scipy/reference/generated/scipy.signal.normalize.html#scipy.signal.normalize
note,Notes,https://docs.scipy.org/doc/scipy/reference/generated/scipy.signal.normalize.html#scipy.signal.normalize
should,"Coefficients for both the numerator and denominator should be specified in
descending exponent order (e.",https://docs.scipy.org/doc/scipy/reference/generated/scipy.signal.normalize.html#scipy.signal.normalize
warning,"A warning is generated if, for example, the first coefficient of
b is 0.",https://docs.scipy.org/doc/scipy/reference/generated/scipy.signal.normalize.html#scipy.signal.normalize
note,Release notes,https://docs.scipy.org/doc/scipy/reference/generated/scipy.signal.butter.html#scipy.signal.butter
should,"Default is ‘ba’ for backwards
compatibility, but ‘sos’ should be used for general-purpose filtering.",https://docs.scipy.org/doc/scipy/reference/generated/scipy.signal.butter.html#scipy.signal.butter
only,Only returned if output='ba'.,https://docs.scipy.org/doc/scipy/reference/generated/scipy.signal.butter.html#scipy.signal.butter
only,Only returned if output='zpk'.,https://docs.scipy.org/doc/scipy/reference/generated/scipy.signal.butter.html#scipy.signal.butter
only,Only returned if output='sos'.,https://docs.scipy.org/doc/scipy/reference/generated/scipy.signal.butter.html#scipy.signal.butter
note,Notes,https://docs.scipy.org/doc/scipy/reference/generated/scipy.signal.butter.html#scipy.signal.butter
warning,Warning,https://docs.scipy.org/doc/scipy/reference/generated/scipy.signal.butter.html#scipy.signal.butter
note,Release notes,https://docs.scipy.org/doc/scipy/reference/generated/scipy.signal.buttord.html#scipy.signal.buttord
should,"Should
be used with butter to give filter results.",https://docs.scipy.org/doc/scipy/reference/generated/scipy.signal.buttord.html#scipy.signal.buttord
must,"If fs is specified,
this is in the same units, and fs must also be passed to butter.",https://docs.scipy.org/doc/scipy/reference/generated/scipy.signal.buttord.html#scipy.signal.buttord
note,Release notes,https://docs.scipy.org/doc/scipy/reference/generated/scipy.signal.cheby1.html#scipy.signal.cheby1
should,"Default is ‘ba’ for backwards
compatibility, but ‘sos’ should be used for general-purpose filtering.",https://docs.scipy.org/doc/scipy/reference/generated/scipy.signal.cheby1.html#scipy.signal.cheby1
only,Only returned if output='ba'.,https://docs.scipy.org/doc/scipy/reference/generated/scipy.signal.cheby1.html#scipy.signal.cheby1
only,Only returned if output='zpk'.,https://docs.scipy.org/doc/scipy/reference/generated/scipy.signal.cheby1.html#scipy.signal.cheby1
only,Only returned if output='sos'.,https://docs.scipy.org/doc/scipy/reference/generated/scipy.signal.cheby1.html#scipy.signal.cheby1
note,Notes,https://docs.scipy.org/doc/scipy/reference/generated/scipy.signal.cheby1.html#scipy.signal.cheby1
note,Release notes,https://docs.scipy.org/doc/scipy/reference/generated/scipy.signal.cheb1ord.html#scipy.signal.cheb1ord
must,"If fs is specified,
this is in the same units, and fs must also be passed to cheby1.",https://docs.scipy.org/doc/scipy/reference/generated/scipy.signal.cheb1ord.html#scipy.signal.cheb1ord
note,Release notes,https://docs.scipy.org/doc/scipy/reference/generated/scipy.signal.cheby2.html#scipy.signal.cheby2
should,"Default is ‘ba’ for backwards
compatibility, but ‘sos’ should be used for general-purpose filtering.",https://docs.scipy.org/doc/scipy/reference/generated/scipy.signal.cheby2.html#scipy.signal.cheby2
only,Only returned if output='ba'.,https://docs.scipy.org/doc/scipy/reference/generated/scipy.signal.cheby2.html#scipy.signal.cheby2
only,Only returned if output='zpk'.,https://docs.scipy.org/doc/scipy/reference/generated/scipy.signal.cheby2.html#scipy.signal.cheby2
only,Only returned if output='sos'.,https://docs.scipy.org/doc/scipy/reference/generated/scipy.signal.cheby2.html#scipy.signal.cheby2
note,Notes,https://docs.scipy.org/doc/scipy/reference/generated/scipy.signal.cheby2.html#scipy.signal.cheby2
note,Release notes,https://docs.scipy.org/doc/scipy/reference/generated/scipy.signal.cheb2ord.html#scipy.signal.cheb2ord
must,"If fs is specified,
this is in the same units, and fs must also be passed to cheby2.",https://docs.scipy.org/doc/scipy/reference/generated/scipy.signal.cheb2ord.html#scipy.signal.cheb2ord
note,Release notes,https://docs.scipy.org/doc/scipy/reference/generated/scipy.signal.ellipord.html#scipy.signal.ellipord
must,"If fs is specified,
this is in the same units, and fs must also be passed to ellip.",https://docs.scipy.org/doc/scipy/reference/generated/scipy.signal.ellipord.html#scipy.signal.ellipord
note,Release notes,https://docs.scipy.org/doc/scipy/reference/generated/scipy.signal.bessel.html#scipy.signal.bessel
note,(See Notes.,https://docs.scipy.org/doc/scipy/reference/generated/scipy.signal.bessel.html#scipy.signal.bessel
only,Only returned if output='ba'.,https://docs.scipy.org/doc/scipy/reference/generated/scipy.signal.bessel.html#scipy.signal.bessel
only,Only returned if output='zpk'.,https://docs.scipy.org/doc/scipy/reference/generated/scipy.signal.bessel.html#scipy.signal.bessel
only,Only returned if output='sos'.,https://docs.scipy.org/doc/scipy/reference/generated/scipy.signal.bessel.html#scipy.signal.bessel
note,Notes,https://docs.scipy.org/doc/scipy/reference/generated/scipy.signal.bessel.html#scipy.signal.bessel
only,"As such, it is only approximately
correct at frequencies below about fs/4.",https://docs.scipy.org/doc/scipy/reference/generated/scipy.signal.bessel.html#scipy.signal.bessel
must,"To get maximally-flat group
delay at higher frequencies, the analog Bessel filter must be transformed
using phase-preserving techniques.",https://docs.scipy.org/doc/scipy/reference/generated/scipy.signal.bessel.html#scipy.signal.bessel
note,Release notes,https://docs.scipy.org/doc/scipy/reference/generated/scipy.signal.iirnotch.html#scipy.signal.iirnotch
must,"By default, it is a normalized scalar that must
satisfy  0 < w0 < 1, with w0 = 1 corresponding to half of the
sampling frequency.",https://docs.scipy.org/doc/scipy/reference/generated/scipy.signal.iirnotch.html#scipy.signal.iirnotch
note,Notes,https://docs.scipy.org/doc/scipy/reference/generated/scipy.signal.iirnotch.html#scipy.signal.iirnotch
note,Release notes,https://docs.scipy.org/doc/scipy/reference/generated/scipy.signal.iirpeak.html#scipy.signal.iirpeak
must,"By default, it is a normalized scalar that must
satisfy  0 < w0 < 1, with w0 = 1 corresponding to half of the
sampling frequency.",https://docs.scipy.org/doc/scipy/reference/generated/scipy.signal.iirpeak.html#scipy.signal.iirpeak
note,Notes,https://docs.scipy.org/doc/scipy/reference/generated/scipy.signal.iirpeak.html#scipy.signal.iirpeak
note,Release notes,https://docs.scipy.org/doc/scipy/reference/generated/scipy.signal.iircomb.html#scipy.signal.iircomb
must,This must evenly divide the sampling frequency.,https://docs.scipy.org/doc/scipy/reference/generated/scipy.signal.iircomb.html#scipy.signal.iircomb
must,"By default, it is
a normalized scalar that must satisfy  0 < w0 < 1, with
w0 = 1 corresponding to half of the sampling frequency.",https://docs.scipy.org/doc/scipy/reference/generated/scipy.signal.iircomb.html#scipy.signal.iircomb
note,Notes,https://docs.scipy.org/doc/scipy/reference/generated/scipy.signal.iircomb.html#scipy.signal.iircomb
note,Release notes,https://docs.scipy.org/doc/scipy/reference/generated/scipy.signal.lti.html#scipy.signal.lti
note,Notes,https://docs.scipy.org/doc/scipy/reference/generated/scipy.signal.lti.html#scipy.signal.lti
should,"If (numerator, denominator) is passed in for *system, coefficients for
both the numerator and denominator should be specified in descending
exponent order (e.",https://docs.scipy.org/doc/scipy/reference/generated/scipy.signal.lti.html#scipy.signal.lti
note,Release notes,https://docs.scipy.org/doc/scipy/reference/generated/scipy.signal.StateSpace.html#scipy.signal.StateSpace
must,"Must be specified as a keyword argument, for
example, dt=0.",https://docs.scipy.org/doc/scipy/reference/generated/scipy.signal.StateSpace.html#scipy.signal.StateSpace
note,Notes,https://docs.scipy.org/doc/scipy/reference/generated/scipy.signal.StateSpace.html#scipy.signal.StateSpace
note,Release notes,https://docs.scipy.org/doc/scipy/reference/generated/scipy.signal.TransferFunction.html#scipy.signal.TransferFunction
must,"Must be specified as a keyword argument, for
example, dt=0.",https://docs.scipy.org/doc/scipy/reference/generated/scipy.signal.TransferFunction.html#scipy.signal.TransferFunction
note,Notes,https://docs.scipy.org/doc/scipy/reference/generated/scipy.signal.TransferFunction.html#scipy.signal.TransferFunction
should,"If (numerator, denominator) is passed in for *system, coefficients
for both the numerator and denominator should be specified in descending
exponent order (e.",https://docs.scipy.org/doc/scipy/reference/generated/scipy.signal.TransferFunction.html#scipy.signal.TransferFunction
note,Release notes,https://docs.scipy.org/doc/scipy/reference/generated/scipy.signal.ZerosPolesGain.html#scipy.signal.ZerosPolesGain
must,"Must be specified as a keyword argument, for
example, dt=0.",https://docs.scipy.org/doc/scipy/reference/generated/scipy.signal.ZerosPolesGain.html#scipy.signal.ZerosPolesGain
note,Notes,https://docs.scipy.org/doc/scipy/reference/generated/scipy.signal.ZerosPolesGain.html#scipy.signal.ZerosPolesGain
note,Release notes,https://docs.scipy.org/doc/scipy/reference/generated/scipy.signal.lsim.html#scipy.signal.lsim
must,"Must be nonnegative, increasing, and equally spaced.",https://docs.scipy.org/doc/scipy/reference/generated/scipy.signal.lsim.html#scipy.signal.lsim
note,Notes,https://docs.scipy.org/doc/scipy/reference/generated/scipy.signal.lsim.html#scipy.signal.lsim
should,"If (num, den) is passed in for system, coefficients for both the
numerator and denominator should be specified in descending exponent
order (e.",https://docs.scipy.org/doc/scipy/reference/generated/scipy.signal.lsim.html#scipy.signal.lsim
should,"The filter should mostly
eliminate the 40 Hz and 80 Hz components, leaving just the 4 Hz signal.",https://docs.scipy.org/doc/scipy/reference/generated/scipy.signal.lsim.html#scipy.signal.lsim
note,Release notes,https://docs.scipy.org/doc/scipy/reference/generated/scipy.signal.lsim2.html#scipy.signal.lsim2
note,See the notes below for more details.,https://docs.scipy.org/doc/scipy/reference/generated/scipy.signal.lsim2.html#scipy.signal.lsim2
note,Notes,https://docs.scipy.org/doc/scipy/reference/generated/scipy.signal.lsim2.html#scipy.signal.lsim2
not support,"odeint are not supported in lsim, but not needed in
general.",https://docs.scipy.org/doc/scipy/reference/generated/scipy.signal.lsim2.html#scipy.signal.lsim2
should,"If (num, den) is passed in for system, coefficients for both the
numerator and denominator should be specified in descending exponent
order (e.",https://docs.scipy.org/doc/scipy/reference/generated/scipy.signal.lsim2.html#scipy.signal.lsim2
should,"The filter should mostly
eliminate the 40 Hz and 80 Hz components, leaving just the 4 Hz signal.",https://docs.scipy.org/doc/scipy/reference/generated/scipy.signal.lsim2.html#scipy.signal.lsim2
note,Release notes,https://docs.scipy.org/doc/scipy/reference/generated/scipy.signal.impulse.html#scipy.signal.impulse
note,Notes,https://docs.scipy.org/doc/scipy/reference/generated/scipy.signal.impulse.html#scipy.signal.impulse
should,"If (num, den) is passed in for system, coefficients for both the
numerator and denominator should be specified in descending exponent
order (e.",https://docs.scipy.org/doc/scipy/reference/generated/scipy.signal.impulse.html#scipy.signal.impulse
note,Release notes,https://docs.scipy.org/doc/scipy/reference/generated/scipy.signal.impulse2.html#scipy.signal.impulse2
note,Notes,https://docs.scipy.org/doc/scipy/reference/generated/scipy.signal.impulse2.html#scipy.signal.impulse2
not support,"odeint are not supported in impulse, but not needed in
general.",https://docs.scipy.org/doc/scipy/reference/generated/scipy.signal.impulse2.html#scipy.signal.impulse2
should,"If (num, den) is passed in for system, coefficients for both the
numerator and denominator should be specified in descending exponent
order (e.",https://docs.scipy.org/doc/scipy/reference/generated/scipy.signal.impulse2.html#scipy.signal.impulse2
note,Release notes,https://docs.scipy.org/doc/scipy/reference/generated/scipy.signal.step.html#scipy.signal.step
note,Notes,https://docs.scipy.org/doc/scipy/reference/generated/scipy.signal.step.html#scipy.signal.step
should,"If (num, den) is passed in for system, coefficients for both the
numerator and denominator should be specified in descending exponent
order (e.",https://docs.scipy.org/doc/scipy/reference/generated/scipy.signal.step.html#scipy.signal.step
note,Release notes,https://docs.scipy.org/doc/scipy/reference/generated/scipy.signal.step2.html#scipy.signal.step2
note,Notes,https://docs.scipy.org/doc/scipy/reference/generated/scipy.signal.step2.html#scipy.signal.step2
not support,"odeint are not supported in step, but not needed in
general.",https://docs.scipy.org/doc/scipy/reference/generated/scipy.signal.step2.html#scipy.signal.step2
should,"If (num, den) is passed in for system, coefficients for both the
numerator and denominator should be specified in descending exponent
order (e.",https://docs.scipy.org/doc/scipy/reference/generated/scipy.signal.step2.html#scipy.signal.step2
note,Release notes,https://docs.scipy.org/doc/scipy/reference/generated/scipy.signal.freqresp.html#scipy.signal.freqresp
note,Notes,https://docs.scipy.org/doc/scipy/reference/generated/scipy.signal.freqresp.html#scipy.signal.freqresp
should,"If (num, den) is passed in for system, coefficients for both the
numerator and denominator should be specified in descending exponent
order (e.",https://docs.scipy.org/doc/scipy/reference/generated/scipy.signal.freqresp.html#scipy.signal.freqresp
note,Release notes,https://docs.scipy.org/doc/scipy/reference/generated/scipy.signal.bode.html#scipy.signal.bode
note,Notes,https://docs.scipy.org/doc/scipy/reference/generated/scipy.signal.bode.html#scipy.signal.bode
should,"If (num, den) is passed in for system, coefficients for both the
numerator and denominator should be specified in descending exponent
order (e.",https://docs.scipy.org/doc/scipy/reference/generated/scipy.signal.bode.html#scipy.signal.bode
note,Release notes,https://docs.scipy.org/doc/scipy/reference/generated/scipy.signal.dlti.html#scipy.signal.dlti
must,"Must be specified as a keyword argument,
for example, dt=0.",https://docs.scipy.org/doc/scipy/reference/generated/scipy.signal.dlti.html#scipy.signal.dlti
note,Notes,https://docs.scipy.org/doc/scipy/reference/generated/scipy.signal.dlti.html#scipy.signal.dlti
should,"If (numerator, denominator) is passed in for *system, coefficients for
both the numerator and denominator should be specified in descending
exponent order (e.",https://docs.scipy.org/doc/scipy/reference/generated/scipy.signal.dlti.html#scipy.signal.dlti
note,Release notes,https://docs.scipy.org/doc/scipy/reference/generated/scipy.signal.dlsim.html#scipy.signal.dlsim
must,"If t is given, it
must be the same length as u, and the final value in t determines
the number of steps returned in the output.",https://docs.scipy.org/doc/scipy/reference/generated/scipy.signal.dlsim.html#scipy.signal.dlsim
only,"Only generated if the input is a
StateSpace system.",https://docs.scipy.org/doc/scipy/reference/generated/scipy.signal.dlsim.html#scipy.signal.dlsim
note,Release notes,https://docs.scipy.org/doc/scipy/reference/generated/scipy.signal.dimpulse.html#scipy.signal.dimpulse
note,Release notes,https://docs.scipy.org/doc/scipy/reference/generated/scipy.signal.dstep.html#scipy.signal.dstep
note,Release notes,https://docs.scipy.org/doc/scipy/reference/generated/scipy.signal.dfreqresp.html#scipy.signal.dfreqresp
note,Notes,https://docs.scipy.org/doc/scipy/reference/generated/scipy.signal.dfreqresp.html#scipy.signal.dfreqresp
should,"If (num, den) is passed in for system, coefficients for both the
numerator and denominator should be specified in descending exponent
order (e.",https://docs.scipy.org/doc/scipy/reference/generated/scipy.signal.dfreqresp.html#scipy.signal.dfreqresp
note,Release notes,https://docs.scipy.org/doc/scipy/reference/generated/scipy.signal.dbode.html#scipy.signal.dbode
note,Notes,https://docs.scipy.org/doc/scipy/reference/generated/scipy.signal.dbode.html#scipy.signal.dbode
should,"If (num, den) is passed in for system, coefficients for both the
numerator and denominator should be specified in descending exponent
order (e.",https://docs.scipy.org/doc/scipy/reference/generated/scipy.signal.dbode.html#scipy.signal.dbode
note,Release notes,https://docs.scipy.org/doc/scipy/reference/generated/scipy.signal.tf2sos.html#scipy.signal.tf2sos
note,Notes,https://docs.scipy.org/doc/scipy/reference/generated/scipy.signal.tf2sos.html#scipy.signal.tf2sos
note,Release notes,https://docs.scipy.org/doc/scipy/reference/generated/scipy.signal.tf2ss.html#scipy.signal.tf2ss
note,Release notes,https://docs.scipy.org/doc/scipy/reference/generated/scipy.signal.zpk2sos.html#scipy.signal.zpk2sos
must,"If analog is False and pairing is None, pairing is set to ‘nearest’;
if analog is True, pairing must be ‘minimal’, and is set to that if
it is None.",https://docs.scipy.org/doc/scipy/reference/generated/scipy.signal.zpk2sos.html#scipy.signal.zpk2sos
note,Notes,https://docs.scipy.org/doc/scipy/reference/generated/scipy.signal.zpk2sos.html#scipy.signal.zpk2sos
should,"The
'nearest' algorithm attempts to minimize the peak gain, while
'keep_odd' minimizes peak gain under the constraint that
odd-order systems should retain one section as first order.",https://docs.scipy.org/doc/scipy/reference/generated/scipy.signal.zpk2sos.html#scipy.signal.zpk2sos
note,"Note that after this step we are guaranteed to be
left with an even number of real poles, complex poles, real zeros,
and complex zeros for subsequent pairing iterations.",https://docs.scipy.org/doc/scipy/reference/generated/scipy.signal.zpk2sos.html#scipy.signal.zpk2sos
note,"Note that after this step we are guaranteed to be
left with an even number of real poles, complex poles, real zeros,
and complex zeros for subsequent pairing iterations.",https://docs.scipy.org/doc/scipy/reference/generated/scipy.signal.zpk2sos.html#scipy.signal.zpk2sos
only,"Else:


If the pole is complex and the zero is the only remaining real
zero*, then pair the pole with the next closest zero
(guaranteed to be complex).",https://docs.scipy.org/doc/scipy/reference/generated/scipy.signal.zpk2sos.html#scipy.signal.zpk2sos
must,"Else (we must have a real pole and real zero) add the next
real pole closest to the unit circle, and then add the real
zero closest to that pole.",https://docs.scipy.org/doc/scipy/reference/generated/scipy.signal.zpk2sos.html#scipy.signal.zpk2sos
only,"If the pole is complex and the zero is the only remaining real
zero*, then pair the pole with the next closest zero
(guaranteed to be complex).",https://docs.scipy.org/doc/scipy/reference/generated/scipy.signal.zpk2sos.html#scipy.signal.zpk2sos
only,"If the pole is complex and the zero is the only remaining real
zero*, then pair the pole with the next closest zero
(guaranteed to be complex).",https://docs.scipy.org/doc/scipy/reference/generated/scipy.signal.zpk2sos.html#scipy.signal.zpk2sos
must,"Else (we must have a real pole and real zero) add the next
real pole closest to the unit circle, and then add the real
zero closest to that pole.",https://docs.scipy.org/doc/scipy/reference/generated/scipy.signal.zpk2sos.html#scipy.signal.zpk2sos
must,"Else (we must have a real pole and real zero) add the next
real pole closest to the unit circle, and then add the real
zero closest to that pole.",https://docs.scipy.org/doc/scipy/reference/generated/scipy.signal.zpk2sos.html#scipy.signal.zpk2sos
must,"Else (we must have a real pole and real zero) add the next
real pole closest to the unit circle, and then add the real
zero closest to that pole.",https://docs.scipy.org/doc/scipy/reference/generated/scipy.signal.zpk2sos.html#scipy.signal.zpk2sos
only,"This conditional can only be met for specific odd-order inputs
with the pairing = 'keep_odd' or 'minimal' methods.",https://docs.scipy.org/doc/scipy/reference/generated/scipy.signal.zpk2sos.html#scipy.signal.zpk2sos
should,The ripple in the pass-band should not exceed 0.,https://docs.scipy.org/doc/scipy/reference/generated/scipy.signal.zpk2sos.html#scipy.signal.zpk2sos
should,"087 dB, and
the attenuation in the stop-band should be at least 90 dB.",https://docs.scipy.org/doc/scipy/reference/generated/scipy.signal.zpk2sos.html#scipy.signal.zpk2sos
note,"Note that the extra pole and zero at the origin
have been assigned to different sections.",https://docs.scipy.org/doc/scipy/reference/generated/scipy.signal.zpk2sos.html#scipy.signal.zpk2sos
note,Release notes,https://docs.scipy.org/doc/scipy/reference/generated/scipy.signal.ss2tf.html#scipy.signal.ss2tf
note,Release notes,https://docs.scipy.org/doc/scipy/reference/generated/scipy.signal.ss2zpk.html#scipy.signal.ss2zpk
note,Release notes,https://docs.scipy.org/doc/scipy/reference/generated/scipy.signal.sos2zpk.html#scipy.signal.sos2zpk
must,"Array of second-order filter coefficients, must have shape
(n_sections, 6).",https://docs.scipy.org/doc/scipy/reference/generated/scipy.signal.sos2zpk.html#scipy.signal.sos2zpk
note,Notes,https://docs.scipy.org/doc/scipy/reference/generated/scipy.signal.sos2zpk.html#scipy.signal.sos2zpk
note,Release notes,https://docs.scipy.org/doc/scipy/reference/generated/scipy.signal.sos2tf.html#scipy.signal.sos2tf
must,"Array of second-order filter coefficients, must have shape
(n_sections, 6).",https://docs.scipy.org/doc/scipy/reference/generated/scipy.signal.sos2tf.html#scipy.signal.sos2tf
note,Notes,https://docs.scipy.org/doc/scipy/reference/generated/scipy.signal.sos2tf.html#scipy.signal.sos2tf
note,Release notes,https://docs.scipy.org/doc/scipy/reference/generated/scipy.signal.cont2discrete.html#scipy.signal.cont2discrete
only,"The generalized bilinear transformation weighting parameter, which
should only be specified with method=”gbt”, and is ignored otherwise",https://docs.scipy.org/doc/scipy/reference/generated/scipy.signal.cont2discrete.html#scipy.signal.cont2discrete
should,"The generalized bilinear transformation weighting parameter, which
should only be specified with method=”gbt”, and is ignored otherwise",https://docs.scipy.org/doc/scipy/reference/generated/scipy.signal.cont2discrete.html#scipy.signal.cont2discrete
note,Notes,https://docs.scipy.org/doc/scipy/reference/generated/scipy.signal.cont2discrete.html#scipy.signal.cont2discrete
note,Release notes,https://docs.scipy.org/doc/scipy/reference/generated/scipy.signal.place_poles.html#scipy.signal.place_poles
only,"Complex poles are only supported with method=""YT"" (default).",https://docs.scipy.org/doc/scipy/reference/generated/scipy.signal.place_poles.html#scipy.signal.place_poles
note,See References and Notes for details on the algorithms.,https://docs.scipy.org/doc/scipy/reference/generated/scipy.signal.place_poles.html#scipy.signal.place_poles
note,"The transfer matrix such as X * diag(poles) = (A - B*K)*X
(see Notes)",https://docs.scipy.org/doc/scipy/reference/generated/scipy.signal.place_poles.html#scipy.signal.place_poles
note,The relative tolerance achieved on det(X) (see Notes).,https://docs.scipy.org/doc/scipy/reference/generated/scipy.signal.place_poles.html#scipy.signal.place_poles
note,Notes,https://docs.scipy.org/doc/scipy/reference/generated/scipy.signal.place_poles.html#scipy.signal.place_poles
only,"Only update method 0 proposed by KNV has
been implemented here, hence the name 'KNV0'.",https://docs.scipy.org/doc/scipy/reference/generated/scipy.signal.place_poles.html#scipy.signal.place_poles
only,"It is unclear and undocumented how KNV0 has been extended to complex poles
(Tits and Yang claim on page 14 of their paper that their method can not be
used to extend KNV to complex poles), therefore only YT supports them in
this implementation.",https://docs.scipy.org/doc/scipy/reference/generated/scipy.signal.place_poles.html#scipy.signal.place_poles
only,"Using the default method 'YT' should be fine in most cases; 'KNV0'
is only provided because it is needed by 'YT' in some specific cases.",https://docs.scipy.org/doc/scipy/reference/generated/scipy.signal.place_poles.html#scipy.signal.place_poles
should,"Using the default method 'YT' should be fine in most cases; 'KNV0'
is only provided because it is needed by 'YT' in some specific cases.",https://docs.scipy.org/doc/scipy/reference/generated/scipy.signal.place_poles.html#scipy.signal.place_poles
note,Release notes,https://docs.scipy.org/doc/scipy/reference/generated/scipy.signal.chirp.html#scipy.signal.chirp
should,"In the following, ‘Hz’ should be interpreted as ‘cycles per unit’;
there is no requirement here that the unit is one second.",https://docs.scipy.org/doc/scipy/reference/generated/scipy.signal.chirp.html#scipy.signal.chirp
note,"See
Notes below for more details.",https://docs.scipy.org/doc/scipy/reference/generated/scipy.signal.chirp.html#scipy.signal.chirp
only,This parameter is only used when method is ‘quadratic’.,https://docs.scipy.org/doc/scipy/reference/generated/scipy.signal.chirp.html#scipy.signal.chirp
note,Notes,https://docs.scipy.org/doc/scipy/reference/generated/scipy.signal.chirp.html#scipy.signal.chirp
must,f0 and f1 must be nonzero and have the same sign.,https://docs.scipy.org/doc/scipy/reference/generated/scipy.signal.chirp.html#scipy.signal.chirp
must,f0 and f1 must be nonzero.,https://docs.scipy.org/doc/scipy/reference/generated/scipy.signal.chirp.html#scipy.signal.chirp
note,Release notes,https://docs.scipy.org/doc/scipy/reference/generated/scipy.signal.gausspulse.html#scipy.signal.gausspulse
only,Only returned if retquad is True.,https://docs.scipy.org/doc/scipy/reference/generated/scipy.signal.gausspulse.html#scipy.signal.gausspulse
only,Only returned if retenv is True.,https://docs.scipy.org/doc/scipy/reference/generated/scipy.signal.gausspulse.html#scipy.signal.gausspulse
note,Release notes,https://docs.scipy.org/doc/scipy/reference/generated/scipy.signal.max_len_seq.html#scipy.signal.max_len_seq
note,"Note that generating long sequences
(e.",https://docs.scipy.org/doc/scipy/reference/generated/scipy.signal.max_len_seq.html#scipy.signal.max_len_seq
must,"If array, must be of length nbits, and will be cast to binary
(bool) representation.",https://docs.scipy.org/doc/scipy/reference/generated/scipy.signal.max_len_seq.html#scipy.signal.max_len_seq
note,Notes,https://docs.scipy.org/doc/scipy/reference/generated/scipy.signal.max_len_seq.html#scipy.signal.max_len_seq
note,Release notes,https://docs.scipy.org/doc/scipy/reference/generated/scipy.signal.sawtooth.html#scipy.signal.sawtooth
must,"width must be in the interval [0, 1].",https://docs.scipy.org/doc/scipy/reference/generated/scipy.signal.sawtooth.html#scipy.signal.sawtooth
note,Note that this is not band-limited.,https://docs.scipy.org/doc/scipy/reference/generated/scipy.signal.sawtooth.html#scipy.signal.sawtooth
must,"If an array, causes wave shape to change over time, and must be the
same length as t.",https://docs.scipy.org/doc/scipy/reference/generated/scipy.signal.sawtooth.html#scipy.signal.sawtooth
note,Release notes,https://docs.scipy.org/doc/scipy/reference/generated/scipy.signal.square.html#scipy.signal.square
must,"duty must be in
the interval [0,1].",https://docs.scipy.org/doc/scipy/reference/generated/scipy.signal.square.html#scipy.signal.square
note,Note that this is not band-limited.,https://docs.scipy.org/doc/scipy/reference/generated/scipy.signal.square.html#scipy.signal.square
must,"If an array, causes wave shape to change over time, and must be the
same length as t.",https://docs.scipy.org/doc/scipy/reference/generated/scipy.signal.square.html#scipy.signal.square
note,Release notes,https://docs.scipy.org/doc/scipy/reference/generated/scipy.signal.sweep_poly.html#scipy.signal.sweep_poly
note,Notes,https://docs.scipy.org/doc/scipy/reference/generated/scipy.signal.sweep_poly.html#scipy.signal.sweep_poly
note,Release notes,https://docs.scipy.org/doc/scipy/reference/generated/scipy.signal.unit_impulse.html#scipy.signal.unit_impulse
note,Notes,https://docs.scipy.org/doc/scipy/reference/generated/scipy.signal.unit_impulse.html#scipy.signal.unit_impulse
note,Release notes,https://docs.scipy.org/doc/scipy/reference/generated/scipy.signal.get_window.html#scipy.signal.get_window
note,Notes,https://docs.scipy.org/doc/scipy/reference/generated/scipy.signal.get_window.html#scipy.signal.get_window
must,"If the window requires parameters, then window must be a tuple
with the first argument the string name of the window, and the next
arguments the needed parameters.",https://docs.scipy.org/doc/scipy/reference/generated/scipy.signal.get_window.html#scipy.signal.get_window
note,Release notes,https://docs.scipy.org/doc/scipy/reference/generated/scipy.signal.cascade.html#scipy.signal.cascade
only,psi is only returned if gk is not None.,https://docs.scipy.org/doc/scipy/reference/generated/scipy.signal.cascade.html#scipy.signal.cascade
note,Notes,https://docs.scipy.org/doc/scipy/reference/generated/scipy.signal.cascade.html#scipy.signal.cascade
note,Release notes,https://docs.scipy.org/doc/scipy/reference/generated/scipy.signal.daub.html#scipy.signal.daub
note,Release notes,https://docs.scipy.org/doc/scipy/reference/generated/scipy.signal.morlet.html#scipy.signal.morlet
note,Notes,https://docs.scipy.org/doc/scipy/reference/generated/scipy.signal.morlet.html#scipy.signal.morlet
only,"This commonly used wavelet is often referred to simply as the
Morlet wavelet.",https://docs.scipy.org/doc/scipy/reference/generated/scipy.signal.morlet.html#scipy.signal.morlet
note,"Note that this simplified version can cause
admissibility problems at low values of w.",https://docs.scipy.org/doc/scipy/reference/generated/scipy.signal.morlet.html#scipy.signal.morlet
note,"Note that the energy of the return wavelet is not normalised
according to s.",https://docs.scipy.org/doc/scipy/reference/generated/scipy.signal.morlet.html#scipy.signal.morlet
note,"Note: This function was created before cwt and is not compatible
with it.",https://docs.scipy.org/doc/scipy/reference/generated/scipy.signal.morlet.html#scipy.signal.morlet
note,Release notes,https://docs.scipy.org/doc/scipy/reference/generated/scipy.signal.qmf.html#scipy.signal.qmf
note,Release notes,https://docs.scipy.org/doc/scipy/reference/generated/scipy.signal.ricker.html#scipy.signal.ricker
note,Release notes,https://docs.scipy.org/doc/scipy/reference/generated/scipy.signal.morlet2.html#scipy.signal.morlet2
note,Notes,https://docs.scipy.org/doc/scipy/reference/generated/scipy.signal.morlet2.html#scipy.signal.morlet2
should,"Because morlet2
returns an array of complex numbers, the dtype argument of cwt
should be set to complex128 for best results.",https://docs.scipy.org/doc/scipy/reference/generated/scipy.signal.morlet2.html#scipy.signal.morlet2
note,Note the difference in implementation with morlet.,https://docs.scipy.org/doc/scipy/reference/generated/scipy.signal.morlet2.html#scipy.signal.morlet2
note,Release notes,https://docs.scipy.org/doc/scipy/reference/generated/scipy.signal.cwt.html#scipy.signal.cwt
should,"Wavelet function, which should take 2 arguments.",https://docs.scipy.org/doc/scipy/reference/generated/scipy.signal.cwt.html#scipy.signal.cwt
note,Notes,https://docs.scipy.org/doc/scipy/reference/generated/scipy.signal.cwt.html#scipy.signal.cwt
note,Note,https://docs.scipy.org/doc/scipy/reference/generated/scipy.signal.cwt.html#scipy.signal.cwt
note,Release notes,https://docs.scipy.org/doc/scipy/reference/generated/scipy.signal.argrelmin.html#scipy.signal.argrelmin
note,"Note that the
return value is a tuple even when data is 1-D.",https://docs.scipy.org/doc/scipy/reference/generated/scipy.signal.argrelmin.html#scipy.signal.argrelmin
note,Notes,https://docs.scipy.org/doc/scipy/reference/generated/scipy.signal.argrelmin.html#scipy.signal.argrelmin
note,Release notes,https://docs.scipy.org/doc/scipy/reference/generated/scipy.signal.argrelmax.html#scipy.signal.argrelmax
note,"Note that the
return value is a tuple even when data is 1-D.",https://docs.scipy.org/doc/scipy/reference/generated/scipy.signal.argrelmax.html#scipy.signal.argrelmax
note,Notes,https://docs.scipy.org/doc/scipy/reference/generated/scipy.signal.argrelmax.html#scipy.signal.argrelmax
note,Release notes,https://docs.scipy.org/doc/scipy/reference/generated/scipy.signal.argrelextrema.html#scipy.signal.argrelextrema
should,Should take two arrays as arguments.,https://docs.scipy.org/doc/scipy/reference/generated/scipy.signal.argrelextrema.html#scipy.signal.argrelextrema
note,"Note that the
return value is a tuple even when data is 1-D.",https://docs.scipy.org/doc/scipy/reference/generated/scipy.signal.argrelextrema.html#scipy.signal.argrelextrema
note,Notes,https://docs.scipy.org/doc/scipy/reference/generated/scipy.signal.argrelextrema.html#scipy.signal.argrelextrema
note,Release notes,https://docs.scipy.org/doc/scipy/reference/generated/scipy.signal.find_peaks.html#scipy.signal.find_peaks
only,"Used for calculation of the peaks prominences, thus it is only used if
one of the arguments prominence or width is given.",https://docs.scipy.org/doc/scipy/reference/generated/scipy.signal.find_peaks.html#scipy.signal.find_peaks
only,"Used for calculation of the peaks width, thus it is only used if width
is given.",https://docs.scipy.org/doc/scipy/reference/generated/scipy.signal.find_peaks.html#scipy.signal.find_peaks
warning,Warning,https://docs.scipy.org/doc/scipy/reference/generated/scipy.signal.find_peaks.html#scipy.signal.find_peaks
should,"To
avoid this, NaNs should either be removed or replaced.",https://docs.scipy.org/doc/scipy/reference/generated/scipy.signal.find_peaks.html#scipy.signal.find_peaks
note,Notes,https://docs.scipy.org/doc/scipy/reference/generated/scipy.signal.find_peaks.html#scipy.signal.find_peaks
only,"To select only the atypical heart beats, we
combine two conditions: a minimal prominence of 1 and width of at least 20
samples.",https://docs.scipy.org/doc/scipy/reference/generated/scipy.signal.find_peaks.html#scipy.signal.find_peaks
note,Release notes,https://docs.scipy.org/doc/scipy/reference/generated/scipy.signal.find_peaks_cwt.html#scipy.signal.find_peaks_cwt
should,"In general,
this range should cover the expected width of peaks of interest.",https://docs.scipy.org/doc/scipy/reference/generated/scipy.signal.find_peaks_cwt.html#scipy.signal.find_peaks_cwt
should,"Should take two parameters and return a 1-D array to convolve
with vector.",https://docs.scipy.org/doc/scipy/reference/generated/scipy.signal.find_peaks_cwt.html#scipy.signal.find_peaks_cwt
should,Should be normalized and symmetric.,https://docs.scipy.org/doc/scipy/reference/generated/scipy.signal.find_peaks_cwt.html#scipy.signal.find_peaks_cwt
only,"At each row, a ridge line is only connected if the relative max at
row[n] is within max_distances[n] from the relative max at
row[n+1].",https://docs.scipy.org/doc/scipy/reference/generated/scipy.signal.find_peaks_cwt.html#scipy.signal.find_peaks_cwt
note,Notes,https://docs.scipy.org/doc/scipy/reference/generated/scipy.signal.find_peaks_cwt.html#scipy.signal.find_peaks_cwt
should,"This approach was designed for finding sharp peaks among noisy data,
however with proper parameter selection it should function well for
different peak shapes.",https://docs.scipy.org/doc/scipy/reference/generated/scipy.signal.find_peaks_cwt.html#scipy.signal.find_peaks_cwt
note,Release notes,https://docs.scipy.org/doc/scipy/reference/generated/scipy.signal.peak_prominences.html#scipy.signal.peak_prominences
note,This parameter can speed up the calculation (see Notes).,https://docs.scipy.org/doc/scipy/reference/generated/scipy.signal.peak_prominences.html#scipy.signal.peak_prominences
warning,"For indices in peaks that don’t point to valid local maxima in x,
the returned prominence will be 0 and this warning is raised.",https://docs.scipy.org/doc/scipy/reference/generated/scipy.signal.peak_prominences.html#scipy.signal.peak_prominences
warning,Warning,https://docs.scipy.org/doc/scipy/reference/generated/scipy.signal.peak_prominences.html#scipy.signal.peak_prominences
should,"To
avoid this, NaNs should either be removed or replaced.",https://docs.scipy.org/doc/scipy/reference/generated/scipy.signal.peak_prominences.html#scipy.signal.peak_prominences
note,Notes,https://docs.scipy.org/doc/scipy/reference/generated/scipy.signal.peak_prominences.html#scipy.signal.peak_prominences
only,"In practice, this is only relevant for the highest set
of peaks in x.",https://docs.scipy.org/doc/scipy/reference/generated/scipy.signal.peak_prominences.html#scipy.signal.peak_prominences
note,"Note how the peak at index 3 of the same height is not considered as a
border while searching for the left base.",https://docs.scipy.org/doc/scipy/reference/generated/scipy.signal.peak_prominences.html#scipy.signal.peak_prominences
must,"On the right side, however, the base must be placed at 6 because the
higher peak represents the right border to the evaluated area.",https://docs.scipy.org/doc/scipy/reference/generated/scipy.signal.peak_prominences.html#scipy.signal.peak_prominences
only,"Thus, the
only two candidates in the evaluated area are the two neighboring samples
and a smaller prominence is calculated.",https://docs.scipy.org/doc/scipy/reference/generated/scipy.signal.peak_prominences.html#scipy.signal.peak_prominences
note,Release notes,https://docs.scipy.org/doc/scipy/reference/generated/scipy.signal.peak_widths.html#scipy.signal.peak_widths
must,Must be at least 0.,https://docs.scipy.org/doc/scipy/reference/generated/scipy.signal.peak_widths.html#scipy.signal.peak_widths
note,See notes for further explanation.,https://docs.scipy.org/doc/scipy/reference/generated/scipy.signal.peak_widths.html#scipy.signal.peak_widths
warning,Warning,https://docs.scipy.org/doc/scipy/reference/generated/scipy.signal.peak_widths.html#scipy.signal.peak_widths
should,"To
avoid this, NaNs should either be removed or replaced.",https://docs.scipy.org/doc/scipy/reference/generated/scipy.signal.peak_widths.html#scipy.signal.peak_widths
note,Notes,https://docs.scipy.org/doc/scipy/reference/generated/scipy.signal.peak_widths.html#scipy.signal.peak_widths
must,"As shown above to calculate a peak’s width its prominence and bases must be
known.",https://docs.scipy.org/doc/scipy/reference/generated/scipy.signal.peak_widths.html#scipy.signal.peak_widths
note,Release notes,https://docs.scipy.org/doc/scipy/reference/generated/scipy.signal.csd.html#scipy.signal.csd
must,"If window is array_like it will be used
directly as the window and its length must be nperseg.",https://docs.scipy.org/doc/scipy/reference/generated/scipy.signal.csd.html#scipy.signal.csd
note,Notes,https://docs.scipy.org/doc/scipy/reference/generated/scipy.signal.csd.html#scipy.signal.csd
note,Release notes,https://docs.scipy.org/doc/scipy/reference/generated/scipy.signal.coherence.html#scipy.signal.coherence
must,"If window is array_like it will be used
directly as the window and its length must be nperseg.",https://docs.scipy.org/doc/scipy/reference/generated/scipy.signal.coherence.html#scipy.signal.coherence
note,Notes,https://docs.scipy.org/doc/scipy/reference/generated/scipy.signal.coherence.html#scipy.signal.coherence
note,Release notes,https://docs.scipy.org/doc/scipy/reference/generated/scipy.signal.vectorstrength.html#scipy.signal.vectorstrength
should,The period of the signal that the events should synchronize to.,https://docs.scipy.org/doc/scipy/reference/generated/scipy.signal.vectorstrength.html#scipy.signal.vectorstrength
note,Release notes,https://docs.scipy.org/doc/scipy/reference/generated/scipy.signal.check_COLA.html#scipy.signal.check_COLA
must,"If window is array_like it will be used
directly as the window and its length must be nperseg.",https://docs.scipy.org/doc/scipy/reference/generated/scipy.signal.check_COLA.html#scipy.signal.check_COLA
note,Notes,https://docs.scipy.org/doc/scipy/reference/generated/scipy.signal.check_COLA.html#scipy.signal.check_COLA
note,Release notes,https://docs.scipy.org/doc/scipy/reference/generated/czt-function.html#scipy.signal.czt
must,"This must be precise or the
accumulated error will degrade the tail of the output sequence.",https://docs.scipy.org/doc/scipy/reference/generated/czt-function.html#scipy.signal.czt
note,Notes,https://docs.scipy.org/doc/scipy/reference/generated/czt-function.html#scipy.signal.czt
note,Release notes,https://docs.scipy.org/doc/scipy/reference/generated/scipy.signal.zoom_fft.html#scipy.signal.zoom_fft
only,Compute the DFT of x only for frequencies in range fn.,https://docs.scipy.org/doc/scipy/reference/generated/scipy.signal.zoom_fft.html#scipy.signal.zoom_fft
should,"The default sampling frequency is 2, so f1 and f2 should be
in the range [0, 1] to keep the transform below the Nyquist
frequency.",https://docs.scipy.org/doc/scipy/reference/generated/scipy.signal.zoom_fft.html#scipy.signal.zoom_fft
note,Notes,https://docs.scipy.org/doc/scipy/reference/generated/scipy.signal.zoom_fft.html#scipy.signal.zoom_fft
note,Release notes,https://docs.scipy.org/doc/scipy/reference/generated/scipy.signal.CZT.html#scipy.signal.CZT
must,"This must be precise or the
accumulated error will degrade the tail of the output sequence.",https://docs.scipy.org/doc/scipy/reference/generated/scipy.signal.CZT.html#scipy.signal.CZT
note,Notes,https://docs.scipy.org/doc/scipy/reference/generated/scipy.signal.CZT.html#scipy.signal.CZT
note,Release notes,https://docs.scipy.org/doc/scipy/reference/generated/scipy.signal.ZoomFFT.html#scipy.signal.ZoomFFT
should,"The default sampling frequency is 2, so f1 and f2 should be
in the range [0, 1] to keep the transform below the Nyquist
frequency.",https://docs.scipy.org/doc/scipy/reference/generated/scipy.signal.ZoomFFT.html#scipy.signal.ZoomFFT
note,Notes,https://docs.scipy.org/doc/scipy/reference/generated/scipy.signal.ZoomFFT.html#scipy.signal.ZoomFFT
should,"For f1, f2 values expressed in radians, a sampling
frequency of 2*pi should be used.",https://docs.scipy.org/doc/scipy/reference/generated/scipy.signal.ZoomFFT.html#scipy.signal.ZoomFFT
only,"Remember that a zoom FFT can only interpolate the points of the existing
FFT.",https://docs.scipy.org/doc/scipy/reference/generated/scipy.signal.ZoomFFT.html#scipy.signal.ZoomFFT
only,"Frequency resolution can only be increased by increasing acquisition
time.",https://docs.scipy.org/doc/scipy/reference/generated/scipy.signal.ZoomFFT.html#scipy.signal.ZoomFFT
note,Release notes,https://docs.scipy.org/doc/scipy/reference/generated/scipy.signal.czt_points.html#scipy.signal.czt_points
note,Release notes,https://docs.scipy.org/doc/scipy/reference/generated/scipy.sparse.eye.html#scipy.sparse.eye
note,Release notes,https://docs.scipy.org/doc/scipy/reference/generated/scipy.sparse.kron.html#scipy.sparse.kron
note,Release notes,https://docs.scipy.org/doc/scipy/reference/generated/scipy.sparse.random.html#scipy.sparse.random
warning,Warning,https://docs.scipy.org/doc/scipy/reference/generated/scipy.sparse.random.html#scipy.sparse.random
warning,Warning,https://docs.scipy.org/doc/scipy/reference/generated/scipy.sparse.random.html#scipy.sparse.random
should,"This function should take a single argument specifying the length
of the ndarray that it will return.",https://docs.scipy.org/doc/scipy/reference/generated/scipy.sparse.random.html#scipy.sparse.random
note,Release notes,https://docs.scipy.org/doc/scipy/reference/generated/scipy.sparse.diags.html#scipy.sparse.diags
warning,Warning,https://docs.scipy.org/doc/scipy/reference/generated/scipy.sparse.diags.html#scipy.sparse.diags
note,Notes,https://docs.scipy.org/doc/scipy/reference/generated/scipy.sparse.diags.html#scipy.sparse.diags
only,If only one diagonal is wanted (as in numpy.,https://docs.scipy.org/doc/scipy/reference/generated/scipy.sparse.diags.html#scipy.sparse.diags
note,Release notes,https://docs.scipy.org/doc/scipy/reference/generated/scipy.sparse.sparray.html#scipy.sparse.sparray
note,Release notes,https://docs.scipy.org/doc/scipy/reference/generated/scipy.sparse.bsr_matrix.html#scipy.sparse.bsr_matrix
note,Notes,https://docs.scipy.org/doc/scipy/reference/generated/scipy.sparse.bsr_matrix.html#scipy.sparse.bsr_matrix
must,"The blocksize (R,C) must evenly divide the shape of the sparse matrix (M,N).",https://docs.scipy.org/doc/scipy/reference/generated/scipy.sparse.bsr_matrix.html#scipy.sparse.bsr_matrix
must,"That is, R and C must satisfy the relationship M % R = 0 and
N % C = 0.",https://docs.scipy.org/doc/scipy/reference/generated/scipy.sparse.bsr_matrix.html#scipy.sparse.bsr_matrix
note,Release notes,https://docs.scipy.org/doc/scipy/reference/generated/scipy.sparse.coo_matrix.html#scipy.sparse.coo_matrix
note,Notes,https://docs.scipy.org/doc/scipy/reference/generated/scipy.sparse.coo_matrix.html#scipy.sparse.coo_matrix
note,Release notes,https://docs.scipy.org/doc/scipy/reference/generated/scipy.sparse.csc_matrix.html#scipy.sparse.csc_matrix
note,Notes,https://docs.scipy.org/doc/scipy/reference/generated/scipy.sparse.csc_matrix.html#scipy.sparse.csc_matrix
note,Release notes,https://docs.scipy.org/doc/scipy/reference/generated/scipy.sparse.dia_matrix.html#scipy.sparse.dia_matrix
note,Notes,https://docs.scipy.org/doc/scipy/reference/generated/scipy.sparse.dia_matrix.html#scipy.sparse.dia_matrix
note,Release notes,https://docs.scipy.org/doc/scipy/reference/generated/scipy.sparse.dok_matrix.html#scipy.sparse.dok_matrix
note,Notes,https://docs.scipy.org/doc/scipy/reference/generated/scipy.sparse.dok_matrix.html#scipy.sparse.dok_matrix
note,Release notes,https://docs.scipy.org/doc/scipy/reference/generated/scipy.sparse.lil_matrix.html#scipy.sparse.lil_matrix
note,"Note that inserting a single item can take linear time in the worst case;
to construct the matrix efficiently, make sure the items are pre-sorted by
index, per row.",https://docs.scipy.org/doc/scipy/reference/generated/scipy.sparse.lil_matrix.html#scipy.sparse.lil_matrix
note,Notes,https://docs.scipy.org/doc/scipy/reference/generated/scipy.sparse.lil_matrix.html#scipy.sparse.lil_matrix
note,Release notes,https://docs.scipy.org/doc/scipy/reference/generated/scipy.sparse.spmatrix.html#scipy.sparse.spmatrix
note,Release notes,https://docs.scipy.org/doc/scipy/reference/generated/scipy.sparse.diags_array.html#scipy.sparse.diags_array
note,Notes,https://docs.scipy.org/doc/scipy/reference/generated/scipy.sparse.diags_array.html#scipy.sparse.diags_array
only,If only one diagonal is wanted (as in numpy.,https://docs.scipy.org/doc/scipy/reference/generated/scipy.sparse.diags_array.html#scipy.sparse.diags_array
note,Release notes,https://docs.scipy.org/doc/scipy/reference/generated/scipy.sparse.eye_array.html#scipy.sparse.eye_array
note,Release notes,https://docs.scipy.org/doc/scipy/reference/generated/scipy.sparse.random_array.html#scipy.sparse.random_array
warning,Warning,https://docs.scipy.org/doc/scipy/reference/generated/scipy.sparse.random_array.html#scipy.sparse.random_array
should,"This function should take a single keyword argument size specifying
the length of its returned ndarray.",https://docs.scipy.org/doc/scipy/reference/generated/scipy.sparse.random_array.html#scipy.sparse.random_array
note,Release notes,https://docs.scipy.org/doc/scipy/reference/generated/scipy.sparse.block_array.html#scipy.sparse.block_array
note,Release notes,https://docs.scipy.org/doc/scipy/reference/generated/scipy.sparse.identity.html#scipy.sparse.identity
only,"This differs from eye_array in
that it has a square shape with ones only on the main diagonal.",https://docs.scipy.org/doc/scipy/reference/generated/scipy.sparse.identity.html#scipy.sparse.identity
warning,Warning,https://docs.scipy.org/doc/scipy/reference/generated/scipy.sparse.identity.html#scipy.sparse.identity
note,Release notes,https://docs.scipy.org/doc/scipy/reference/generated/scipy.sparse.spdiags.html#scipy.sparse.spdiags
note,Release notes,https://docs.scipy.org/doc/scipy/reference/generated/scipy.sparse.bmat.html#scipy.sparse.bmat
note,Note: block_array is preferred over bmat.,https://docs.scipy.org/doc/scipy/reference/generated/scipy.sparse.bmat.html#scipy.sparse.bmat
warning,Warning,https://docs.scipy.org/doc/scipy/reference/generated/scipy.sparse.bmat.html#scipy.sparse.bmat
note,Release notes,https://docs.scipy.org/doc/scipy/reference/generated/scipy.sparse.rand.html#scipy.sparse.rand
warning,Warning,https://docs.scipy.org/doc/scipy/reference/generated/scipy.sparse.rand.html#scipy.sparse.rand
note,Notes,https://docs.scipy.org/doc/scipy/reference/generated/scipy.sparse.rand.html#scipy.sparse.rand
only,Only float types are supported for now.,https://docs.scipy.org/doc/scipy/reference/generated/scipy.sparse.rand.html#scipy.sparse.rand
note,Release notes,https://docs.scipy.org/doc/scipy/reference/generated/scipy.sparse.kronsum.html#scipy.sparse.kronsum
note,Release notes,https://docs.scipy.org/doc/scipy/reference/generated/scipy.sparse.block_diag.html#scipy.sparse.block_diag
note,Notes,https://docs.scipy.org/doc/scipy/reference/generated/scipy.sparse.block_diag.html#scipy.sparse.block_diag
note,Release notes,https://docs.scipy.org/doc/scipy/reference/generated/scipy.sparse.tril.html#scipy.sparse.tril
note,Release notes,https://docs.scipy.org/doc/scipy/reference/generated/scipy.sparse.triu.html#scipy.sparse.triu
note,Release notes,https://docs.scipy.org/doc/scipy/reference/generated/scipy.sparse.hstack.html#scipy.sparse.hstack
note,Release notes,https://docs.scipy.org/doc/scipy/reference/generated/scipy.sparse.vstack.html#scipy.sparse.vstack
note,Release notes,https://docs.scipy.org/doc/scipy/reference/generated/scipy.sparse.save_npz.html#scipy.sparse.save_npz
note,Release notes,https://docs.scipy.org/doc/scipy/reference/generated/scipy.sparse.load_npz.html#scipy.sparse.load_npz
note,Release notes,https://docs.scipy.org/doc/scipy/reference/generated/scipy.sparse.find.html#scipy.sparse.find
note,Release notes,https://docs.scipy.org/doc/scipy/reference/generated/scipy.sparse.issparse.html#scipy.sparse.issparse
note,Release notes,https://docs.scipy.org/doc/scipy/reference/generated/scipy.sparse.isspmatrix.html#scipy.sparse.isspmatrix
note,Release notes,https://docs.scipy.org/doc/scipy/reference/generated/scipy.sparse.isspmatrix_csc.html#scipy.sparse.isspmatrix_csc
note,Release notes,https://docs.scipy.org/doc/scipy/reference/generated/scipy.sparse.isspmatrix_csr.html#scipy.sparse.isspmatrix_csr
note,Release notes,https://docs.scipy.org/doc/scipy/reference/generated/scipy.sparse.isspmatrix_bsr.html#scipy.sparse.isspmatrix_bsr
note,Release notes,https://docs.scipy.org/doc/scipy/reference/generated/scipy.sparse.isspmatrix_lil.html#scipy.sparse.isspmatrix_lil
note,Release notes,https://docs.scipy.org/doc/scipy/reference/generated/scipy.sparse.isspmatrix_dok.html#scipy.sparse.isspmatrix_dok
note,Release notes,https://docs.scipy.org/doc/scipy/reference/generated/scipy.sparse.isspmatrix_coo.html#scipy.sparse.isspmatrix_coo
note,Release notes,https://docs.scipy.org/doc/scipy/reference/generated/scipy.sparse.isspmatrix_dia.html#scipy.sparse.isspmatrix_dia
note,Release notes,https://docs.scipy.org/doc/scipy/reference/generated/scipy.sparse.SparseEfficiencyWarning.html#scipy.sparse.SparseEfficiencyWarning
warning,"SparseEfficiencyWarning
    
   
  
  
   
    
     
      
       SparseEfficiencyWarning.",https://docs.scipy.org/doc/scipy/reference/generated/scipy.sparse.SparseEfficiencyWarning.html#scipy.sparse.SparseEfficiencyWarning
warning,SparseEfficiencyWarning.,https://docs.scipy.org/doc/scipy/reference/generated/scipy.sparse.SparseEfficiencyWarning.html#scipy.sparse.SparseEfficiencyWarning
note,Release notes,https://docs.scipy.org/doc/scipy/reference/generated/scipy.sparse.SparseWarning.html#scipy.sparse.SparseWarning
warning,"SparseWarning
    
   
  
  
   
    
     
      
       SparseWarning.",https://docs.scipy.org/doc/scipy/reference/generated/scipy.sparse.SparseWarning.html#scipy.sparse.SparseWarning
warning,SparseWarning.,https://docs.scipy.org/doc/scipy/reference/generated/scipy.sparse.SparseWarning.html#scipy.sparse.SparseWarning
note,Release notes,https://docs.scipy.org/doc/scipy/reference/generated/scipy.spatial.cKDTree.html#scipy.spatial.cKDTree
note,Note,https://docs.scipy.org/doc/scipy/reference/generated/scipy.spatial.cKDTree.html#scipy.spatial.cKDTree
only,"0, cKDTree had better performance and slightly different
functionality but now the two names exist only for
backward-compatibility reasons.",https://docs.scipy.org/doc/scipy/reference/generated/scipy.spatial.cKDTree.html#scipy.spatial.cKDTree
note,Notes,https://docs.scipy.org/doc/scipy/reference/generated/scipy.spatial.cKDTree.html#scipy.spatial.cKDTree
only,"The tree can be queried for the r closest neighbors of any given point
(optionally returning only those within some maximum distance of the
point).",https://docs.scipy.org/doc/scipy/reference/generated/scipy.spatial.cKDTree.html#scipy.spatial.cKDTree
note,Release notes,https://docs.scipy.org/doc/scipy/reference/generated/scipy.spatial.Rectangle.html#scipy.spatial.Rectangle
note,Release notes,https://docs.scipy.org/doc/scipy/reference/generated/scipy.spatial.Delaunay.html#scipy.spatial.Delaunay
note,Notes,https://docs.scipy.org/doc/scipy/reference/generated/scipy.spatial.Delaunay.html#scipy.spatial.Delaunay
note,Note,https://docs.scipy.org/doc/scipy/reference/generated/scipy.spatial.Delaunay.html#scipy.spatial.Delaunay
note,"Note that depending on how rounding errors go, the simplices may
be in a different order than above.",https://docs.scipy.org/doc/scipy/reference/generated/scipy.spatial.Delaunay.html#scipy.spatial.Delaunay
only,"Triangle 0 is the only neighbor of triangle 1, and it’s opposite to
vertex 1 of triangle 1:",https://docs.scipy.org/doc/scipy/reference/generated/scipy.spatial.Delaunay.html#scipy.spatial.Delaunay
only,"Be aware that the shortcut in the following example only works correctly
for valid points as invalid points result in -1 which is itself a valid
index for the last simplex in the list.",https://docs.scipy.org/doc/scipy/reference/generated/scipy.spatial.Delaunay.html#scipy.spatial.Delaunay
note,"For simplices at the boundary, -1 denotes no neighbor.",https://docs.scipy.org/doc/scipy/reference/generated/scipy.spatial.Delaunay.html#scipy.spatial.Delaunay
note,Release notes,https://docs.scipy.org/doc/scipy/reference/generated/scipy.spatial.ConvexHull.html#scipy.spatial.ConvexHull
note,Notes,https://docs.scipy.org/doc/scipy/reference/generated/scipy.spatial.ConvexHull.html#scipy.spatial.ConvexHull
note,-1 denotes no neighbor.,https://docs.scipy.org/doc/scipy/reference/generated/scipy.spatial.ConvexHull.html#scipy.spatial.ConvexHull
only,"A facet is visible from the outside
of the hull only, and neither coplanarity nor degeneracy count
as cases of visibility.",https://docs.scipy.org/doc/scipy/reference/generated/scipy.spatial.ConvexHull.html#scipy.spatial.ConvexHull
note,Release notes,https://docs.scipy.org/doc/scipy/reference/generated/scipy.spatial.Voronoi.html#scipy.spatial.Voronoi
note,Notes,https://docs.scipy.org/doc/scipy/reference/generated/scipy.spatial.Voronoi.html#scipy.spatial.Voronoi
note,Release notes,https://docs.scipy.org/doc/scipy/reference/generated/scipy.spatial.SphericalVoronoi.html#scipy.spatial.SphericalVoronoi
note,Notes,https://docs.scipy.org/doc/scipy/reference/generated/scipy.spatial.SphericalVoronoi.html#scipy.spatial.SphericalVoronoi
note,Release notes,https://docs.scipy.org/doc/scipy/reference/generated/scipy.spatial.HalfspaceIntersection.html#scipy.spatial.HalfspaceIntersection
note,Notes,https://docs.scipy.org/doc/scipy/reference/generated/scipy.spatial.HalfspaceIntersection.html#scipy.spatial.HalfspaceIntersection
note,Release notes,https://docs.scipy.org/doc/scipy/reference/generated/scipy.spatial.delaunay_plot_2d.html#scipy.spatial.delaunay_plot_2d
note,Notes,https://docs.scipy.org/doc/scipy/reference/generated/scipy.spatial.delaunay_plot_2d.html#scipy.spatial.delaunay_plot_2d
note,Release notes,https://docs.scipy.org/doc/scipy/reference/generated/scipy.spatial.tsearch.html#scipy.spatial.tsearch
note,Notes,https://docs.scipy.org/doc/scipy/reference/generated/scipy.spatial.tsearch.html#scipy.spatial.tsearch
note,Release notes,https://docs.scipy.org/doc/scipy/reference/generated/scipy.spatial.distance_matrix.html#scipy.spatial.distance_matrix
note,Release notes,https://docs.scipy.org/doc/scipy/reference/generated/scipy.spatial.minkowski_distance.html#scipy.spatial.minkowski_distance
must,The last dimensions of x and y must be the same length.,https://docs.scipy.org/doc/scipy/reference/generated/scipy.spatial.minkowski_distance.html#scipy.spatial.minkowski_distance
must,"Any
other dimensions must be compatible for broadcasting.",https://docs.scipy.org/doc/scipy/reference/generated/scipy.spatial.minkowski_distance.html#scipy.spatial.minkowski_distance
note,Release notes,https://docs.scipy.org/doc/scipy/reference/generated/scipy.spatial.minkowski_distance_p.html#scipy.spatial.minkowski_distance_p
must,The last dimensions of x and y must be the same length.,https://docs.scipy.org/doc/scipy/reference/generated/scipy.spatial.minkowski_distance_p.html#scipy.spatial.minkowski_distance_p
must,"Any
other dimensions must be compatible for broadcasting.",https://docs.scipy.org/doc/scipy/reference/generated/scipy.spatial.minkowski_distance_p.html#scipy.spatial.minkowski_distance_p
note,Release notes,https://docs.scipy.org/doc/scipy/reference/generated/scipy.spatial.procrustes.html#scipy.spatial.procrustes
must,"Matrix, n rows represent points in k (columns) space data1 is the
reference data, after it is standardised, the data from data2 will be
transformed to fit the pattern in data1 (must have >1 unique points).",https://docs.scipy.org/doc/scipy/reference/generated/scipy.spatial.procrustes.html#scipy.spatial.procrustes
must,"Must be the  same
shape (numrows, numcols) as data1 (must have >1 unique points).",https://docs.scipy.org/doc/scipy/reference/generated/scipy.spatial.procrustes.html#scipy.spatial.procrustes
note,Notes,https://docs.scipy.org/doc/scipy/reference/generated/scipy.spatial.procrustes.html#scipy.spatial.procrustes
only,"The disparity should not depend on the order of the input matrices, but
the output matrices will, as only the first output matrix is guaranteed
to be scaled such that \(tr(AA^{T}) = 1\).",https://docs.scipy.org/doc/scipy/reference/generated/scipy.spatial.procrustes.html#scipy.spatial.procrustes
should,"The disparity should not depend on the order of the input matrices, but
the output matrices will, as only the first output matrix is guaranteed
to be scaled such that \(tr(AA^{T}) = 1\).",https://docs.scipy.org/doc/scipy/reference/generated/scipy.spatial.procrustes.html#scipy.spatial.procrustes
only,"The disparity should not depend on the order of the input matrices, but
the output matrices will, as only the first output matrix is guaranteed
to be scaled such that \(tr(AA^{T}) = 1\).",https://docs.scipy.org/doc/scipy/reference/generated/scipy.spatial.procrustes.html#scipy.spatial.procrustes
should,"The disparity should not depend on the order of the input matrices, but
the output matrices will, as only the first output matrix is guaranteed
to be scaled such that \(tr(AA^{T}) = 1\).",https://docs.scipy.org/doc/scipy/reference/generated/scipy.spatial.procrustes.html#scipy.spatial.procrustes
note,Release notes,https://docs.scipy.org/doc/scipy/reference/generated/scipy.spatial.geometric_slerp.html#scipy.spatial.geometric_slerp
must,n must be greater than 1.,https://docs.scipy.org/doc/scipy/reference/generated/scipy.spatial.geometric_slerp.html#scipy.spatial.geometric_slerp
must,n must be greater than 1.,https://docs.scipy.org/doc/scipy/reference/generated/scipy.spatial.geometric_slerp.html#scipy.spatial.geometric_slerp
should,"The
interpolated values should correspond to the
same sort order provided in the t array.",https://docs.scipy.org/doc/scipy/reference/generated/scipy.spatial.geometric_slerp.html#scipy.spatial.geometric_slerp
note,Notes,https://docs.scipy.org/doc/scipy/reference/generated/scipy.spatial.geometric_slerp.html#scipy.spatial.geometric_slerp
note,"The implementation is based on the mathematical formula provided in [1],
and the first known presentation of this algorithm, derived from study of
4-D geometry, is credited to Glenn Davis in a footnote of the original
quaternion Slerp publication by Ken Shoemake [2].",https://docs.scipy.org/doc/scipy/reference/generated/scipy.spatial.geometric_slerp.html#scipy.spatial.geometric_slerp
should,"The interpolated results should be at 30 degree intervals
recognizable on the unit circle:",https://docs.scipy.org/doc/scipy/reference/generated/scipy.spatial.geometric_slerp.html#scipy.spatial.geometric_slerp
note,Release notes,https://docs.scipy.org/doc/scipy/reference/generated/scipy.spatial.QhullError.html#scipy.spatial.QhullError
note,Release notes,https://docs.scipy.org/doc/scipy/reference/generated/scipy.special.geterr.html#scipy.special.geterr
note,Notes,https://docs.scipy.org/doc/scipy/reference/generated/scipy.special.geterr.html#scipy.special.geterr
note,Release notes,https://docs.scipy.org/doc/scipy/reference/generated/scipy.special.seterr.html#scipy.special.seterr
warning,"‘warn’ Print a SpecialFunctionWarning when the error
occurs (via the Python warnings module)",https://docs.scipy.org/doc/scipy/reference/generated/scipy.special.seterr.html#scipy.special.seterr
warning,"‘warn’ Print a SpecialFunctionWarning when the error
occurs (via the Python warnings module)",https://docs.scipy.org/doc/scipy/reference/generated/scipy.special.seterr.html#scipy.special.seterr
note,Release notes,https://docs.scipy.org/doc/scipy/reference/generated/scipy.special.errstate.html#scipy.special.errstate
should,"Each keyword should have a string
value that defines the treatment for the particular type of
error.",https://docs.scipy.org/doc/scipy/reference/generated/scipy.special.errstate.html#scipy.special.errstate
must,"Values must be ‘ignore’, ‘warn’, or ‘other’.",https://docs.scipy.org/doc/scipy/reference/generated/scipy.special.errstate.html#scipy.special.errstate
note,Release notes,https://docs.scipy.org/doc/scipy/reference/generated/scipy.special.SpecialFunctionWarning.html#scipy.special.SpecialFunctionWarning
warning,"SpecialFunctionWarning
    
   
  
  
   
    
     
      
       SpecialFunctionWarning.",https://docs.scipy.org/doc/scipy/reference/generated/scipy.special.SpecialFunctionWarning.html#scipy.special.SpecialFunctionWarning
warning,SpecialFunctionWarning.,https://docs.scipy.org/doc/scipy/reference/generated/scipy.special.SpecialFunctionWarning.html#scipy.special.SpecialFunctionWarning
warning,Warning that can be emitted by special functions.,https://docs.scipy.org/doc/scipy/reference/generated/scipy.special.SpecialFunctionWarning.html#scipy.special.SpecialFunctionWarning
note,Release notes,https://docs.scipy.org/doc/scipy/reference/generated/scipy.special.SpecialFunctionError.html#scipy.special.SpecialFunctionError
note,Release notes,https://docs.scipy.org/doc/scipy/reference/generated/scipy.special.airye.html#scipy.special.airye
note,Notes,https://docs.scipy.org/doc/scipy/reference/generated/scipy.special.airye.html#scipy.special.airye
note,Release notes,https://docs.scipy.org/doc/scipy/reference/generated/scipy.special.ai_zeros.html#scipy.special.ai_zeros
note,Release notes,https://docs.scipy.org/doc/scipy/reference/generated/scipy.special.bi_zeros.html#scipy.special.bi_zeros
note,Release notes,https://docs.scipy.org/doc/scipy/reference/generated/scipy.special.itairy.html#scipy.special.itairy
note,Notes,https://docs.scipy.org/doc/scipy/reference/generated/scipy.special.itairy.html#scipy.special.itairy
note,Release notes,https://docs.scipy.org/doc/scipy/reference/generated/scipy.special.ellipj.html#scipy.special.ellipj
note,Notes,https://docs.scipy.org/doc/scipy/reference/generated/scipy.special.ellipj.html#scipy.special.ellipj
only,"In the latter case with m
close to 1, the approximation applies only for phi < pi/2.",https://docs.scipy.org/doc/scipy/reference/generated/scipy.special.ellipj.html#scipy.special.ellipj
note,Release notes,https://docs.scipy.org/doc/scipy/reference/generated/scipy.special.ellipk.html#scipy.special.ellipk
note,Notes,https://docs.scipy.org/doc/scipy/reference/generated/scipy.special.ellipk.html#scipy.special.ellipk
note,Release notes,https://docs.scipy.org/doc/scipy/reference/generated/scipy.special.ellipkm1.html#scipy.special.ellipkm1
note,Notes,https://docs.scipy.org/doc/scipy/reference/generated/scipy.special.ellipkm1.html#scipy.special.ellipkm1
note,Release notes,https://docs.scipy.org/doc/scipy/reference/generated/scipy.special.ellipkinc.html#scipy.special.ellipkinc
note,Notes,https://docs.scipy.org/doc/scipy/reference/generated/scipy.special.ellipkinc.html#scipy.special.ellipkinc
note,Release notes,https://docs.scipy.org/doc/scipy/reference/generated/scipy.special.ellipe.html#scipy.special.ellipe
note,Notes,https://docs.scipy.org/doc/scipy/reference/generated/scipy.special.ellipe.html#scipy.special.ellipe
note,Release notes,https://docs.scipy.org/doc/scipy/reference/generated/scipy.special.ellipeinc.html#scipy.special.ellipeinc
note,Notes,https://docs.scipy.org/doc/scipy/reference/generated/scipy.special.ellipeinc.html#scipy.special.ellipeinc
note,Release notes,https://docs.scipy.org/doc/scipy/reference/generated/scipy.special.elliprc.html#scipy.special.elliprc
must,y must be non-zero.,https://docs.scipy.org/doc/scipy/reference/generated/scipy.special.elliprc.html#scipy.special.elliprc
note,Notes,https://docs.scipy.org/doc/scipy/reference/generated/scipy.special.elliprc.html#scipy.special.elliprc
note,Release notes,https://docs.scipy.org/doc/scipy/reference/generated/scipy.special.elliprd.html#scipy.special.elliprd
must,"x or y can be any number in the
complex plane cut along the negative real axis, but at most one of them
can be zero, while z must be non-zero.",https://docs.scipy.org/doc/scipy/reference/generated/scipy.special.elliprd.html#scipy.special.elliprd
note,Notes,https://docs.scipy.org/doc/scipy/reference/generated/scipy.special.elliprd.html#scipy.special.elliprd
note,Release notes,https://docs.scipy.org/doc/scipy/reference/generated/scipy.special.elliprf.html#scipy.special.elliprf
note,Notes,https://docs.scipy.org/doc/scipy/reference/generated/scipy.special.elliprf.html#scipy.special.elliprf
note,Release notes,https://docs.scipy.org/doc/scipy/reference/generated/scipy.special.elliprg.html#scipy.special.elliprg
note,Notes,https://docs.scipy.org/doc/scipy/reference/generated/scipy.special.elliprg.html#scipy.special.elliprg
note,Release notes,https://docs.scipy.org/doc/scipy/reference/generated/scipy.special.elliprj.html#scipy.special.elliprj
warning,Warning,https://docs.scipy.org/doc/scipy/reference/generated/scipy.special.elliprj.html#scipy.special.elliprj
should,"This function should be considered experimental when the inputs are
unbalanced.",https://docs.scipy.org/doc/scipy/reference/generated/scipy.special.elliprj.html#scipy.special.elliprj
note,"x, y, or z are numbers in
the complex plane cut along the negative real axis (subject to further
constraints, see Notes), and at most one of them can be zero.",https://docs.scipy.org/doc/scipy/reference/generated/scipy.special.elliprj.html#scipy.special.elliprj
must,"p must
be non-zero.",https://docs.scipy.org/doc/scipy/reference/generated/scipy.special.elliprj.html#scipy.special.elliprj
note,Notes,https://docs.scipy.org/doc/scipy/reference/generated/scipy.special.elliprj.html#scipy.special.elliprj
must,"Notably, x, y, and
z must have non-negative real parts, unless two of them are
non-negative and complex-conjugates to each other while the other is a real
non-negative number.",https://docs.scipy.org/doc/scipy/reference/generated/scipy.special.elliprj.html#scipy.special.elliprj
should,"In the case where one of x, y, and z is equal to p, the
function elliprd should be preferred because of its less restrictive
domain.",https://docs.scipy.org/doc/scipy/reference/generated/scipy.special.elliprj.html#scipy.special.elliprj
note,Release notes,https://docs.scipy.org/doc/scipy/reference/generated/scipy.special.jve.html#scipy.special.jve
note,Notes,https://docs.scipy.org/doc/scipy/reference/generated/scipy.special.jve.html#scipy.special.jve
note,"Note that the second
term is exactly zero for integer v; to improve accuracy the second
term is explicitly omitted for v values such that v = floor(v).",https://docs.scipy.org/doc/scipy/reference/generated/scipy.special.jve.html#scipy.special.jve
note,Release notes,https://docs.scipy.org/doc/scipy/reference/generated/scipy.special.yn.html#scipy.special.yn
note,Notes,https://docs.scipy.org/doc/scipy/reference/generated/scipy.special.yn.html#scipy.special.yn
must,"If z is an array, the order parameter v must be broadcastable to
the correct shape if different orders shall be computed in one call.",https://docs.scipy.org/doc/scipy/reference/generated/scipy.special.yn.html#scipy.special.yn
note,Release notes,https://docs.scipy.org/doc/scipy/reference/generated/scipy.special.yv.html#scipy.special.yv
note,Notes,https://docs.scipy.org/doc/scipy/reference/generated/scipy.special.yv.html#scipy.special.yv
note,"Note that the second term is
exactly zero for integer v; to improve accuracy the second term is
explicitly omitted for v values such that v = floor(v).",https://docs.scipy.org/doc/scipy/reference/generated/scipy.special.yv.html#scipy.special.yv
must,"If z is an array, the order parameter v must be broadcastable to
the correct shape if different orders shall be computed in one call.",https://docs.scipy.org/doc/scipy/reference/generated/scipy.special.yv.html#scipy.special.yv
note,Release notes,https://docs.scipy.org/doc/scipy/reference/generated/scipy.special.yve.html#scipy.special.yve
note,Notes,https://docs.scipy.org/doc/scipy/reference/generated/scipy.special.yve.html#scipy.special.yve
note,"Note that the second term is
exactly zero for integer v; to improve accuracy the second term is
explicitly omitted for v values such that v = floor(v).",https://docs.scipy.org/doc/scipy/reference/generated/scipy.special.yve.html#scipy.special.yve
note,Release notes,https://docs.scipy.org/doc/scipy/reference/generated/scipy.special.kn.html#scipy.special.kn
warning,Order of Bessel functions (floats will truncate with a warning),https://docs.scipy.org/doc/scipy/reference/generated/scipy.special.kn.html#scipy.special.kn
note,Notes,https://docs.scipy.org/doc/scipy/reference/generated/scipy.special.kn.html#scipy.special.kn
note,Release notes,https://docs.scipy.org/doc/scipy/reference/generated/scipy.special.kv.html#scipy.special.kv
note,"Note that input must be of complex type to get complex
output, e.",https://docs.scipy.org/doc/scipy/reference/generated/scipy.special.kv.html#scipy.special.kv
must,"Note that input must be of complex type to get complex
output, e.",https://docs.scipy.org/doc/scipy/reference/generated/scipy.special.kv.html#scipy.special.kv
note,Notes,https://docs.scipy.org/doc/scipy/reference/generated/scipy.special.kv.html#scipy.special.kv
note,Release notes,https://docs.scipy.org/doc/scipy/reference/generated/scipy.special.kve.html#scipy.special.kve
note,Notes,https://docs.scipy.org/doc/scipy/reference/generated/scipy.special.kve.html#scipy.special.kve
note,Release notes,https://docs.scipy.org/doc/scipy/reference/generated/scipy.special.iv.html#scipy.special.iv
must,"If z is of real type and negative, v must be integer
valued.",https://docs.scipy.org/doc/scipy/reference/generated/scipy.special.iv.html#scipy.special.iv
note,Notes,https://docs.scipy.org/doc/scipy/reference/generated/scipy.special.iv.html#scipy.special.iv
must,"If z is an array, the order parameter v must be broadcastable to
the correct shape if different orders shall be computed in one call.",https://docs.scipy.org/doc/scipy/reference/generated/scipy.special.iv.html#scipy.special.iv
note,Release notes,https://docs.scipy.org/doc/scipy/reference/generated/scipy.special.ive.html#scipy.special.ive
note,Notes,https://docs.scipy.org/doc/scipy/reference/generated/scipy.special.ive.html#scipy.special.ive
note,Release notes,https://docs.scipy.org/doc/scipy/reference/generated/scipy.special.hankel1e.html#scipy.special.hankel1e
note,Notes,https://docs.scipy.org/doc/scipy/reference/generated/scipy.special.hankel1e.html#scipy.special.hankel1e
note,Release notes,https://docs.scipy.org/doc/scipy/reference/generated/scipy.special.hankel2.html#scipy.special.hankel2
note,Notes,https://docs.scipy.org/doc/scipy/reference/generated/scipy.special.hankel2.html#scipy.special.hankel2
note,Release notes,https://docs.scipy.org/doc/scipy/reference/generated/scipy.special.hankel2e.html#scipy.special.hankel2e
note,Notes,https://docs.scipy.org/doc/scipy/reference/generated/scipy.special.hankel2e.html#scipy.special.hankel2e
note,Release notes,https://docs.scipy.org/doc/scipy/reference/generated/scipy.special.wright_bessel.html#scipy.special.wright_bessel
note,Notes,https://docs.scipy.org/doc/scipy/reference/generated/scipy.special.wright_bessel.html#scipy.special.wright_bessel
only,"Due to the complexity of the function with its three parameters, only
non-negative arguments are implemented.",https://docs.scipy.org/doc/scipy/reference/generated/scipy.special.wright_bessel.html#scipy.special.wright_bessel
note,Release notes,https://docs.scipy.org/doc/scipy/reference/generated/scipy.special.lmbda.html#scipy.special.lmbda
note,Release notes,https://docs.scipy.org/doc/scipy/reference/generated/scipy.special.jnjnp_zeros.html#scipy.special.jnjnp_zeros
note,Release notes,https://docs.scipy.org/doc/scipy/reference/generated/scipy.special.jnyn_zeros.html#scipy.special.jnyn_zeros
note,Release notes,https://docs.scipy.org/doc/scipy/reference/generated/scipy.special.jnp_zeros.html#scipy.special.jnp_zeros
note,"Note that this interval excludes the zero at \(x = 0\)
that exists for \(n > 1\).",https://docs.scipy.org/doc/scipy/reference/generated/scipy.special.jnp_zeros.html#scipy.special.jnp_zeros
note,Release notes,https://docs.scipy.org/doc/scipy/reference/generated/scipy.special.yn_zeros.html#scipy.special.yn_zeros
note,Release notes,https://docs.scipy.org/doc/scipy/reference/generated/scipy.special.ynp_zeros.html#scipy.special.ynp_zeros
note,Release notes,https://docs.scipy.org/doc/scipy/reference/generated/scipy.special.y0_zeros.html#scipy.special.y0_zeros
only,"Set to False to return only the real zeros; set to True to return only
the complex zeros with negative real part and positive imaginary part.",https://docs.scipy.org/doc/scipy/reference/generated/scipy.special.y0_zeros.html#scipy.special.y0_zeros
note,"Note that the complex conjugates of the latter are also zeros of the
function, but are not returned by this routine.",https://docs.scipy.org/doc/scipy/reference/generated/scipy.special.y0_zeros.html#scipy.special.y0_zeros
note,Release notes,https://docs.scipy.org/doc/scipy/reference/generated/scipy.special.y1_zeros.html#scipy.special.y1_zeros
only,"Set to False to return only the real zeros; set to True to return only
the complex zeros with negative real part and positive imaginary part.",https://docs.scipy.org/doc/scipy/reference/generated/scipy.special.y1_zeros.html#scipy.special.y1_zeros
note,"Note that the complex conjugates of the latter are also zeros of the
function, but are not returned by this routine.",https://docs.scipy.org/doc/scipy/reference/generated/scipy.special.y1_zeros.html#scipy.special.y1_zeros
note,Release notes,https://docs.scipy.org/doc/scipy/reference/generated/scipy.special.y1p_zeros.html#scipy.special.y1p_zeros
only,"Set to False to return only the real zeros; set to True to return only
the complex zeros with negative real part and positive imaginary part.",https://docs.scipy.org/doc/scipy/reference/generated/scipy.special.y1p_zeros.html#scipy.special.y1p_zeros
note,"Note that the complex conjugates of the latter are also zeros of the
function, but are not returned by this routine.",https://docs.scipy.org/doc/scipy/reference/generated/scipy.special.y1p_zeros.html#scipy.special.y1p_zeros
note,Release notes,https://docs.scipy.org/doc/scipy/reference/generated/scipy.special.j0.html#scipy.special.j0
note,Notes,https://docs.scipy.org/doc/scipy/reference/generated/scipy.special.j0.html#scipy.special.j0
should,"It should not be confused with the spherical Bessel functions (see
spherical_jn).",https://docs.scipy.org/doc/scipy/reference/generated/scipy.special.j0.html#scipy.special.j0
note,Release notes,https://docs.scipy.org/doc/scipy/reference/generated/scipy.special.j1.html#scipy.special.j1
note,Notes,https://docs.scipy.org/doc/scipy/reference/generated/scipy.special.j1.html#scipy.special.j1
should,"It should not be confused with the spherical Bessel functions (see
spherical_jn).",https://docs.scipy.org/doc/scipy/reference/generated/scipy.special.j1.html#scipy.special.j1
note,Release notes,https://docs.scipy.org/doc/scipy/reference/generated/scipy.special.y0.html#scipy.special.y0
note,Notes,https://docs.scipy.org/doc/scipy/reference/generated/scipy.special.y0.html#scipy.special.y0
note,Release notes,https://docs.scipy.org/doc/scipy/reference/generated/scipy.special.y1.html#scipy.special.y1
note,Notes,https://docs.scipy.org/doc/scipy/reference/generated/scipy.special.y1.html#scipy.special.y1
note,Release notes,https://docs.scipy.org/doc/scipy/reference/generated/scipy.special.i0.html#scipy.special.i0
note,Notes,https://docs.scipy.org/doc/scipy/reference/generated/scipy.special.i0.html#scipy.special.i0
note,Release notes,https://docs.scipy.org/doc/scipy/reference/generated/scipy.special.i0e.html#scipy.special.i0e
note,Notes,https://docs.scipy.org/doc/scipy/reference/generated/scipy.special.i0e.html#scipy.special.i0e
note,Release notes,https://docs.scipy.org/doc/scipy/reference/generated/scipy.special.i1.html#scipy.special.i1
note,Notes,https://docs.scipy.org/doc/scipy/reference/generated/scipy.special.i1.html#scipy.special.i1
note,Release notes,https://docs.scipy.org/doc/scipy/reference/generated/scipy.special.i1e.html#scipy.special.i1e
note,Notes,https://docs.scipy.org/doc/scipy/reference/generated/scipy.special.i1e.html#scipy.special.i1e
note,Release notes,https://docs.scipy.org/doc/scipy/reference/generated/scipy.special.k0.html#scipy.special.k0
note,Notes,https://docs.scipy.org/doc/scipy/reference/generated/scipy.special.k0.html#scipy.special.k0
note,Release notes,https://docs.scipy.org/doc/scipy/reference/generated/scipy.special.k0e.html#scipy.special.k0e
note,Notes,https://docs.scipy.org/doc/scipy/reference/generated/scipy.special.k0e.html#scipy.special.k0e
note,Release notes,https://docs.scipy.org/doc/scipy/reference/generated/scipy.special.k1.html#scipy.special.k1
note,Notes,https://docs.scipy.org/doc/scipy/reference/generated/scipy.special.k1.html#scipy.special.k1
note,Release notes,https://docs.scipy.org/doc/scipy/reference/generated/scipy.special.k1e.html#scipy.special.k1e
note,Notes,https://docs.scipy.org/doc/scipy/reference/generated/scipy.special.k1e.html#scipy.special.k1e
note,Release notes,https://docs.scipy.org/doc/scipy/reference/generated/scipy.special.itj0y0.html#scipy.special.itj0y0
note,Release notes,https://docs.scipy.org/doc/scipy/reference/generated/scipy.special.it2j0y0.html#scipy.special.it2j0y0
note,Release notes,https://docs.scipy.org/doc/scipy/reference/generated/scipy.special.iti0k0.html#scipy.special.iti0k0
note,Release notes,https://docs.scipy.org/doc/scipy/reference/generated/scipy.special.it2i0k0.html#scipy.special.it2i0k0
note,Release notes,https://docs.scipy.org/doc/scipy/reference/generated/scipy.special.besselpoly.html#scipy.special.besselpoly
note,Release notes,https://docs.scipy.org/doc/scipy/reference/generated/scipy.special.jvp.html#scipy.special.jvp
note,Notes,https://docs.scipy.org/doc/scipy/reference/generated/scipy.special.jvp.html#scipy.special.jvp
note,Release notes,https://docs.scipy.org/doc/scipy/reference/generated/scipy.special.yvp.html#scipy.special.yvp
note,Notes,https://docs.scipy.org/doc/scipy/reference/generated/scipy.special.yvp.html#scipy.special.yvp
note,Release notes,https://docs.scipy.org/doc/scipy/reference/generated/scipy.special.kvp.html#scipy.special.kvp
note,Notes,https://docs.scipy.org/doc/scipy/reference/generated/scipy.special.kvp.html#scipy.special.kvp
note,Release notes,https://docs.scipy.org/doc/scipy/reference/generated/scipy.special.ivp.html#scipy.special.ivp
note,Notes,https://docs.scipy.org/doc/scipy/reference/generated/scipy.special.ivp.html#scipy.special.ivp
note,Release notes,https://docs.scipy.org/doc/scipy/reference/generated/scipy.special.h1vp.html#scipy.special.h1vp
note,Notes,https://docs.scipy.org/doc/scipy/reference/generated/scipy.special.h1vp.html#scipy.special.h1vp
note,Release notes,https://docs.scipy.org/doc/scipy/reference/generated/scipy.special.h2vp.html#scipy.special.h2vp
note,Notes,https://docs.scipy.org/doc/scipy/reference/generated/scipy.special.h2vp.html#scipy.special.h2vp
note,Release notes,https://docs.scipy.org/doc/scipy/reference/generated/scipy.special.spherical_jn.html#scipy.special.spherical_jn
note,Notes,https://docs.scipy.org/doc/scipy/reference/generated/scipy.special.spherical_jn.html#scipy.special.spherical_jn
note,"We can verify the relation for the derivative from the Notes
for \(n=3\) in the interval \([1, 2]\):",https://docs.scipy.org/doc/scipy/reference/generated/scipy.special.spherical_jn.html#scipy.special.spherical_jn
note,Release notes,https://docs.scipy.org/doc/scipy/reference/generated/scipy.special.spherical_yn.html#scipy.special.spherical_yn
note,Notes,https://docs.scipy.org/doc/scipy/reference/generated/scipy.special.spherical_yn.html#scipy.special.spherical_yn
note,"We can verify the relation for the derivative from the Notes
for \(n=3\) in the interval \([1, 2]\):",https://docs.scipy.org/doc/scipy/reference/generated/scipy.special.spherical_yn.html#scipy.special.spherical_yn
note,Release notes,https://docs.scipy.org/doc/scipy/reference/generated/scipy.special.spherical_in.html#scipy.special.spherical_in
note,Notes,https://docs.scipy.org/doc/scipy/reference/generated/scipy.special.spherical_in.html#scipy.special.spherical_in
note,"We can verify the relation for the derivative from the Notes
for \(n=3\) in the interval \([1, 2]\):",https://docs.scipy.org/doc/scipy/reference/generated/scipy.special.spherical_in.html#scipy.special.spherical_in
note,Release notes,https://docs.scipy.org/doc/scipy/reference/generated/scipy.special.spherical_kn.html#scipy.special.spherical_kn
note,Notes,https://docs.scipy.org/doc/scipy/reference/generated/scipy.special.spherical_kn.html#scipy.special.spherical_kn
note,"We can verify the relation for the derivative from the Notes
for \(n=3\) in the interval \([1, 2]\):",https://docs.scipy.org/doc/scipy/reference/generated/scipy.special.spherical_kn.html#scipy.special.spherical_kn
note,Release notes,https://docs.scipy.org/doc/scipy/reference/generated/scipy.special.riccati_jn.html#scipy.special.riccati_jn
note,Notes,https://docs.scipy.org/doc/scipy/reference/generated/scipy.special.riccati_jn.html#scipy.special.riccati_jn
note,Release notes,https://docs.scipy.org/doc/scipy/reference/generated/scipy.special.riccati_yn.html#scipy.special.riccati_yn
note,Notes,https://docs.scipy.org/doc/scipy/reference/generated/scipy.special.riccati_yn.html#scipy.special.riccati_yn
note,Release notes,https://docs.scipy.org/doc/scipy/reference/generated/scipy.special.struve.html#scipy.special.struve
must,"Argument of the Struve function (float; must be positive unless v is
an integer).",https://docs.scipy.org/doc/scipy/reference/generated/scipy.special.struve.html#scipy.special.struve
note,Notes,https://docs.scipy.org/doc/scipy/reference/generated/scipy.special.struve.html#scipy.special.struve
note,Release notes,https://docs.scipy.org/doc/scipy/reference/generated/scipy.special.modstruve.html#scipy.special.modstruve
must,"Argument of the Struve function (float; must be positive unless v is
an integer).",https://docs.scipy.org/doc/scipy/reference/generated/scipy.special.modstruve.html#scipy.special.modstruve
note,Notes,https://docs.scipy.org/doc/scipy/reference/generated/scipy.special.modstruve.html#scipy.special.modstruve
note,Release notes,https://docs.scipy.org/doc/scipy/reference/generated/scipy.special.itstruve0.html#scipy.special.itstruve0
note,Notes,https://docs.scipy.org/doc/scipy/reference/generated/scipy.special.itstruve0.html#scipy.special.itstruve0
note,Release notes,https://docs.scipy.org/doc/scipy/reference/generated/scipy.special.it2struve0.html#scipy.special.it2struve0
note,Notes,https://docs.scipy.org/doc/scipy/reference/generated/scipy.special.it2struve0.html#scipy.special.it2struve0
note,Release notes,https://docs.scipy.org/doc/scipy/reference/generated/scipy.special.itmodstruve0.html#scipy.special.itmodstruve0
note,Notes,https://docs.scipy.org/doc/scipy/reference/generated/scipy.special.itmodstruve0.html#scipy.special.itmodstruve0
note,Release notes,https://docs.scipy.org/doc/scipy/reference/generated/scipy.special.bdtr.html#scipy.special.bdtr
note,Notes,https://docs.scipy.org/doc/scipy/reference/generated/scipy.special.bdtr.html#scipy.special.bdtr
note,Release notes,https://docs.scipy.org/doc/scipy/reference/generated/scipy.special.bdtrc.html#scipy.special.bdtrc
note,Notes,https://docs.scipy.org/doc/scipy/reference/generated/scipy.special.bdtrc.html#scipy.special.bdtrc
note,Release notes,https://docs.scipy.org/doc/scipy/reference/generated/scipy.special.bdtri.html#scipy.special.bdtri
note,Notes,https://docs.scipy.org/doc/scipy/reference/generated/scipy.special.bdtri.html#scipy.special.bdtri
note,Release notes,https://docs.scipy.org/doc/scipy/reference/generated/scipy.special.bdtrik.html#scipy.special.bdtrik
note,Notes,https://docs.scipy.org/doc/scipy/reference/generated/scipy.special.bdtrik.html#scipy.special.bdtrik
note,Release notes,https://docs.scipy.org/doc/scipy/reference/generated/scipy.special.bdtrin.html#scipy.special.bdtrin
note,Notes,https://docs.scipy.org/doc/scipy/reference/generated/scipy.special.bdtrin.html#scipy.special.bdtrin
note,Release notes,https://docs.scipy.org/doc/scipy/reference/generated/scipy.special.btdtr.html#scipy.special.btdtr
note,Notes,https://docs.scipy.org/doc/scipy/reference/generated/scipy.special.btdtr.html#scipy.special.btdtr
note,Release notes,https://docs.scipy.org/doc/scipy/reference/generated/scipy.special.btdtri.html#scipy.special.btdtri
note,Notes,https://docs.scipy.org/doc/scipy/reference/generated/scipy.special.btdtri.html#scipy.special.btdtri
note,Release notes,https://docs.scipy.org/doc/scipy/reference/generated/scipy.special.btdtria.html#scipy.special.btdtria
note,Notes,https://docs.scipy.org/doc/scipy/reference/generated/scipy.special.btdtria.html#scipy.special.btdtria
note,Release notes,https://docs.scipy.org/doc/scipy/reference/generated/scipy.special.btdtrib.html#scipy.special.btdtrib
note,Notes,https://docs.scipy.org/doc/scipy/reference/generated/scipy.special.btdtrib.html#scipy.special.btdtrib
note,Release notes,https://docs.scipy.org/doc/scipy/reference/generated/scipy.special.fdtr.html#scipy.special.fdtr
note,Notes,https://docs.scipy.org/doc/scipy/reference/generated/scipy.special.fdtr.html#scipy.special.fdtr
must,"To get the same results one must use the following parametrization:
stats.",https://docs.scipy.org/doc/scipy/reference/generated/scipy.special.fdtr.html#scipy.special.fdtr
note,Release notes,https://docs.scipy.org/doc/scipy/reference/generated/scipy.special.fdtrc.html#scipy.special.fdtrc
note,Notes,https://docs.scipy.org/doc/scipy/reference/generated/scipy.special.fdtrc.html#scipy.special.fdtrc
must,"To get the same results one must use the following parametrization:
stats.",https://docs.scipy.org/doc/scipy/reference/generated/scipy.special.fdtrc.html#scipy.special.fdtrc
note,Release notes,https://docs.scipy.org/doc/scipy/reference/generated/scipy.special.fdtri.html#scipy.special.fdtri
note,Notes,https://docs.scipy.org/doc/scipy/reference/generated/scipy.special.fdtri.html#scipy.special.fdtri
must,"To get the same results one must use the following parametrization:
stats.",https://docs.scipy.org/doc/scipy/reference/generated/scipy.special.fdtri.html#scipy.special.fdtri
note,Release notes,https://docs.scipy.org/doc/scipy/reference/generated/scipy.special.fdtridfd.html#scipy.special.fdtridfd
note,Release notes,https://docs.scipy.org/doc/scipy/reference/generated/scipy.special.gdtr.html#scipy.special.gdtr
note,"The rate parameter of the gamma distribution, sometimes denoted
\(\beta\) (float).",https://docs.scipy.org/doc/scipy/reference/generated/scipy.special.gdtr.html#scipy.special.gdtr
note,"The shape parameter of the gamma distribution, sometimes denoted
\(\alpha\) (float).",https://docs.scipy.org/doc/scipy/reference/generated/scipy.special.gdtr.html#scipy.special.gdtr
note,Notes,https://docs.scipy.org/doc/scipy/reference/generated/scipy.special.gdtr.html#scipy.special.gdtr
must,"To get the same results one must use the following parametrization:
stats.",https://docs.scipy.org/doc/scipy/reference/generated/scipy.special.gdtr.html#scipy.special.gdtr
note,Release notes,https://docs.scipy.org/doc/scipy/reference/generated/scipy.special.gdtrc.html#scipy.special.gdtrc
note,"The rate parameter of the gamma distribution, sometimes denoted
\(\beta\) (float).",https://docs.scipy.org/doc/scipy/reference/generated/scipy.special.gdtrc.html#scipy.special.gdtrc
note,"The shape parameter of the gamma distribution, sometimes denoted
\(\alpha\) (float).",https://docs.scipy.org/doc/scipy/reference/generated/scipy.special.gdtrc.html#scipy.special.gdtrc
note,Notes,https://docs.scipy.org/doc/scipy/reference/generated/scipy.special.gdtrc.html#scipy.special.gdtrc
must,"To get the same results one must use the following parametrization:
stats.",https://docs.scipy.org/doc/scipy/reference/generated/scipy.special.gdtrc.html#scipy.special.gdtrc
note,Release notes,https://docs.scipy.org/doc/scipy/reference/generated/scipy.special.gdtria.html#scipy.special.gdtria
must,"If a fourth argument is given, it must be a numpy.",https://docs.scipy.org/doc/scipy/reference/generated/scipy.special.gdtria.html#scipy.special.gdtria
note,Notes,https://docs.scipy.org/doc/scipy/reference/generated/scipy.special.gdtria.html#scipy.special.gdtria
note,Release notes,https://docs.scipy.org/doc/scipy/reference/generated/scipy.special.gdtrib.html#scipy.special.gdtrib
must,"If a fourth argument is given, it must be a numpy.",https://docs.scipy.org/doc/scipy/reference/generated/scipy.special.gdtrib.html#scipy.special.gdtrib
note,Notes,https://docs.scipy.org/doc/scipy/reference/generated/scipy.special.gdtrib.html#scipy.special.gdtrib
note,Release notes,https://docs.scipy.org/doc/scipy/reference/generated/scipy.special.gdtrix.html#scipy.special.gdtrix
must,"If a fourth argument is given, it must be a numpy.",https://docs.scipy.org/doc/scipy/reference/generated/scipy.special.gdtrix.html#scipy.special.gdtrix
note,Notes,https://docs.scipy.org/doc/scipy/reference/generated/scipy.special.gdtrix.html#scipy.special.gdtrix
note,Release notes,https://docs.scipy.org/doc/scipy/reference/generated/scipy.special.nbdtr.html#scipy.special.nbdtr
note,Notes,https://docs.scipy.org/doc/scipy/reference/generated/scipy.special.nbdtr.html#scipy.special.nbdtr
must,"To get the same results one must use the
following parametrization: nbinom(n, p).",https://docs.scipy.org/doc/scipy/reference/generated/scipy.special.nbdtr.html#scipy.special.nbdtr
note,Release notes,https://docs.scipy.org/doc/scipy/reference/generated/scipy.special.nbdtrc.html#scipy.special.nbdtrc
note,Notes,https://docs.scipy.org/doc/scipy/reference/generated/scipy.special.nbdtrc.html#scipy.special.nbdtrc
must,"To get the same results one must use the
following parametrization: nbinom(n, p).",https://docs.scipy.org/doc/scipy/reference/generated/scipy.special.nbdtrc.html#scipy.special.nbdtrc
note,Release notes,https://docs.scipy.org/doc/scipy/reference/generated/scipy.special.nbdtri.html#scipy.special.nbdtri
note,Notes,https://docs.scipy.org/doc/scipy/reference/generated/scipy.special.nbdtri.html#scipy.special.nbdtri
note,Release notes,https://docs.scipy.org/doc/scipy/reference/generated/scipy.special.nbdtrik.html#scipy.special.nbdtrik
note,Notes,https://docs.scipy.org/doc/scipy/reference/generated/scipy.special.nbdtrik.html#scipy.special.nbdtrik
note,Release notes,https://docs.scipy.org/doc/scipy/reference/generated/scipy.special.nbdtrin.html#scipy.special.nbdtrin
note,Notes,https://docs.scipy.org/doc/scipy/reference/generated/scipy.special.nbdtrin.html#scipy.special.nbdtrin
note,Release notes,https://docs.scipy.org/doc/scipy/reference/generated/scipy.special.ncfdtr.html#scipy.special.ncfdtr
should,"Should be in range (0, 1e4).",https://docs.scipy.org/doc/scipy/reference/generated/scipy.special.ncfdtr.html#scipy.special.ncfdtr
note,Notes,https://docs.scipy.org/doc/scipy/reference/generated/scipy.special.ncfdtr.html#scipy.special.ncfdtr
note,Release notes,https://docs.scipy.org/doc/scipy/reference/generated/scipy.special.ncfdtridfd.html#scipy.special.ncfdtridfd
must,"Must be in the
range [0, 1].",https://docs.scipy.org/doc/scipy/reference/generated/scipy.special.ncfdtridfd.html#scipy.special.ncfdtridfd
should,"Should be in range (0, 1e4).",https://docs.scipy.org/doc/scipy/reference/generated/scipy.special.ncfdtridfd.html#scipy.special.ncfdtridfd
note,Notes,https://docs.scipy.org/doc/scipy/reference/generated/scipy.special.ncfdtridfd.html#scipy.special.ncfdtridfd
note,Release notes,https://docs.scipy.org/doc/scipy/reference/generated/scipy.special.ncfdtridfn.html#scipy.special.ncfdtridfn
must,"Must be in the
range [0, 1].",https://docs.scipy.org/doc/scipy/reference/generated/scipy.special.ncfdtridfn.html#scipy.special.ncfdtridfn
should,"Should be in range (0, 1e4).",https://docs.scipy.org/doc/scipy/reference/generated/scipy.special.ncfdtridfn.html#scipy.special.ncfdtridfn
note,Notes,https://docs.scipy.org/doc/scipy/reference/generated/scipy.special.ncfdtridfn.html#scipy.special.ncfdtridfn
note,Release notes,https://docs.scipy.org/doc/scipy/reference/generated/scipy.special.ncfdtri.html#scipy.special.ncfdtri
should,"Should be in range (0, 1e4).",https://docs.scipy.org/doc/scipy/reference/generated/scipy.special.ncfdtri.html#scipy.special.ncfdtri
must,"Must be in the
range [0, 1].",https://docs.scipy.org/doc/scipy/reference/generated/scipy.special.ncfdtri.html#scipy.special.ncfdtri
note,Release notes,https://docs.scipy.org/doc/scipy/reference/generated/scipy.special.ncfdtrinc.html#scipy.special.ncfdtrinc
must,"Must be in the
range [0, 1].",https://docs.scipy.org/doc/scipy/reference/generated/scipy.special.ncfdtrinc.html#scipy.special.ncfdtrinc
note,Release notes,https://docs.scipy.org/doc/scipy/reference/generated/scipy.special.nctdtr.html#scipy.special.nctdtr
should,"Should be in range (0, inf).",https://docs.scipy.org/doc/scipy/reference/generated/scipy.special.nctdtr.html#scipy.special.nctdtr
should,"Should be in range (-1e6, 1e6).",https://docs.scipy.org/doc/scipy/reference/generated/scipy.special.nctdtr.html#scipy.special.nctdtr
note,Release notes,https://docs.scipy.org/doc/scipy/reference/generated/scipy.special.nctdtridf.html#scipy.special.nctdtridf
should,"Should be in range (-1e6, 1e6).",https://docs.scipy.org/doc/scipy/reference/generated/scipy.special.nctdtridf.html#scipy.special.nctdtridf
note,Release notes,https://docs.scipy.org/doc/scipy/reference/generated/scipy.special.nctdtrit.html#scipy.special.nctdtrit
should,"Should be in range (0, inf).",https://docs.scipy.org/doc/scipy/reference/generated/scipy.special.nctdtrit.html#scipy.special.nctdtrit
should,"Should be in range (-1e6, 1e6).",https://docs.scipy.org/doc/scipy/reference/generated/scipy.special.nctdtrit.html#scipy.special.nctdtrit
note,Release notes,https://docs.scipy.org/doc/scipy/reference/generated/scipy.special.nctdtrinc.html#scipy.special.nctdtrinc
should,"Should be in range (0, inf).",https://docs.scipy.org/doc/scipy/reference/generated/scipy.special.nctdtrinc.html#scipy.special.nctdtrinc
note,Release notes,https://docs.scipy.org/doc/scipy/reference/generated/scipy.special.nrdtrimn.html#scipy.special.nrdtrimn
note,Release notes,https://docs.scipy.org/doc/scipy/reference/generated/scipy.special.nrdtrisd.html#scipy.special.nrdtrisd
note,Release notes,https://docs.scipy.org/doc/scipy/reference/generated/scipy.special.ndtr.html#scipy.special.ndtr
note,Release notes,https://docs.scipy.org/doc/scipy/reference/generated/scipy.special.log_ndtr.html#scipy.special.log_ndtr
only,"The results of the naive calculation for the moderate x values
have only 5 or 6 correct significant digits.",https://docs.scipy.org/doc/scipy/reference/generated/scipy.special.log_ndtr.html#scipy.special.log_ndtr
note,Release notes,https://docs.scipy.org/doc/scipy/reference/generated/scipy.special.ndtri.html#scipy.special.ndtri
note,Release notes,https://docs.scipy.org/doc/scipy/reference/generated/scipy.special.ndtri_exp.html#scipy.special.ndtri_exp
note,Release notes,https://docs.scipy.org/doc/scipy/reference/generated/scipy.special.pdtr.html#scipy.special.pdtr
note,Release notes,https://docs.scipy.org/doc/scipy/reference/generated/scipy.special.pdtrc.html#scipy.special.pdtrc
must,Arguments must both be non-negative doubles.,https://docs.scipy.org/doc/scipy/reference/generated/scipy.special.pdtrc.html#scipy.special.pdtrc
note,Release notes,https://docs.scipy.org/doc/scipy/reference/generated/scipy.special.pdtri.html#scipy.special.pdtri
must,"k must be a nonnegative
integer and y between 0 and 1.",https://docs.scipy.org/doc/scipy/reference/generated/scipy.special.pdtri.html#scipy.special.pdtri
note,Release notes,https://docs.scipy.org/doc/scipy/reference/generated/scipy.special.pdtrik.html#scipy.special.pdtrik
note,Release notes,https://docs.scipy.org/doc/scipy/reference/generated/scipy.special.stdtr.html#scipy.special.stdtr
note,Notes,https://docs.scipy.org/doc/scipy/reference/generated/scipy.special.stdtr.html#scipy.special.stdtr
must,"To get the same results, one must use the following
parametrization: scipy.",https://docs.scipy.org/doc/scipy/reference/generated/scipy.special.stdtr.html#scipy.special.stdtr
note,Release notes,https://docs.scipy.org/doc/scipy/reference/generated/scipy.special.stdtridf.html#scipy.special.stdtridf
note,Release notes,https://docs.scipy.org/doc/scipy/reference/generated/scipy.special.stdtrit.html#scipy.special.stdtrit
note,Notes,https://docs.scipy.org/doc/scipy/reference/generated/scipy.special.stdtrit.html#scipy.special.stdtrit
must,"To get the same results, one must use the following
parametrization: scipy.",https://docs.scipy.org/doc/scipy/reference/generated/scipy.special.stdtrit.html#scipy.special.stdtrit
note,Release notes,https://docs.scipy.org/doc/scipy/reference/generated/scipy.special.chdtr.html#scipy.special.chdtr
note,Release notes,https://docs.scipy.org/doc/scipy/reference/generated/scipy.special.chdtrc.html#scipy.special.chdtrc
note,Release notes,https://docs.scipy.org/doc/scipy/reference/generated/scipy.special.chdtri.html#scipy.special.chdtri
note,Release notes,https://docs.scipy.org/doc/scipy/reference/generated/scipy.special.chdtriv.html#scipy.special.chdtriv
note,Release notes,https://docs.scipy.org/doc/scipy/reference/generated/scipy.special.chndtr.html#scipy.special.chndtr
must,Upper bound of the integral; must satisfy x >= 0,https://docs.scipy.org/doc/scipy/reference/generated/scipy.special.chndtr.html#scipy.special.chndtr
must,Degrees of freedom; must satisfy df > 0,https://docs.scipy.org/doc/scipy/reference/generated/scipy.special.chndtr.html#scipy.special.chndtr
must,Non-centrality parameter; must satisfy nc >= 0,https://docs.scipy.org/doc/scipy/reference/generated/scipy.special.chndtr.html#scipy.special.chndtr
note,Release notes,https://docs.scipy.org/doc/scipy/reference/generated/scipy.special.chndtridf.html#scipy.special.chndtridf
must,Upper bound of the integral; must satisfy x >= 0,https://docs.scipy.org/doc/scipy/reference/generated/scipy.special.chndtridf.html#scipy.special.chndtridf
must,Probability; must satisfy 0 <= p < 1,https://docs.scipy.org/doc/scipy/reference/generated/scipy.special.chndtridf.html#scipy.special.chndtridf
must,Non-centrality parameter; must satisfy nc >= 0,https://docs.scipy.org/doc/scipy/reference/generated/scipy.special.chndtridf.html#scipy.special.chndtridf
note,Release notes,https://docs.scipy.org/doc/scipy/reference/generated/scipy.special.chndtrinc.html#scipy.special.chndtrinc
must,Upper bound of the integral; must satisfy x >= 0,https://docs.scipy.org/doc/scipy/reference/generated/scipy.special.chndtrinc.html#scipy.special.chndtrinc
must,Degrees of freedom; must satisfy df > 0,https://docs.scipy.org/doc/scipy/reference/generated/scipy.special.chndtrinc.html#scipy.special.chndtrinc
must,Probability; must satisfy 0 <= p < 1,https://docs.scipy.org/doc/scipy/reference/generated/scipy.special.chndtrinc.html#scipy.special.chndtrinc
note,Release notes,https://docs.scipy.org/doc/scipy/reference/generated/scipy.special.chndtrix.html#scipy.special.chndtrix
must,Probability; must satisfy 0 <= p < 1,https://docs.scipy.org/doc/scipy/reference/generated/scipy.special.chndtrix.html#scipy.special.chndtrix
must,Degrees of freedom; must satisfy df > 0,https://docs.scipy.org/doc/scipy/reference/generated/scipy.special.chndtrix.html#scipy.special.chndtrix
must,Non-centrality parameter; must satisfy nc >= 0,https://docs.scipy.org/doc/scipy/reference/generated/scipy.special.chndtrix.html#scipy.special.chndtrix
note,Release notes,https://docs.scipy.org/doc/scipy/reference/generated/scipy.special.smirnov.html#scipy.special.smirnov
note,Notes,https://docs.scipy.org/doc/scipy/reference/generated/scipy.special.smirnov.html#scipy.special.smirnov
note,Release notes,https://docs.scipy.org/doc/scipy/reference/generated/scipy.special.smirnovi.html#scipy.special.smirnovi
note,Notes,https://docs.scipy.org/doc/scipy/reference/generated/scipy.special.smirnovi.html#scipy.special.smirnovi
note,Release notes,https://docs.scipy.org/doc/scipy/reference/generated/scipy.special.kolmogorov.html#scipy.special.kolmogorov
note,Notes,https://docs.scipy.org/doc/scipy/reference/generated/scipy.special.kolmogorov.html#scipy.special.kolmogorov
note,Release notes,https://docs.scipy.org/doc/scipy/reference/generated/scipy.special.kolmogi.html#scipy.special.kolmogi
note,Notes,https://docs.scipy.org/doc/scipy/reference/generated/scipy.special.kolmogi.html#scipy.special.kolmogi
note,Release notes,https://docs.scipy.org/doc/scipy/reference/generated/scipy.special.boxcox.html#scipy.special.boxcox
note,Notes,https://docs.scipy.org/doc/scipy/reference/generated/scipy.special.boxcox.html#scipy.special.boxcox
note,Release notes,https://docs.scipy.org/doc/scipy/reference/generated/scipy.special.boxcox1p.html#scipy.special.boxcox1p
note,Notes,https://docs.scipy.org/doc/scipy/reference/generated/scipy.special.boxcox1p.html#scipy.special.boxcox1p
note,Release notes,https://docs.scipy.org/doc/scipy/reference/generated/scipy.special.inv_boxcox.html#scipy.special.inv_boxcox
note,Notes,https://docs.scipy.org/doc/scipy/reference/generated/scipy.special.inv_boxcox.html#scipy.special.inv_boxcox
note,Release notes,https://docs.scipy.org/doc/scipy/reference/generated/scipy.special.inv_boxcox1p.html#scipy.special.inv_boxcox1p
note,Notes,https://docs.scipy.org/doc/scipy/reference/generated/scipy.special.inv_boxcox1p.html#scipy.special.inv_boxcox1p
note,Release notes,https://docs.scipy.org/doc/scipy/reference/generated/scipy.special.logit.html#scipy.special.logit
note,"Note that logit(0) = -inf, logit(1) = inf, and logit(p)
for p<0 or p>1 yields nan.",https://docs.scipy.org/doc/scipy/reference/generated/scipy.special.logit.html#scipy.special.logit
note,Notes,https://docs.scipy.org/doc/scipy/reference/generated/scipy.special.logit.html#scipy.special.logit
note,Release notes,https://docs.scipy.org/doc/scipy/reference/generated/scipy.special.expit.html#scipy.special.expit
note,Notes,https://docs.scipy.org/doc/scipy/reference/generated/scipy.special.expit.html#scipy.special.expit
note,Release notes,https://docs.scipy.org/doc/scipy/reference/generated/scipy.special.log_expit.html#scipy.special.log_expit
note,Notes,https://docs.scipy.org/doc/scipy/reference/generated/scipy.special.log_expit.html#scipy.special.log_expit
note,"Note that expit(-1000) returns 0, so the naive implementation
log(expit(-1000)) return -inf.",https://docs.scipy.org/doc/scipy/reference/generated/scipy.special.log_expit.html#scipy.special.log_expit
only,"The first value is accurate to only 3 digits, and the larger inputs
lose all precision and return 0.",https://docs.scipy.org/doc/scipy/reference/generated/scipy.special.log_expit.html#scipy.special.log_expit
note,Release notes,https://docs.scipy.org/doc/scipy/reference/generated/scipy.special.tklmbda.html#scipy.special.tklmbda
note,Release notes,https://docs.scipy.org/doc/scipy/reference/generated/scipy.special.owens_t.html#scipy.special.owens_t
note,Release notes,https://docs.scipy.org/doc/scipy/reference/generated/scipy.special.entr.html#scipy.special.entr
note,Notes,https://docs.scipy.org/doc/scipy/reference/generated/scipy.special.entr.html#scipy.special.entr
note,Release notes,https://docs.scipy.org/doc/scipy/reference/generated/scipy.special.rel_entr.html#scipy.special.rel_entr
note,Notes,https://docs.scipy.org/doc/scipy/reference/generated/scipy.special.rel_entr.html#scipy.special.rel_entr
note,Release notes,https://docs.scipy.org/doc/scipy/reference/generated/scipy.special.kl_div.html#scipy.special.kl_div
note,Notes,https://docs.scipy.org/doc/scipy/reference/generated/scipy.special.kl_div.html#scipy.special.kl_div
note,Release notes,https://docs.scipy.org/doc/scipy/reference/generated/scipy.special.huber.html#scipy.special.huber
note,Notes,https://docs.scipy.org/doc/scipy/reference/generated/scipy.special.huber.html#scipy.special.huber
note,Release notes,https://docs.scipy.org/doc/scipy/reference/generated/scipy.special.pseudo_huber.html#scipy.special.pseudo_huber
note,Notes,https://docs.scipy.org/doc/scipy/reference/generated/scipy.special.pseudo_huber.html#scipy.special.pseudo_huber
note,Release notes,https://docs.scipy.org/doc/scipy/reference/generated/scipy.special.gammaln.html#scipy.special.gammaln
note,Notes,https://docs.scipy.org/doc/scipy/reference/generated/scipy.special.gammaln.html#scipy.special.gammaln
note,Release notes,https://docs.scipy.org/doc/scipy/reference/generated/scipy.special.loggamma.html#scipy.special.loggamma
note,Notes,https://docs.scipy.org/doc/scipy/reference/generated/scipy.special.loggamma.html#scipy.special.loggamma
note,Release notes,https://docs.scipy.org/doc/scipy/reference/generated/scipy.special.gammasgn.html#scipy.special.gammasgn
note,Notes,https://docs.scipy.org/doc/scipy/reference/generated/scipy.special.gammasgn.html#scipy.special.gammasgn
note,Release notes,https://docs.scipy.org/doc/scipy/reference/generated/scipy.special.gammainc.html#scipy.special.gammainc
note,Notes,https://docs.scipy.org/doc/scipy/reference/generated/scipy.special.gammainc.html#scipy.special.gammainc
note,Release notes,https://docs.scipy.org/doc/scipy/reference/generated/scipy.special.gammaincinv.html#scipy.special.gammaincinv
note,Release notes,https://docs.scipy.org/doc/scipy/reference/generated/scipy.special.gammaincc.html#scipy.special.gammaincc
note,Notes,https://docs.scipy.org/doc/scipy/reference/generated/scipy.special.gammaincc.html#scipy.special.gammaincc
note,Release notes,https://docs.scipy.org/doc/scipy/reference/generated/scipy.special.gammainccinv.html#scipy.special.gammainccinv
note,Release notes,https://docs.scipy.org/doc/scipy/reference/generated/scipy.special.beta.html#scipy.special.beta
note,Release notes,https://docs.scipy.org/doc/scipy/reference/generated/scipy.special.betaln.html#scipy.special.betaln
note,Release notes,https://docs.scipy.org/doc/scipy/reference/generated/scipy.special.betainc.html#scipy.special.betainc
note,Notes,https://docs.scipy.org/doc/scipy/reference/generated/scipy.special.betainc.html#scipy.special.betainc
note,Release notes,https://docs.scipy.org/doc/scipy/reference/generated/scipy.special.betaincc.html#scipy.special.betaincc
note,Notes,https://docs.scipy.org/doc/scipy/reference/generated/scipy.special.betaincc.html#scipy.special.betaincc
note,Release notes,https://docs.scipy.org/doc/scipy/reference/generated/scipy.special.betaincinv.html#scipy.special.betaincinv
note,Release notes,https://docs.scipy.org/doc/scipy/reference/generated/scipy.special.betainccinv.html#scipy.special.betainccinv
note,Notes,https://docs.scipy.org/doc/scipy/reference/generated/scipy.special.betainccinv.html#scipy.special.betainccinv
note,Release notes,https://docs.scipy.org/doc/scipy/reference/generated/scipy.special.psi.html#scipy.special.psi
note,Notes,https://docs.scipy.org/doc/scipy/reference/generated/scipy.special.psi.html#scipy.special.psi
note,"Note that psi has a family of zeros on the
negative real axis which occur between the poles at nonpositive
integers.",https://docs.scipy.org/doc/scipy/reference/generated/scipy.special.psi.html#scipy.special.psi
should,"The sole
positive zero and the first negative zero, however, are handled
separately by precomputing series expansions using [2], so the
function should maintain full accuracy around the origin.",https://docs.scipy.org/doc/scipy/reference/generated/scipy.special.psi.html#scipy.special.psi
note,Release notes,https://docs.scipy.org/doc/scipy/reference/generated/scipy.special.rgamma.html#scipy.special.rgamma
note,Notes,https://docs.scipy.org/doc/scipy/reference/generated/scipy.special.rgamma.html#scipy.special.rgamma
note,Release notes,https://docs.scipy.org/doc/scipy/reference/generated/scipy.special.polygamma.html#scipy.special.polygamma
must,"The order of the derivative of the digamma function; must be
integral",https://docs.scipy.org/doc/scipy/reference/generated/scipy.special.polygamma.html#scipy.special.polygamma
note,Release notes,https://docs.scipy.org/doc/scipy/reference/generated/scipy.special.multigammaln.html#scipy.special.multigammaln
note,Notes,https://docs.scipy.org/doc/scipy/reference/generated/scipy.special.multigammaln.html#scipy.special.multigammaln
note,"Note that a is a
scalar: the integrand only is multivariate, the argument is not (the
function is defined over a subset of the real set).",https://docs.scipy.org/doc/scipy/reference/generated/scipy.special.multigammaln.html#scipy.special.multigammaln
only,"Note that a is a
scalar: the integrand only is multivariate, the argument is not (the
function is defined over a subset of the real set).",https://docs.scipy.org/doc/scipy/reference/generated/scipy.special.multigammaln.html#scipy.special.multigammaln
note,Release notes,https://docs.scipy.org/doc/scipy/reference/generated/scipy.special.digamma.html#scipy.special.digamma
note,Notes,https://docs.scipy.org/doc/scipy/reference/generated/scipy.special.digamma.html#scipy.special.digamma
note,"Note that psi has a family of zeros on the
negative real axis which occur between the poles at nonpositive
integers.",https://docs.scipy.org/doc/scipy/reference/generated/scipy.special.digamma.html#scipy.special.digamma
should,"The sole
positive zero and the first negative zero, however, are handled
separately by precomputing series expansions using [2], so the
function should maintain full accuracy around the origin.",https://docs.scipy.org/doc/scipy/reference/generated/scipy.special.digamma.html#scipy.special.digamma
note,Release notes,https://docs.scipy.org/doc/scipy/reference/generated/scipy.special.poch.html#scipy.special.poch
note,Release notes,https://docs.scipy.org/doc/scipy/reference/generated/scipy.special.erf.html#scipy.special.erf
note,Notes,https://docs.scipy.org/doc/scipy/reference/generated/scipy.special.erf.html#scipy.special.erf
note,Release notes,https://docs.scipy.org/doc/scipy/reference/generated/scipy.special.erfc.html#scipy.special.erfc
note,Release notes,https://docs.scipy.org/doc/scipy/reference/generated/scipy.special.erfcx.html#scipy.special.erfcx
note,Notes,https://docs.scipy.org/doc/scipy/reference/generated/scipy.special.erfcx.html#scipy.special.erfcx
note,Release notes,https://docs.scipy.org/doc/scipy/reference/generated/scipy.special.erfi.html#scipy.special.erfi
note,Notes,https://docs.scipy.org/doc/scipy/reference/generated/scipy.special.erfi.html#scipy.special.erfi
note,Release notes,https://docs.scipy.org/doc/scipy/reference/generated/scipy.special.erfinv.html#scipy.special.erfinv
note,Release notes,https://docs.scipy.org/doc/scipy/reference/generated/scipy.special.erfcinv.html#scipy.special.erfcinv
note,Release notes,https://docs.scipy.org/doc/scipy/reference/generated/scipy.special.wofz.html#scipy.special.wofz
note,Release notes,https://docs.scipy.org/doc/scipy/reference/generated/scipy.special.dawsn.html#scipy.special.dawsn
note,Release notes,https://docs.scipy.org/doc/scipy/reference/generated/scipy.special.fresnel.html#scipy.special.fresnel
note,Release notes,https://docs.scipy.org/doc/scipy/reference/generated/scipy.special.fresnel_zeros.html#scipy.special.fresnel_zeros
note,Release notes,https://docs.scipy.org/doc/scipy/reference/generated/scipy.special.modfresnelp.html#scipy.special.modfresnelp
note,Release notes,https://docs.scipy.org/doc/scipy/reference/generated/scipy.special.modfresnelm.html#scipy.special.modfresnelm
note,Release notes,https://docs.scipy.org/doc/scipy/reference/generated/scipy.special.voigt_profile.html#scipy.special.voigt_profile
note,Notes,https://docs.scipy.org/doc/scipy/reference/generated/scipy.special.voigt_profile.html#scipy.special.voigt_profile
note,Release notes,https://docs.scipy.org/doc/scipy/reference/generated/scipy.special.erf_zeros.html#scipy.special.erf_zeros
note,Release notes,https://docs.scipy.org/doc/scipy/reference/generated/scipy.special.fresnelc_zeros.html#scipy.special.fresnelc_zeros
note,Release notes,https://docs.scipy.org/doc/scipy/reference/generated/scipy.special.fresnels_zeros.html#scipy.special.fresnels_zeros
note,Release notes,https://docs.scipy.org/doc/scipy/reference/generated/scipy.special.lpmv.html#scipy.special.lpmv
must,Must have |x| <= 1.,https://docs.scipy.org/doc/scipy/reference/generated/scipy.special.lpmv.html#scipy.special.lpmv
note,Notes,https://docs.scipy.org/doc/scipy/reference/generated/scipy.special.lpmv.html#scipy.special.lpmv
note,Note that this implementation includes the Condon-Shortley phase.,https://docs.scipy.org/doc/scipy/reference/generated/scipy.special.lpmv.html#scipy.special.lpmv
note,Release notes,https://docs.scipy.org/doc/scipy/reference/generated/scipy.special.sph_harm.html#scipy.special.sph_harm
must,Order of the harmonic (int); must have |m| <= n.,https://docs.scipy.org/doc/scipy/reference/generated/scipy.special.sph_harm.html#scipy.special.sph_harm
must,Degree of the harmonic (int); must have n >= 0.,https://docs.scipy.org/doc/scipy/reference/generated/scipy.special.sph_harm.html#scipy.special.sph_harm
note,"This is
often denoted by l (lower case L) in descriptions of
spherical harmonics.",https://docs.scipy.org/doc/scipy/reference/generated/scipy.special.sph_harm.html#scipy.special.sph_harm
must,"Azimuthal (longitudinal) coordinate; must be in [0, 2*pi].",https://docs.scipy.org/doc/scipy/reference/generated/scipy.special.sph_harm.html#scipy.special.sph_harm
must,"Polar (colatitudinal) coordinate; must be in [0, pi].",https://docs.scipy.org/doc/scipy/reference/generated/scipy.special.sph_harm.html#scipy.special.sph_harm
note,Notes,https://docs.scipy.org/doc/scipy/reference/generated/scipy.special.sph_harm.html#scipy.special.sph_harm
note,"Note that SciPy’s spherical harmonics include the Condon-Shortley
phase [2] because it is part of lpmv.",https://docs.scipy.org/doc/scipy/reference/generated/scipy.special.sph_harm.html#scipy.special.sph_harm
note,Release notes,https://docs.scipy.org/doc/scipy/reference/generated/scipy.special.clpmn.html#scipy.special.clpmn
note,Notes,https://docs.scipy.org/doc/scipy/reference/generated/scipy.special.clpmn.html#scipy.special.clpmn
note,Release notes,https://docs.scipy.org/doc/scipy/reference/generated/scipy.special.lpn.html#scipy.special.lpn
note,Release notes,https://docs.scipy.org/doc/scipy/reference/generated/scipy.special.lqn.html#scipy.special.lqn
note,Release notes,https://docs.scipy.org/doc/scipy/reference/generated/scipy.special.lpmn.html#scipy.special.lpmn
note,Notes,https://docs.scipy.org/doc/scipy/reference/generated/scipy.special.lpmn.html#scipy.special.lpmn
note,Release notes,https://docs.scipy.org/doc/scipy/reference/generated/scipy.special.lqmn.html#scipy.special.lqmn
note,Release notes,https://docs.scipy.org/doc/scipy/reference/generated/scipy.special.ellip_harm.html#scipy.special.ellip_harm
should,k**2; should be larger than h**2,https://docs.scipy.org/doc/scipy/reference/generated/scipy.special.ellip_harm.html#scipy.special.ellip_harm
note,See Notes.,https://docs.scipy.org/doc/scipy/reference/generated/scipy.special.ellip_harm.html#scipy.special.ellip_harm
note,See Notes.,https://docs.scipy.org/doc/scipy/reference/generated/scipy.special.ellip_harm.html#scipy.special.ellip_harm
note,Notes,https://docs.scipy.org/doc/scipy/reference/generated/scipy.special.ellip_harm.html#scipy.special.ellip_harm
note,Release notes,https://docs.scipy.org/doc/scipy/reference/generated/scipy.special.ellip_harm_2.html#scipy.special.ellip_harm_2
should,k**2; should be larger than h**2,https://docs.scipy.org/doc/scipy/reference/generated/scipy.special.ellip_harm_2.html#scipy.special.ellip_harm_2
note,Notes,https://docs.scipy.org/doc/scipy/reference/generated/scipy.special.ellip_harm_2.html#scipy.special.ellip_harm_2
note,Release notes,https://docs.scipy.org/doc/scipy/reference/generated/scipy.special.ellip_normal.html#scipy.special.ellip_normal
should,k**2; should be larger than h**2,https://docs.scipy.org/doc/scipy/reference/generated/scipy.special.ellip_normal.html#scipy.special.ellip_normal
note,Notes,https://docs.scipy.org/doc/scipy/reference/generated/scipy.special.ellip_normal.html#scipy.special.ellip_normal
note,Release notes,https://docs.scipy.org/doc/scipy/reference/generated/scipy.special.assoc_laguerre.html#scipy.special.assoc_laguerre
note,Notes,https://docs.scipy.org/doc/scipy/reference/generated/scipy.special.assoc_laguerre.html#scipy.special.assoc_laguerre
note,Release notes,https://docs.scipy.org/doc/scipy/reference/generated/scipy.special.eval_legendre.html#scipy.special.eval_legendre
note,Release notes,https://docs.scipy.org/doc/scipy/reference/generated/scipy.special.eval_chebyt.html#scipy.special.eval_chebyt
note,Notes,https://docs.scipy.org/doc/scipy/reference/generated/scipy.special.eval_chebyt.html#scipy.special.eval_chebyt
note,Release notes,https://docs.scipy.org/doc/scipy/reference/generated/scipy.special.eval_chebyu.html#scipy.special.eval_chebyu
note,Release notes,https://docs.scipy.org/doc/scipy/reference/generated/scipy.special.eval_chebyc.html#scipy.special.eval_chebyc
note,Release notes,https://docs.scipy.org/doc/scipy/reference/generated/scipy.special.eval_chebys.html#scipy.special.eval_chebys
note,Release notes,https://docs.scipy.org/doc/scipy/reference/generated/scipy.special.eval_jacobi.html#scipy.special.eval_jacobi
note,Release notes,https://docs.scipy.org/doc/scipy/reference/generated/scipy.special.eval_laguerre.html#scipy.special.eval_laguerre
note,Release notes,https://docs.scipy.org/doc/scipy/reference/generated/scipy.special.eval_genlaguerre.html#scipy.special.eval_genlaguerre
must,Parameter; must have alpha > -1,https://docs.scipy.org/doc/scipy/reference/generated/scipy.special.eval_genlaguerre.html#scipy.special.eval_genlaguerre
note,Release notes,https://docs.scipy.org/doc/scipy/reference/generated/scipy.special.eval_hermite.html#scipy.special.eval_hermite
note,Release notes,https://docs.scipy.org/doc/scipy/reference/generated/scipy.special.eval_hermitenorm.html#scipy.special.eval_hermitenorm
note,Release notes,https://docs.scipy.org/doc/scipy/reference/generated/scipy.special.eval_gegenbauer.html#scipy.special.eval_gegenbauer
note,Release notes,https://docs.scipy.org/doc/scipy/reference/generated/scipy.special.eval_sh_legendre.html#scipy.special.eval_sh_legendre
note,Release notes,https://docs.scipy.org/doc/scipy/reference/generated/scipy.special.eval_sh_chebyt.html#scipy.special.eval_sh_chebyt
note,Release notes,https://docs.scipy.org/doc/scipy/reference/generated/scipy.special.eval_sh_chebyu.html#scipy.special.eval_sh_chebyu
note,Release notes,https://docs.scipy.org/doc/scipy/reference/generated/scipy.special.eval_sh_jacobi.html#scipy.special.eval_sh_jacobi
note,Release notes,https://docs.scipy.org/doc/scipy/reference/generated/scipy.special.roots_legendre.html#scipy.special.roots_legendre
note,"We’ll use integral(f(t), t=a, t=b) to denote the definite integral
of f from t=a to t=b.",https://docs.scipy.org/doc/scipy/reference/generated/scipy.special.roots_legendre.html#scipy.special.roots_legendre
note,Release notes,https://docs.scipy.org/doc/scipy/reference/generated/scipy.special.roots_chebyt.html#scipy.special.roots_chebyt
note,Release notes,https://docs.scipy.org/doc/scipy/reference/generated/scipy.special.roots_chebyu.html#scipy.special.roots_chebyu
note,Release notes,https://docs.scipy.org/doc/scipy/reference/generated/scipy.special.roots_chebyc.html#scipy.special.roots_chebyc
note,Release notes,https://docs.scipy.org/doc/scipy/reference/generated/scipy.special.roots_chebys.html#scipy.special.roots_chebys
note,Release notes,https://docs.scipy.org/doc/scipy/reference/generated/scipy.special.roots_jacobi.html#scipy.special.roots_jacobi
must,alpha must be > -1,https://docs.scipy.org/doc/scipy/reference/generated/scipy.special.roots_jacobi.html#scipy.special.roots_jacobi
must,beta must be > -1,https://docs.scipy.org/doc/scipy/reference/generated/scipy.special.roots_jacobi.html#scipy.special.roots_jacobi
note,Release notes,https://docs.scipy.org/doc/scipy/reference/generated/scipy.special.roots_laguerre.html#scipy.special.roots_laguerre
note,Release notes,https://docs.scipy.org/doc/scipy/reference/generated/scipy.special.roots_genlaguerre.html#scipy.special.roots_genlaguerre
must,alpha must be > -1,https://docs.scipy.org/doc/scipy/reference/generated/scipy.special.roots_genlaguerre.html#scipy.special.roots_genlaguerre
note,Release notes,https://docs.scipy.org/doc/scipy/reference/generated/scipy.special.roots_hermite.html#scipy.special.roots_hermite
note,Notes,https://docs.scipy.org/doc/scipy/reference/generated/scipy.special.roots_hermite.html#scipy.special.roots_hermite
note,Release notes,https://docs.scipy.org/doc/scipy/reference/generated/scipy.special.roots_hermitenorm.html#scipy.special.roots_hermitenorm
note,Notes,https://docs.scipy.org/doc/scipy/reference/generated/scipy.special.roots_hermitenorm.html#scipy.special.roots_hermitenorm
note,Release notes,https://docs.scipy.org/doc/scipy/reference/generated/scipy.special.roots_gegenbauer.html#scipy.special.roots_gegenbauer
must,alpha must be > -0.,https://docs.scipy.org/doc/scipy/reference/generated/scipy.special.roots_gegenbauer.html#scipy.special.roots_gegenbauer
note,Release notes,https://docs.scipy.org/doc/scipy/reference/generated/scipy.special.roots_sh_legendre.html#scipy.special.roots_sh_legendre
note,Release notes,https://docs.scipy.org/doc/scipy/reference/generated/scipy.special.roots_sh_chebyt.html#scipy.special.roots_sh_chebyt
note,Release notes,https://docs.scipy.org/doc/scipy/reference/generated/scipy.special.roots_sh_chebyu.html#scipy.special.roots_sh_chebyu
note,Release notes,https://docs.scipy.org/doc/scipy/reference/generated/scipy.special.roots_sh_jacobi.html#scipy.special.roots_sh_jacobi
must,(p1 - q1) must be > -1,https://docs.scipy.org/doc/scipy/reference/generated/scipy.special.roots_sh_jacobi.html#scipy.special.roots_sh_jacobi
must,q1 must be > 0,https://docs.scipy.org/doc/scipy/reference/generated/scipy.special.roots_sh_jacobi.html#scipy.special.roots_sh_jacobi
note,Release notes,https://docs.scipy.org/doc/scipy/reference/generated/scipy.special.chebyt.html#scipy.special.chebyt
note,Notes,https://docs.scipy.org/doc/scipy/reference/generated/scipy.special.chebyt.html#scipy.special.chebyt
note,Release notes,https://docs.scipy.org/doc/scipy/reference/generated/scipy.special.chebyu.html#scipy.special.chebyu
note,Notes,https://docs.scipy.org/doc/scipy/reference/generated/scipy.special.chebyu.html#scipy.special.chebyu
note,Release notes,https://docs.scipy.org/doc/scipy/reference/generated/scipy.special.chebyc.html#scipy.special.chebyc
note,Notes,https://docs.scipy.org/doc/scipy/reference/generated/scipy.special.chebyc.html#scipy.special.chebyc
note,Release notes,https://docs.scipy.org/doc/scipy/reference/generated/scipy.special.chebys.html#scipy.special.chebys
note,Notes,https://docs.scipy.org/doc/scipy/reference/generated/scipy.special.chebys.html#scipy.special.chebys
note,Release notes,https://docs.scipy.org/doc/scipy/reference/generated/scipy.special.jacobi.html#scipy.special.jacobi
must,"Parameter, must be greater than -1.",https://docs.scipy.org/doc/scipy/reference/generated/scipy.special.jacobi.html#scipy.special.jacobi
must,"Parameter, must be greater than -1.",https://docs.scipy.org/doc/scipy/reference/generated/scipy.special.jacobi.html#scipy.special.jacobi
note,Notes,https://docs.scipy.org/doc/scipy/reference/generated/scipy.special.jacobi.html#scipy.special.jacobi
note,Release notes,https://docs.scipy.org/doc/scipy/reference/generated/scipy.special.laguerre.html#scipy.special.laguerre
note,Notes,https://docs.scipy.org/doc/scipy/reference/generated/scipy.special.laguerre.html#scipy.special.laguerre
note,Release notes,https://docs.scipy.org/doc/scipy/reference/generated/scipy.special.genlaguerre.html#scipy.special.genlaguerre
must,"Parameter, must be greater than -1.",https://docs.scipy.org/doc/scipy/reference/generated/scipy.special.genlaguerre.html#scipy.special.genlaguerre
note,Notes,https://docs.scipy.org/doc/scipy/reference/generated/scipy.special.genlaguerre.html#scipy.special.genlaguerre
note,Release notes,https://docs.scipy.org/doc/scipy/reference/generated/scipy.special.hermite.html#scipy.special.hermite
note,Notes,https://docs.scipy.org/doc/scipy/reference/generated/scipy.special.hermite.html#scipy.special.hermite
note,Release notes,https://docs.scipy.org/doc/scipy/reference/generated/scipy.special.hermitenorm.html#scipy.special.hermitenorm
note,Notes,https://docs.scipy.org/doc/scipy/reference/generated/scipy.special.hermitenorm.html#scipy.special.hermitenorm
note,Release notes,https://docs.scipy.org/doc/scipy/reference/generated/scipy.special.gegenbauer.html#scipy.special.gegenbauer
must,"Parameter, must be greater than -0.",https://docs.scipy.org/doc/scipy/reference/generated/scipy.special.gegenbauer.html#scipy.special.gegenbauer
note,Notes,https://docs.scipy.org/doc/scipy/reference/generated/scipy.special.gegenbauer.html#scipy.special.gegenbauer
note,Release notes,https://docs.scipy.org/doc/scipy/reference/generated/scipy.special.sh_legendre.html#scipy.special.sh_legendre
note,Notes,https://docs.scipy.org/doc/scipy/reference/generated/scipy.special.sh_legendre.html#scipy.special.sh_legendre
note,Release notes,https://docs.scipy.org/doc/scipy/reference/generated/scipy.special.sh_chebyt.html#scipy.special.sh_chebyt
note,Notes,https://docs.scipy.org/doc/scipy/reference/generated/scipy.special.sh_chebyt.html#scipy.special.sh_chebyt
note,Release notes,https://docs.scipy.org/doc/scipy/reference/generated/scipy.special.sh_chebyu.html#scipy.special.sh_chebyu
note,Notes,https://docs.scipy.org/doc/scipy/reference/generated/scipy.special.sh_chebyu.html#scipy.special.sh_chebyu
note,Release notes,https://docs.scipy.org/doc/scipy/reference/generated/scipy.special.sh_jacobi.html#scipy.special.sh_jacobi
must,"Parameter, must have \(p > q - 1\).",https://docs.scipy.org/doc/scipy/reference/generated/scipy.special.sh_jacobi.html#scipy.special.sh_jacobi
must,"Parameter, must be greater than 0.",https://docs.scipy.org/doc/scipy/reference/generated/scipy.special.sh_jacobi.html#scipy.special.sh_jacobi
note,Notes,https://docs.scipy.org/doc/scipy/reference/generated/scipy.special.sh_jacobi.html#scipy.special.sh_jacobi
note,Release notes,https://docs.scipy.org/doc/scipy/reference/generated/scipy.special.hyp2f1.html#scipy.special.hyp2f1
should,"Arguments, should be real-valued.",https://docs.scipy.org/doc/scipy/reference/generated/scipy.special.hyp2f1.html#scipy.special.hyp2f1
note,Notes,https://docs.scipy.org/doc/scipy/reference/generated/scipy.special.hyp2f1.html#scipy.special.hyp2f1
note,Release notes,https://docs.scipy.org/doc/scipy/reference/generated/scipy.special.hyp1f1.html#scipy.special.hyp1f1
note,Release notes,https://docs.scipy.org/doc/scipy/reference/generated/scipy.special.hyperu.html#scipy.special.hyperu
note,Release notes,https://docs.scipy.org/doc/scipy/reference/generated/scipy.special.hyp0f1.html#scipy.special.hyp0f1
note,Notes,https://docs.scipy.org/doc/scipy/reference/generated/scipy.special.hyp0f1.html#scipy.special.hyp0f1
note,Release notes,https://docs.scipy.org/doc/scipy/reference/generated/scipy.special.pbdv.html#scipy.special.pbdv
note,Release notes,https://docs.scipy.org/doc/scipy/reference/generated/scipy.special.pbvv.html#scipy.special.pbvv
note,Release notes,https://docs.scipy.org/doc/scipy/reference/generated/scipy.special.pbwa.html#scipy.special.pbwa
note,Notes,https://docs.scipy.org/doc/scipy/reference/generated/scipy.special.pbwa.html#scipy.special.pbwa
only,"The implementation is accurate only for |a|, |x| < 5 and
returns NaN outside that range.",https://docs.scipy.org/doc/scipy/reference/generated/scipy.special.pbwa.html#scipy.special.pbwa
note,Release notes,https://docs.scipy.org/doc/scipy/reference/generated/scipy.special.pbdv_seq.html#scipy.special.pbdv_seq
note,Release notes,https://docs.scipy.org/doc/scipy/reference/generated/scipy.special.pbvv_seq.html#scipy.special.pbvv_seq
note,Release notes,https://docs.scipy.org/doc/scipy/reference/generated/scipy.special.pbdn_seq.html#scipy.special.pbdn_seq
note,Release notes,https://docs.scipy.org/doc/scipy/reference/generated/scipy.special.mathieu_a.html#scipy.special.mathieu_a
note,Release notes,https://docs.scipy.org/doc/scipy/reference/generated/scipy.special.mathieu_b.html#scipy.special.mathieu_b
note,Release notes,https://docs.scipy.org/doc/scipy/reference/generated/scipy.special.mathieu_even_coef.html#scipy.special.mathieu_even_coef
must,Must be non-negative.,https://docs.scipy.org/doc/scipy/reference/generated/scipy.special.mathieu_even_coef.html#scipy.special.mathieu_even_coef
must,Must be non-negative.,https://docs.scipy.org/doc/scipy/reference/generated/scipy.special.mathieu_even_coef.html#scipy.special.mathieu_even_coef
note,Release notes,https://docs.scipy.org/doc/scipy/reference/generated/scipy.special.mathieu_odd_coef.html#scipy.special.mathieu_odd_coef
must,Must be non-negative.,https://docs.scipy.org/doc/scipy/reference/generated/scipy.special.mathieu_odd_coef.html#scipy.special.mathieu_odd_coef
must,Must be non-negative.,https://docs.scipy.org/doc/scipy/reference/generated/scipy.special.mathieu_odd_coef.html#scipy.special.mathieu_odd_coef
note,Release notes,https://docs.scipy.org/doc/scipy/reference/generated/scipy.special.mathieu_cem.html#scipy.special.mathieu_cem
note,Release notes,https://docs.scipy.org/doc/scipy/reference/generated/scipy.special.mathieu_sem.html#scipy.special.mathieu_sem
note,Release notes,https://docs.scipy.org/doc/scipy/reference/generated/scipy.special.mathieu_modcem1.html#scipy.special.mathieu_modcem1
note,Release notes,https://docs.scipy.org/doc/scipy/reference/generated/scipy.special.mathieu_modcem2.html#scipy.special.mathieu_modcem2
note,Release notes,https://docs.scipy.org/doc/scipy/reference/generated/scipy.special.mathieu_modsem1.html#scipy.special.mathieu_modsem1
note,Release notes,https://docs.scipy.org/doc/scipy/reference/generated/scipy.special.mathieu_modsem2.html#scipy.special.mathieu_modsem2
note,Release notes,https://docs.scipy.org/doc/scipy/reference/generated/scipy.special.pro_ang1.html#scipy.special.pro_ang1
note,Release notes,https://docs.scipy.org/doc/scipy/reference/generated/scipy.special.pro_rad1.html#scipy.special.pro_rad1
note,Release notes,https://docs.scipy.org/doc/scipy/reference/generated/scipy.special.pro_rad2.html#scipy.special.pro_rad2
note,Release notes,https://docs.scipy.org/doc/scipy/reference/generated/scipy.special.obl_ang1.html#scipy.special.obl_ang1
note,Release notes,https://docs.scipy.org/doc/scipy/reference/generated/scipy.special.obl_rad1.html#scipy.special.obl_rad1
note,Release notes,https://docs.scipy.org/doc/scipy/reference/generated/scipy.special.obl_rad2.html#scipy.special.obl_rad2
note,Release notes,https://docs.scipy.org/doc/scipy/reference/generated/scipy.special.pro_cv.html#scipy.special.pro_cv
note,Release notes,https://docs.scipy.org/doc/scipy/reference/generated/scipy.special.obl_cv.html#scipy.special.obl_cv
note,Release notes,https://docs.scipy.org/doc/scipy/reference/generated/scipy.special.pro_cv_seq.html#scipy.special.pro_cv_seq
note,Release notes,https://docs.scipy.org/doc/scipy/reference/generated/scipy.special.obl_cv_seq.html#scipy.special.obl_cv_seq
note,Release notes,https://docs.scipy.org/doc/scipy/reference/generated/scipy.special.pro_ang1_cv.html#scipy.special.pro_ang1_cv
note,Release notes,https://docs.scipy.org/doc/scipy/reference/generated/scipy.special.pro_rad1_cv.html#scipy.special.pro_rad1_cv
note,Release notes,https://docs.scipy.org/doc/scipy/reference/generated/scipy.special.pro_rad2_cv.html#scipy.special.pro_rad2_cv
note,Release notes,https://docs.scipy.org/doc/scipy/reference/generated/scipy.special.obl_ang1_cv.html#scipy.special.obl_ang1_cv
note,Release notes,https://docs.scipy.org/doc/scipy/reference/generated/scipy.special.obl_rad1_cv.html#scipy.special.obl_rad1_cv
note,Release notes,https://docs.scipy.org/doc/scipy/reference/generated/scipy.special.obl_rad2_cv.html#scipy.special.obl_rad2_cv
note,Release notes,https://docs.scipy.org/doc/scipy/reference/generated/scipy.special.kelvin.html#scipy.special.kelvin
note,Release notes,https://docs.scipy.org/doc/scipy/reference/generated/scipy.special.kelvin_zeros.html#scipy.special.kelvin_zeros
note,Release notes,https://docs.scipy.org/doc/scipy/reference/generated/scipy.special.ber.html#scipy.special.ber
note,Release notes,https://docs.scipy.org/doc/scipy/reference/generated/scipy.special.bei.html#scipy.special.bei
note,Release notes,https://docs.scipy.org/doc/scipy/reference/generated/scipy.special.berp.html#scipy.special.berp
note,Release notes,https://docs.scipy.org/doc/scipy/reference/generated/scipy.special.beip.html#scipy.special.beip
note,Release notes,https://docs.scipy.org/doc/scipy/reference/generated/scipy.special.ker.html#scipy.special.ker
note,Release notes,https://docs.scipy.org/doc/scipy/reference/generated/scipy.special.kei.html#scipy.special.kei
note,Release notes,https://docs.scipy.org/doc/scipy/reference/generated/scipy.special.kerp.html#scipy.special.kerp
note,Release notes,https://docs.scipy.org/doc/scipy/reference/generated/scipy.special.keip.html#scipy.special.keip
note,Release notes,https://docs.scipy.org/doc/scipy/reference/generated/scipy.special.ber_zeros.html#scipy.special.ber_zeros
must,Must be positive.,https://docs.scipy.org/doc/scipy/reference/generated/scipy.special.ber_zeros.html#scipy.special.ber_zeros
note,Release notes,https://docs.scipy.org/doc/scipy/reference/generated/scipy.special.bei_zeros.html#scipy.special.bei_zeros
must,Must be positive.,https://docs.scipy.org/doc/scipy/reference/generated/scipy.special.bei_zeros.html#scipy.special.bei_zeros
note,Release notes,https://docs.scipy.org/doc/scipy/reference/generated/scipy.special.berp_zeros.html#scipy.special.berp_zeros
must,Must be positive.,https://docs.scipy.org/doc/scipy/reference/generated/scipy.special.berp_zeros.html#scipy.special.berp_zeros
note,Release notes,https://docs.scipy.org/doc/scipy/reference/generated/scipy.special.beip_zeros.html#scipy.special.beip_zeros
must,Must be positive.,https://docs.scipy.org/doc/scipy/reference/generated/scipy.special.beip_zeros.html#scipy.special.beip_zeros
note,Release notes,https://docs.scipy.org/doc/scipy/reference/generated/scipy.special.ker_zeros.html#scipy.special.ker_zeros
must,Must be positive.,https://docs.scipy.org/doc/scipy/reference/generated/scipy.special.ker_zeros.html#scipy.special.ker_zeros
note,Release notes,https://docs.scipy.org/doc/scipy/reference/generated/scipy.special.kei_zeros.html#scipy.special.kei_zeros
must,Must be positive.,https://docs.scipy.org/doc/scipy/reference/generated/scipy.special.kei_zeros.html#scipy.special.kei_zeros
note,Release notes,https://docs.scipy.org/doc/scipy/reference/generated/scipy.special.kerp_zeros.html#scipy.special.kerp_zeros
must,Must be positive.,https://docs.scipy.org/doc/scipy/reference/generated/scipy.special.kerp_zeros.html#scipy.special.kerp_zeros
note,Release notes,https://docs.scipy.org/doc/scipy/reference/generated/scipy.special.keip_zeros.html#scipy.special.keip_zeros
must,Must be positive.,https://docs.scipy.org/doc/scipy/reference/generated/scipy.special.keip_zeros.html#scipy.special.keip_zeros
note,Release notes,https://docs.scipy.org/doc/scipy/reference/generated/scipy.special.comb.html#scipy.special.comb
note,Notes,https://docs.scipy.org/doc/scipy/reference/generated/scipy.special.comb.html#scipy.special.comb
only,Array arguments accepted only for exact=False case.,https://docs.scipy.org/doc/scipy/reference/generated/scipy.special.comb.html#scipy.special.comb
only,Array arguments accepted only for exact=False case.,https://docs.scipy.org/doc/scipy/reference/generated/scipy.special.comb.html#scipy.special.comb
note,Release notes,https://docs.scipy.org/doc/scipy/reference/generated/scipy.special.perm.html#scipy.special.perm
note,Notes,https://docs.scipy.org/doc/scipy/reference/generated/scipy.special.perm.html#scipy.special.perm
only,Array arguments accepted only for exact=False case.,https://docs.scipy.org/doc/scipy/reference/generated/scipy.special.perm.html#scipy.special.perm
only,Array arguments accepted only for exact=False case.,https://docs.scipy.org/doc/scipy/reference/generated/scipy.special.perm.html#scipy.special.perm
note,Release notes,https://docs.scipy.org/doc/scipy/reference/generated/scipy.special.stirling2.html#scipy.special.stirling2
note,The numbers are sometimes denoted,https://docs.scipy.org/doc/scipy/reference/generated/scipy.special.stirling2.html#scipy.special.stirling2
note,"Note that these max relative errors will
decrease further as n increases.",https://docs.scipy.org/doc/scipy/reference/generated/scipy.special.stirling2.html#scipy.special.stirling2
note,Notes,https://docs.scipy.org/doc/scipy/reference/generated/scipy.special.stirling2.html#scipy.special.stirling2
must,"The input must contain either numpy or python integers otherwise a
TypeError is raised.",https://docs.scipy.org/doc/scipy/reference/generated/scipy.special.stirling2.html#scipy.special.stirling2
note,Release notes,https://docs.scipy.org/doc/scipy/reference/generated/scipy.special.lambertw.html#scipy.special.lambertw
note,Notes,https://docs.scipy.org/doc/scipy/reference/generated/scipy.special.lambertw.html#scipy.special.lambertw
note,Release notes,https://docs.scipy.org/doc/scipy/reference/generated/scipy.special.wrightomega.html#scipy.special.wrightomega
note,Notes,https://docs.scipy.org/doc/scipy/reference/generated/scipy.special.wrightomega.html#scipy.special.wrightomega
note,Release notes,https://docs.scipy.org/doc/scipy/reference/generated/scipy.special.agm.html#scipy.special.agm
only,Real values only.,https://docs.scipy.org/doc/scipy/reference/generated/scipy.special.agm.html#scipy.special.agm
note,Release notes,https://docs.scipy.org/doc/scipy/reference/generated/scipy.special.bernoulli.html#scipy.special.bernoulli
note,"Note that, in the notation used in the wikipedia article,
bernoulli computes B_n^- (i.",https://docs.scipy.org/doc/scipy/reference/generated/scipy.special.bernoulli.html#scipy.special.bernoulli
note,Release notes,https://docs.scipy.org/doc/scipy/reference/generated/scipy.special.binom.html#scipy.special.binom
note,Notes,https://docs.scipy.org/doc/scipy/reference/generated/scipy.special.binom.html#scipy.special.binom
note,Release notes,https://docs.scipy.org/doc/scipy/reference/generated/scipy.special.diric.html#scipy.special.diric
note,Release notes,https://docs.scipy.org/doc/scipy/reference/generated/scipy.special.euler.html#scipy.special.euler
note,Release notes,https://docs.scipy.org/doc/scipy/reference/generated/scipy.special.exp1.html#scipy.special.exp1
note,Notes,https://docs.scipy.org/doc/scipy/reference/generated/scipy.special.exp1.html#scipy.special.exp1
note,Release notes,https://docs.scipy.org/doc/scipy/reference/generated/scipy.special.expi.html#scipy.special.expi
note,Notes,https://docs.scipy.org/doc/scipy/reference/generated/scipy.special.expi.html#scipy.special.expi
note,Release notes,https://docs.scipy.org/doc/scipy/reference/generated/scipy.special.factorial.html#scipy.special.factorial
note,Notes,https://docs.scipy.org/doc/scipy/reference/generated/scipy.special.factorial.html#scipy.special.factorial
only once,"For arrays with exact=True, the factorial is computed only once, for
the largest input, with each other result computed in the process.",https://docs.scipy.org/doc/scipy/reference/generated/scipy.special.factorial.html#scipy.special.factorial
only,"For arrays with exact=True, the factorial is computed only once, for
the largest input, with each other result computed in the process.",https://docs.scipy.org/doc/scipy/reference/generated/scipy.special.factorial.html#scipy.special.factorial
note,Release notes,https://docs.scipy.org/doc/scipy/reference/generated/scipy.special.factorial2.html#scipy.special.factorial2
note,Release notes,https://docs.scipy.org/doc/scipy/reference/generated/scipy.special.factorialk.html#scipy.special.factorialk
note,Release notes,https://docs.scipy.org/doc/scipy/reference/generated/scipy.special.shichi.html#scipy.special.shichi
note,Notes,https://docs.scipy.org/doc/scipy/reference/generated/scipy.special.shichi.html#scipy.special.shichi
note,Release notes,https://docs.scipy.org/doc/scipy/reference/generated/scipy.special.softmax.html#scipy.special.softmax
note,Notes,https://docs.scipy.org/doc/scipy/reference/generated/scipy.special.softmax.html#scipy.special.softmax
note,Release notes,https://docs.scipy.org/doc/scipy/reference/generated/scipy.special.log_softmax.html#scipy.special.log_softmax
note,Notes,https://docs.scipy.org/doc/scipy/reference/generated/scipy.special.log_softmax.html#scipy.special.log_softmax
note,Release notes,https://docs.scipy.org/doc/scipy/reference/generated/scipy.special.spence.html#scipy.special.spence
note,Notes,https://docs.scipy.org/doc/scipy/reference/generated/scipy.special.spence.html#scipy.special.spence
note,Release notes,https://docs.scipy.org/doc/scipy/reference/generated/scipy.special.zeta.html#scipy.special.zeta
must,"Input data, must be real",https://docs.scipy.org/doc/scipy/reference/generated/scipy.special.zeta.html#scipy.special.zeta
must,"Input data, must be real.",https://docs.scipy.org/doc/scipy/reference/generated/scipy.special.zeta.html#scipy.special.zeta
note,Notes,https://docs.scipy.org/doc/scipy/reference/generated/scipy.special.zeta.html#scipy.special.zeta
note,Release notes,https://docs.scipy.org/doc/scipy/reference/generated/scipy.special.zetac.html#scipy.special.zetac
must,Values at which to compute zeta(x) - 1 (must be real).,https://docs.scipy.org/doc/scipy/reference/generated/scipy.special.zetac.html#scipy.special.zetac
note,Release notes,https://docs.scipy.org/doc/scipy/reference/generated/scipy.special.cbrt.html#scipy.special.cbrt
must,x must contain real numbers.,https://docs.scipy.org/doc/scipy/reference/generated/scipy.special.cbrt.html#scipy.special.cbrt
note,Release notes,https://docs.scipy.org/doc/scipy/reference/generated/scipy.special.exp10.html#scipy.special.exp10
must,x must contain real numbers.,https://docs.scipy.org/doc/scipy/reference/generated/scipy.special.exp10.html#scipy.special.exp10
note,Release notes,https://docs.scipy.org/doc/scipy/reference/generated/scipy.special.exp2.html#scipy.special.exp2
must,x must contain real numbers.,https://docs.scipy.org/doc/scipy/reference/generated/scipy.special.exp2.html#scipy.special.exp2
note,Release notes,https://docs.scipy.org/doc/scipy/reference/generated/scipy.special.radian.html#scipy.special.radian
note,Release notes,https://docs.scipy.org/doc/scipy/reference/generated/scipy.special.cosdg.html#scipy.special.cosdg
note,Release notes,https://docs.scipy.org/doc/scipy/reference/generated/scipy.special.sindg.html#scipy.special.sindg
note,Release notes,https://docs.scipy.org/doc/scipy/reference/generated/scipy.special.tandg.html#scipy.special.tandg
note,Release notes,https://docs.scipy.org/doc/scipy/reference/generated/scipy.special.cotdg.html#scipy.special.cotdg
note,Release notes,https://docs.scipy.org/doc/scipy/reference/generated/scipy.special.log1p.html#scipy.special.log1p
note,"Note that in the below example 1 + 1e-17 == 1 to
double precision.",https://docs.scipy.org/doc/scipy/reference/generated/scipy.special.log1p.html#scipy.special.log1p
note,Release notes,https://docs.scipy.org/doc/scipy/reference/generated/scipy.special.expm1.html#scipy.special.expm1
must,x must contain real numbers.,https://docs.scipy.org/doc/scipy/reference/generated/scipy.special.expm1.html#scipy.special.expm1
note,Release notes,https://docs.scipy.org/doc/scipy/reference/generated/scipy.special.cosm1.html#scipy.special.cosm1
note,Release notes,https://docs.scipy.org/doc/scipy/reference/generated/scipy.special.powm1.html#scipy.special.powm1
only,The function is implemented for real types only (unlike numpy.,https://docs.scipy.org/doc/scipy/reference/generated/scipy.special.powm1.html#scipy.special.powm1
must,Must be a real type (i.,https://docs.scipy.org/doc/scipy/reference/generated/scipy.special.powm1.html#scipy.special.powm1
must,Must be a real type (i.,https://docs.scipy.org/doc/scipy/reference/generated/scipy.special.powm1.html#scipy.special.powm1
note,Notes,https://docs.scipy.org/doc/scipy/reference/generated/scipy.special.powm1.html#scipy.special.powm1
only,"The underlying code is implemented for single precision and double
precision floats only.",https://docs.scipy.org/doc/scipy/reference/generated/scipy.special.powm1.html#scipy.special.powm1
note,Note the following edge cases:,https://docs.scipy.org/doc/scipy/reference/generated/scipy.special.powm1.html#scipy.special.powm1
note,Release notes,https://docs.scipy.org/doc/scipy/reference/generated/scipy.special.round.html#scipy.special.round
note,Release notes,https://docs.scipy.org/doc/scipy/reference/generated/scipy.special.xlogy.html#scipy.special.xlogy
note,Notes,https://docs.scipy.org/doc/scipy/reference/generated/scipy.special.xlogy.html#scipy.special.xlogy
note,Release notes,https://docs.scipy.org/doc/scipy/reference/generated/scipy.special.xlog1py.html#scipy.special.xlog1py
note,Notes,https://docs.scipy.org/doc/scipy/reference/generated/scipy.special.xlog1py.html#scipy.special.xlog1py
note,Release notes,https://docs.scipy.org/doc/scipy/reference/generated/scipy.special.logsumexp.html#scipy.special.logsumexp
must,"Scaling factor for exp(a) must be of the same shape as a or
broadcastable to a.",https://docs.scipy.org/doc/scipy/reference/generated/scipy.special.logsumexp.html#scipy.special.logsumexp
only,"If False, only one result is returned.",https://docs.scipy.org/doc/scipy/reference/generated/scipy.special.logsumexp.html#scipy.special.logsumexp
note,Notes,https://docs.scipy.org/doc/scipy/reference/generated/scipy.special.logsumexp.html#scipy.special.logsumexp
only,"NumPy has a logaddexp function which is very similar to logsumexp, but
only handles two arguments.",https://docs.scipy.org/doc/scipy/reference/generated/scipy.special.logsumexp.html#scipy.special.logsumexp
note,Release notes,https://docs.scipy.org/doc/scipy/reference/generated/scipy.special.exprel.html#scipy.special.exprel
must,x must contain real numbers.,https://docs.scipy.org/doc/scipy/reference/generated/scipy.special.exprel.html#scipy.special.exprel
note,Notes,https://docs.scipy.org/doc/scipy/reference/generated/scipy.special.exprel.html#scipy.special.exprel
note,Release notes,https://docs.scipy.org/doc/scipy/reference/generated/scipy.special.sinc.html#scipy.special.sinc
only,"sinc(0) takes the limit value 1, making sinc not
only everywhere continuous but also infinitely differentiable.",https://docs.scipy.org/doc/scipy/reference/generated/scipy.special.sinc.html#scipy.special.sinc
note,Note,https://docs.scipy.org/doc/scipy/reference/generated/scipy.special.sinc.html#scipy.special.sinc
note,Note the normalization factor of pi used in the definition.,https://docs.scipy.org/doc/scipy/reference/generated/scipy.special.sinc.html#scipy.special.sinc
only,This is the most commonly used definition in signal processing.,https://docs.scipy.org/doc/scipy/reference/generated/scipy.special.sinc.html#scipy.special.sinc
note,Notes,https://docs.scipy.org/doc/scipy/reference/generated/scipy.special.sinc.html#scipy.special.sinc
note,Release notes,https://docs.scipy.org/doc/scipy/reference/generated/scipy.stats.rv_continuous.html#scipy.stats.rv_continuous
note,"Note: longname exists
for backwards compatibility, do not use for new subclasses.",https://docs.scipy.org/doc/scipy/reference/generated/scipy.stats.rv_continuous.html#scipy.stats.rv_continuous
note,Notes,https://docs.scipy.org/doc/scipy/reference/generated/scipy.stats.rv_continuous.html#scipy.stats.rv_continuous
must,"If either of the endpoints of
the support do depend on the shape parameters, then
i) the distribution must implement the _get_support method; and
ii) those dependent endpoints must be omitted from the distribution’s
call to the rv_continuous initializer.",https://docs.scipy.org/doc/scipy/reference/generated/scipy.stats.rv_continuous.html#scipy.stats.rv_continuous
should,"If possible, you should override _isf, _sf or _logsf.",https://docs.scipy.org/doc/scipy/reference/generated/scipy.stats.rv_continuous.html#scipy.stats.rv_continuous
note,A note on shapes: subclasses need not specify them explicitly.,https://docs.scipy.org/doc/scipy/reference/generated/scipy.stats.rv_continuous.html#scipy.stats.rv_continuous
must,"Normally, you must provide shape parameters (and, optionally, location and
scale parameters to each call of a method of a distribution.",https://docs.scipy.org/doc/scipy/reference/generated/scipy.stats.rv_continuous.html#scipy.stats.rv_continuous
only,"Only the components appearing in string should be computed and
returned in the order “m”, “v”, “s”, or “k”  with missing values
returned as None.",https://docs.scipy.org/doc/scipy/reference/generated/scipy.stats.rv_continuous.html#scipy.stats.rv_continuous
should,"Only the components appearing in string should be computed and
returned in the order “m”, “v”, “s”, or “k”  with missing values
returned as None.",https://docs.scipy.org/doc/scipy/reference/generated/scipy.stats.rv_continuous.html#scipy.stats.rv_continuous
only,"Only the components appearing in string should be computed and
returned in the order “m”, “v”, “s”, or “k”  with missing values
returned as None.",https://docs.scipy.org/doc/scipy/reference/generated/scipy.stats.rv_continuous.html#scipy.stats.rv_continuous
should,"Only the components appearing in string should be computed and
returned in the order “m”, “v”, “s”, or “k”  with missing values
returned as None.",https://docs.scipy.org/doc/scipy/reference/generated/scipy.stats.rv_continuous.html#scipy.stats.rv_continuous
note,"Note that above we defined a standard normal distribution, with zero mean
and unit variance.",https://docs.scipy.org/doc/scipy/reference/generated/scipy.stats.rv_continuous.html#scipy.stats.rv_continuous
note,Release notes,https://docs.scipy.org/doc/scipy/reference/generated/scipy.stats.rv_histogram.html#scipy.stats.rv_histogram
note,"For constant bin widths, these are equivalent, but the distinction
is important when bin widths vary (see Notes).",https://docs.scipy.org/doc/scipy/reference/generated/scipy.stats.rv_histogram.html#scipy.stats.rv_histogram
warning,"Set density explicitly
to silence the warning.",https://docs.scipy.org/doc/scipy/reference/generated/scipy.stats.rv_histogram.html#scipy.stats.rv_histogram
note,Notes,https://docs.scipy.org/doc/scipy/reference/generated/scipy.stats.rv_histogram.html#scipy.stats.rv_histogram
should,"histogram is
called with its default density=False, the resulting histogram is the
number of counts per bin, so density=False should be passed to
rv_histogram.",https://docs.scipy.org/doc/scipy/reference/generated/scipy.stats.rv_histogram.html#scipy.stats.rv_histogram
should,"histogram is called with density=True, the
resulting histogram is in terms of probability density, so density=True
should be passed to rv_histogram.",https://docs.scipy.org/doc/scipy/reference/generated/scipy.stats.rv_histogram.html#scipy.stats.rv_histogram
warning,"To avoid warnings, always pass
density explicitly when the input histogram has unequal bin widths.",https://docs.scipy.org/doc/scipy/reference/generated/scipy.stats.rv_histogram.html#scipy.stats.rv_histogram
note,Release notes,https://docs.scipy.org/doc/scipy/reference/generated/scipy.stats.alpha.html#scipy.stats.alpha
note,Notes,https://docs.scipy.org/doc/scipy/reference/generated/scipy.stats.alpha.html#scipy.stats.alpha
note,"Note that shifting the location of a distribution
does not make it a “noncentral” distribution; noncentral generalizations of
some distributions are available in separate classes.",https://docs.scipy.org/doc/scipy/reference/generated/scipy.stats.alpha.html#scipy.stats.alpha
note,Release notes,https://docs.scipy.org/doc/scipy/reference/generated/scipy.stats.anglit.html#scipy.stats.anglit
note,Notes,https://docs.scipy.org/doc/scipy/reference/generated/scipy.stats.anglit.html#scipy.stats.anglit
note,"Note that shifting the location of a distribution
does not make it a “noncentral” distribution; noncentral generalizations of
some distributions are available in separate classes.",https://docs.scipy.org/doc/scipy/reference/generated/scipy.stats.anglit.html#scipy.stats.anglit
note,Release notes,https://docs.scipy.org/doc/scipy/reference/generated/scipy.stats.arcsine.html#scipy.stats.arcsine
note,Notes,https://docs.scipy.org/doc/scipy/reference/generated/scipy.stats.arcsine.html#scipy.stats.arcsine
note,"Note that shifting the location of a distribution
does not make it a “noncentral” distribution; noncentral generalizations of
some distributions are available in separate classes.",https://docs.scipy.org/doc/scipy/reference/generated/scipy.stats.arcsine.html#scipy.stats.arcsine
note,Release notes,https://docs.scipy.org/doc/scipy/reference/generated/scipy.stats.argus.html#scipy.stats.argus
note,Notes,https://docs.scipy.org/doc/scipy/reference/generated/scipy.stats.argus.html#scipy.stats.argus
note,"Note that shifting the location of a distribution
does not make it a “noncentral” distribution; noncentral generalizations of
some distributions are available in separate classes.",https://docs.scipy.org/doc/scipy/reference/generated/scipy.stats.argus.html#scipy.stats.argus
note,Release notes,https://docs.scipy.org/doc/scipy/reference/generated/scipy.stats.beta.html#scipy.stats.beta
note,Notes,https://docs.scipy.org/doc/scipy/reference/generated/scipy.stats.beta.html#scipy.stats.beta
note,"Note that shifting the location of a distribution
does not make it a “noncentral” distribution; noncentral generalizations of
some distributions are available in separate classes.",https://docs.scipy.org/doc/scipy/reference/generated/scipy.stats.beta.html#scipy.stats.beta
note,Release notes,https://docs.scipy.org/doc/scipy/reference/generated/scipy.stats.betaprime.html#scipy.stats.betaprime
note,Notes,https://docs.scipy.org/doc/scipy/reference/generated/scipy.stats.betaprime.html#scipy.stats.betaprime
note,"Note that shifting the location of a distribution
does not make it a “noncentral” distribution; noncentral generalizations of
some distributions are available in separate classes.",https://docs.scipy.org/doc/scipy/reference/generated/scipy.stats.betaprime.html#scipy.stats.betaprime
note,Release notes,https://docs.scipy.org/doc/scipy/reference/generated/scipy.stats.bradford.html#scipy.stats.bradford
note,Notes,https://docs.scipy.org/doc/scipy/reference/generated/scipy.stats.bradford.html#scipy.stats.bradford
note,"Note that shifting the location of a distribution
does not make it a “noncentral” distribution; noncentral generalizations of
some distributions are available in separate classes.",https://docs.scipy.org/doc/scipy/reference/generated/scipy.stats.bradford.html#scipy.stats.bradford
note,Release notes,https://docs.scipy.org/doc/scipy/reference/generated/scipy.stats.burr.html#scipy.stats.burr
note,Notes,https://docs.scipy.org/doc/scipy/reference/generated/scipy.stats.burr.html#scipy.stats.burr
only,"The distribution
is also commonly referred to as the Dagum distribution [2].",https://docs.scipy.org/doc/scipy/reference/generated/scipy.stats.burr.html#scipy.stats.burr
note,"Note that shifting the location of a distribution
does not make it a “noncentral” distribution; noncentral generalizations of
some distributions are available in separate classes.",https://docs.scipy.org/doc/scipy/reference/generated/scipy.stats.burr.html#scipy.stats.burr
note,Release notes,https://docs.scipy.org/doc/scipy/reference/generated/scipy.stats.burr12.html#scipy.stats.burr12
note,Notes,https://docs.scipy.org/doc/scipy/reference/generated/scipy.stats.burr12.html#scipy.stats.burr12
note,"Note that shifting the location of a distribution
does not make it a “noncentral” distribution; noncentral generalizations of
some distributions are available in separate classes.",https://docs.scipy.org/doc/scipy/reference/generated/scipy.stats.burr12.html#scipy.stats.burr12
note,Release notes,https://docs.scipy.org/doc/scipy/reference/generated/scipy.stats.cauchy.html#scipy.stats.cauchy
note,Notes,https://docs.scipy.org/doc/scipy/reference/generated/scipy.stats.cauchy.html#scipy.stats.cauchy
note,"Note that shifting the location of a distribution
does not make it a “noncentral” distribution; noncentral generalizations of
some distributions are available in separate classes.",https://docs.scipy.org/doc/scipy/reference/generated/scipy.stats.cauchy.html#scipy.stats.cauchy
note,Release notes,https://docs.scipy.org/doc/scipy/reference/generated/scipy.stats.chi.html#scipy.stats.chi
note,Notes,https://docs.scipy.org/doc/scipy/reference/generated/scipy.stats.chi.html#scipy.stats.chi
note,"for \(x >= 0\) and \(k > 0\) (degrees of freedom, denoted df
in the implementation).",https://docs.scipy.org/doc/scipy/reference/generated/scipy.stats.chi.html#scipy.stats.chi
note,"Note that shifting the location of a distribution
does not make it a “noncentral” distribution; noncentral generalizations of
some distributions are available in separate classes.",https://docs.scipy.org/doc/scipy/reference/generated/scipy.stats.chi.html#scipy.stats.chi
note,Release notes,https://docs.scipy.org/doc/scipy/reference/generated/scipy.stats.chi2.html#scipy.stats.chi2
note,Notes,https://docs.scipy.org/doc/scipy/reference/generated/scipy.stats.chi2.html#scipy.stats.chi2
note,"for \(x > 0\)  and \(k > 0\) (degrees of freedom, denoted df
in the implementation).",https://docs.scipy.org/doc/scipy/reference/generated/scipy.stats.chi2.html#scipy.stats.chi2
note,"Note that shifting the location of a distribution
does not make it a “noncentral” distribution; noncentral generalizations of
some distributions are available in separate classes.",https://docs.scipy.org/doc/scipy/reference/generated/scipy.stats.chi2.html#scipy.stats.chi2
note,Release notes,https://docs.scipy.org/doc/scipy/reference/generated/scipy.stats.cosine.html#scipy.stats.cosine
note,Notes,https://docs.scipy.org/doc/scipy/reference/generated/scipy.stats.cosine.html#scipy.stats.cosine
note,"Note that shifting the location of a distribution
does not make it a “noncentral” distribution; noncentral generalizations of
some distributions are available in separate classes.",https://docs.scipy.org/doc/scipy/reference/generated/scipy.stats.cosine.html#scipy.stats.cosine
note,Release notes,https://docs.scipy.org/doc/scipy/reference/generated/scipy.stats.crystalball.html#scipy.stats.crystalball
note,Notes,https://docs.scipy.org/doc/scipy/reference/generated/scipy.stats.crystalball.html#scipy.stats.crystalball
note,"Note that shifting the location of a distribution
does not make it a “noncentral” distribution; noncentral generalizations of
some distributions are available in separate classes.",https://docs.scipy.org/doc/scipy/reference/generated/scipy.stats.crystalball.html#scipy.stats.crystalball
note,Release notes,https://docs.scipy.org/doc/scipy/reference/generated/scipy.stats.dgamma.html#scipy.stats.dgamma
note,Notes,https://docs.scipy.org/doc/scipy/reference/generated/scipy.stats.dgamma.html#scipy.stats.dgamma
note,"Note that shifting the location of a distribution
does not make it a “noncentral” distribution; noncentral generalizations of
some distributions are available in separate classes.",https://docs.scipy.org/doc/scipy/reference/generated/scipy.stats.dgamma.html#scipy.stats.dgamma
note,Release notes,https://docs.scipy.org/doc/scipy/reference/generated/scipy.stats.dweibull.html#scipy.stats.dweibull
note,Notes,https://docs.scipy.org/doc/scipy/reference/generated/scipy.stats.dweibull.html#scipy.stats.dweibull
note,"Note that shifting the location of a distribution
does not make it a “noncentral” distribution; noncentral generalizations of
some distributions are available in separate classes.",https://docs.scipy.org/doc/scipy/reference/generated/scipy.stats.dweibull.html#scipy.stats.dweibull
note,Release notes,https://docs.scipy.org/doc/scipy/reference/generated/scipy.stats.erlang.html#scipy.stats.erlang
note,Notes,https://docs.scipy.org/doc/scipy/reference/generated/scipy.stats.erlang.html#scipy.stats.erlang
note,"Note that this restriction is not
enforced by erlang.",https://docs.scipy.org/doc/scipy/reference/generated/scipy.stats.erlang.html#scipy.stats.erlang
warning,"It will, however, generate a warning the first time
a non-integer value is used for the shape parameter.",https://docs.scipy.org/doc/scipy/reference/generated/scipy.stats.erlang.html#scipy.stats.erlang
note,Release notes,https://docs.scipy.org/doc/scipy/reference/generated/scipy.stats.expon.html#scipy.stats.expon
note,Notes,https://docs.scipy.org/doc/scipy/reference/generated/scipy.stats.expon.html#scipy.stats.expon
note,"Note that shifting the location of a distribution
does not make it a “noncentral” distribution; noncentral generalizations of
some distributions are available in separate classes.",https://docs.scipy.org/doc/scipy/reference/generated/scipy.stats.expon.html#scipy.stats.expon
note,Release notes,https://docs.scipy.org/doc/scipy/reference/generated/scipy.stats.exponnorm.html#scipy.stats.exponnorm
note,Notes,https://docs.scipy.org/doc/scipy/reference/generated/scipy.stats.exponnorm.html#scipy.stats.exponnorm
note,"Note that shifting the location of a distribution
does not make it a “noncentral” distribution; noncentral generalizations of
some distributions are available in separate classes.",https://docs.scipy.org/doc/scipy/reference/generated/scipy.stats.exponnorm.html#scipy.stats.exponnorm
note,Release notes,https://docs.scipy.org/doc/scipy/reference/generated/scipy.stats.exponweib.html#scipy.stats.exponweib
note,Notes,https://docs.scipy.org/doc/scipy/reference/generated/scipy.stats.exponweib.html#scipy.stats.exponweib
note,"Note that shifting the location of a distribution
does not make it a “noncentral” distribution; noncentral generalizations of
some distributions are available in separate classes.",https://docs.scipy.org/doc/scipy/reference/generated/scipy.stats.exponweib.html#scipy.stats.exponweib
note,Release notes,https://docs.scipy.org/doc/scipy/reference/generated/scipy.stats.exponpow.html#scipy.stats.exponpow
note,Notes,https://docs.scipy.org/doc/scipy/reference/generated/scipy.stats.exponpow.html#scipy.stats.exponpow
note,"Note that this is a different
distribution from the exponential power distribution that is also known
under the names “generalized normal” or “generalized Gaussian”.",https://docs.scipy.org/doc/scipy/reference/generated/scipy.stats.exponpow.html#scipy.stats.exponpow
note,"Note that shifting the location of a distribution
does not make it a “noncentral” distribution; noncentral generalizations of
some distributions are available in separate classes.",https://docs.scipy.org/doc/scipy/reference/generated/scipy.stats.exponpow.html#scipy.stats.exponpow
note,Release notes,https://docs.scipy.org/doc/scipy/reference/generated/scipy.stats.f.html#scipy.stats.f
note,Notes,https://docs.scipy.org/doc/scipy/reference/generated/scipy.stats.f.html#scipy.stats.f
note,"Note that shifting the location of a distribution
does not make it a “noncentral” distribution; noncentral generalizations of
some distributions are available in separate classes.",https://docs.scipy.org/doc/scipy/reference/generated/scipy.stats.f.html#scipy.stats.f
note,Release notes,https://docs.scipy.org/doc/scipy/reference/generated/scipy.stats.fatiguelife.html#scipy.stats.fatiguelife
note,Notes,https://docs.scipy.org/doc/scipy/reference/generated/scipy.stats.fatiguelife.html#scipy.stats.fatiguelife
note,"Note that shifting the location of a distribution
does not make it a “noncentral” distribution; noncentral generalizations of
some distributions are available in separate classes.",https://docs.scipy.org/doc/scipy/reference/generated/scipy.stats.fatiguelife.html#scipy.stats.fatiguelife
note,Release notes,https://docs.scipy.org/doc/scipy/reference/generated/scipy.stats.fisk.html#scipy.stats.fisk
note,Notes,https://docs.scipy.org/doc/scipy/reference/generated/scipy.stats.fisk.html#scipy.stats.fisk
note,"Please note that the above expression can be transformed into the following
one, which is also commonly used:",https://docs.scipy.org/doc/scipy/reference/generated/scipy.stats.fisk.html#scipy.stats.fisk
only,"Please note that the above expression can be transformed into the following
one, which is also commonly used:",https://docs.scipy.org/doc/scipy/reference/generated/scipy.stats.fisk.html#scipy.stats.fisk
note,"Note that shifting the location of a distribution
does not make it a “noncentral” distribution; noncentral generalizations of
some distributions are available in separate classes.",https://docs.scipy.org/doc/scipy/reference/generated/scipy.stats.fisk.html#scipy.stats.fisk
note,Release notes,https://docs.scipy.org/doc/scipy/reference/generated/scipy.stats.foldcauchy.html#scipy.stats.foldcauchy
note,Notes,https://docs.scipy.org/doc/scipy/reference/generated/scipy.stats.foldcauchy.html#scipy.stats.foldcauchy
note,Release notes,https://docs.scipy.org/doc/scipy/reference/generated/scipy.stats.foldnorm.html#scipy.stats.foldnorm
note,Notes,https://docs.scipy.org/doc/scipy/reference/generated/scipy.stats.foldnorm.html#scipy.stats.foldnorm
note,"Note that shifting the location of a distribution
does not make it a “noncentral” distribution; noncentral generalizations of
some distributions are available in separate classes.",https://docs.scipy.org/doc/scipy/reference/generated/scipy.stats.foldnorm.html#scipy.stats.foldnorm
note,Release notes,https://docs.scipy.org/doc/scipy/reference/generated/scipy.stats.genlogistic.html#scipy.stats.genlogistic
note,Notes,https://docs.scipy.org/doc/scipy/reference/generated/scipy.stats.genlogistic.html#scipy.stats.genlogistic
note,"Note that shifting the location of a distribution
does not make it a “noncentral” distribution; noncentral generalizations of
some distributions are available in separate classes.",https://docs.scipy.org/doc/scipy/reference/generated/scipy.stats.genlogistic.html#scipy.stats.genlogistic
note,Release notes,https://docs.scipy.org/doc/scipy/reference/generated/scipy.stats.gennorm.html#scipy.stats.gennorm
note,Notes,https://docs.scipy.org/doc/scipy/reference/generated/scipy.stats.gennorm.html#scipy.stats.gennorm
note,Release notes,https://docs.scipy.org/doc/scipy/reference/generated/scipy.stats.genpareto.html#scipy.stats.genpareto
note,Notes,https://docs.scipy.org/doc/scipy/reference/generated/scipy.stats.genpareto.html#scipy.stats.genpareto
note,"Note that shifting the location of a distribution
does not make it a “noncentral” distribution; noncentral generalizations of
some distributions are available in separate classes.",https://docs.scipy.org/doc/scipy/reference/generated/scipy.stats.genpareto.html#scipy.stats.genpareto
note,Release notes,https://docs.scipy.org/doc/scipy/reference/generated/scipy.stats.genexpon.html#scipy.stats.genexpon
note,Notes,https://docs.scipy.org/doc/scipy/reference/generated/scipy.stats.genexpon.html#scipy.stats.genexpon
note,"Note that shifting the location of a distribution
does not make it a “noncentral” distribution; noncentral generalizations of
some distributions are available in separate classes.",https://docs.scipy.org/doc/scipy/reference/generated/scipy.stats.genexpon.html#scipy.stats.genexpon
note,Release notes,https://docs.scipy.org/doc/scipy/reference/generated/scipy.stats.genextreme.html#scipy.stats.genextreme
note,Notes,https://docs.scipy.org/doc/scipy/reference/generated/scipy.stats.genextreme.html#scipy.stats.genextreme
note,"Note that several sources and software packages use the opposite
convention for the sign of the shape parameter \(c\).",https://docs.scipy.org/doc/scipy/reference/generated/scipy.stats.genextreme.html#scipy.stats.genextreme
note,"Note that shifting the location of a distribution
does not make it a “noncentral” distribution; noncentral generalizations of
some distributions are available in separate classes.",https://docs.scipy.org/doc/scipy/reference/generated/scipy.stats.genextreme.html#scipy.stats.genextreme
note,Release notes,https://docs.scipy.org/doc/scipy/reference/generated/scipy.stats.gausshyper.html#scipy.stats.gausshyper
note,Notes,https://docs.scipy.org/doc/scipy/reference/generated/scipy.stats.gausshyper.html#scipy.stats.gausshyper
note,"Note that shifting the location of a distribution
does not make it a “noncentral” distribution; noncentral generalizations of
some distributions are available in separate classes.",https://docs.scipy.org/doc/scipy/reference/generated/scipy.stats.gausshyper.html#scipy.stats.gausshyper
note,Release notes,https://docs.scipy.org/doc/scipy/reference/generated/scipy.stats.gamma.html#scipy.stats.gamma
note,Notes,https://docs.scipy.org/doc/scipy/reference/generated/scipy.stats.gamma.html#scipy.stats.gamma
note,"Note that this parameterization is equivalent to the above, with
scale = 1 / beta.",https://docs.scipy.org/doc/scipy/reference/generated/scipy.stats.gamma.html#scipy.stats.gamma
note,"Note that shifting the location of a distribution
does not make it a “noncentral” distribution; noncentral generalizations of
some distributions are available in separate classes.",https://docs.scipy.org/doc/scipy/reference/generated/scipy.stats.gamma.html#scipy.stats.gamma
note,Release notes,https://docs.scipy.org/doc/scipy/reference/generated/scipy.stats.gengamma.html#scipy.stats.gengamma
note,Notes,https://docs.scipy.org/doc/scipy/reference/generated/scipy.stats.gengamma.html#scipy.stats.gengamma
note,"Note that shifting the location of a distribution
does not make it a “noncentral” distribution; noncentral generalizations of
some distributions are available in separate classes.",https://docs.scipy.org/doc/scipy/reference/generated/scipy.stats.gengamma.html#scipy.stats.gengamma
note,Release notes,https://docs.scipy.org/doc/scipy/reference/generated/scipy.stats.genhalflogistic.html#scipy.stats.genhalflogistic
note,Notes,https://docs.scipy.org/doc/scipy/reference/generated/scipy.stats.genhalflogistic.html#scipy.stats.genhalflogistic
note,"Note that shifting the location of a distribution
does not make it a “noncentral” distribution; noncentral generalizations of
some distributions are available in separate classes.",https://docs.scipy.org/doc/scipy/reference/generated/scipy.stats.genhalflogistic.html#scipy.stats.genhalflogistic
note,Release notes,https://docs.scipy.org/doc/scipy/reference/generated/scipy.stats.genhyperbolic.html#scipy.stats.genhyperbolic
note,Notes,https://docs.scipy.org/doc/scipy/reference/generated/scipy.stats.genhyperbolic.html#scipy.stats.genhyperbolic
note,")\) denotes the modified Bessel function of the second
kind and order \(p\) (scipy.",https://docs.scipy.org/doc/scipy/reference/generated/scipy.stats.genhyperbolic.html#scipy.stats.genhyperbolic
note,"Note that shifting the location of a distribution
does not make it a “noncentral” distribution; noncentral generalizations of
some distributions are available in separate classes.",https://docs.scipy.org/doc/scipy/reference/generated/scipy.stats.genhyperbolic.html#scipy.stats.genhyperbolic
should,"To avoid potential numerical problems and for performance reasons,
the methods of the specific distributions should be used.",https://docs.scipy.org/doc/scipy/reference/generated/scipy.stats.genhyperbolic.html#scipy.stats.genhyperbolic
note,Release notes,https://docs.scipy.org/doc/scipy/reference/generated/scipy.stats.geninvgauss.html#scipy.stats.geninvgauss
note,Notes,https://docs.scipy.org/doc/scipy/reference/generated/scipy.stats.geninvgauss.html#scipy.stats.geninvgauss
note,"Note that shifting the location of a distribution
does not make it a “noncentral” distribution; noncentral generalizations of
some distributions are available in separate classes.",https://docs.scipy.org/doc/scipy/reference/generated/scipy.stats.geninvgauss.html#scipy.stats.geninvgauss
note,Release notes,https://docs.scipy.org/doc/scipy/reference/generated/scipy.stats.gibrat.html#scipy.stats.gibrat
note,Notes,https://docs.scipy.org/doc/scipy/reference/generated/scipy.stats.gibrat.html#scipy.stats.gibrat
note,"Note that shifting the location of a distribution
does not make it a “noncentral” distribution; noncentral generalizations of
some distributions are available in separate classes.",https://docs.scipy.org/doc/scipy/reference/generated/scipy.stats.gibrat.html#scipy.stats.gibrat
note,Release notes,https://docs.scipy.org/doc/scipy/reference/generated/scipy.stats.gompertz.html#scipy.stats.gompertz
note,Notes,https://docs.scipy.org/doc/scipy/reference/generated/scipy.stats.gompertz.html#scipy.stats.gompertz
note,"Note that shifting the location of a distribution
does not make it a “noncentral” distribution; noncentral generalizations of
some distributions are available in separate classes.",https://docs.scipy.org/doc/scipy/reference/generated/scipy.stats.gompertz.html#scipy.stats.gompertz
note,Release notes,https://docs.scipy.org/doc/scipy/reference/generated/scipy.stats.gumbel_r.html#scipy.stats.gumbel_r
note,Notes,https://docs.scipy.org/doc/scipy/reference/generated/scipy.stats.gumbel_r.html#scipy.stats.gumbel_r
note,"Note that shifting the location of a distribution
does not make it a “noncentral” distribution; noncentral generalizations of
some distributions are available in separate classes.",https://docs.scipy.org/doc/scipy/reference/generated/scipy.stats.gumbel_r.html#scipy.stats.gumbel_r
note,Release notes,https://docs.scipy.org/doc/scipy/reference/generated/scipy.stats.gumbel_l.html#scipy.stats.gumbel_l
note,Notes,https://docs.scipy.org/doc/scipy/reference/generated/scipy.stats.gumbel_l.html#scipy.stats.gumbel_l
note,"Note that shifting the location of a distribution
does not make it a “noncentral” distribution; noncentral generalizations of
some distributions are available in separate classes.",https://docs.scipy.org/doc/scipy/reference/generated/scipy.stats.gumbel_l.html#scipy.stats.gumbel_l
note,Release notes,https://docs.scipy.org/doc/scipy/reference/generated/scipy.stats.halfcauchy.html#scipy.stats.halfcauchy
note,Notes,https://docs.scipy.org/doc/scipy/reference/generated/scipy.stats.halfcauchy.html#scipy.stats.halfcauchy
note,"Note that shifting the location of a distribution
does not make it a “noncentral” distribution; noncentral generalizations of
some distributions are available in separate classes.",https://docs.scipy.org/doc/scipy/reference/generated/scipy.stats.halfcauchy.html#scipy.stats.halfcauchy
note,Release notes,https://docs.scipy.org/doc/scipy/reference/generated/scipy.stats.halflogistic.html#scipy.stats.halflogistic
note,Notes,https://docs.scipy.org/doc/scipy/reference/generated/scipy.stats.halflogistic.html#scipy.stats.halflogistic
note,"Note that shifting the location of a distribution
does not make it a “noncentral” distribution; noncentral generalizations of
some distributions are available in separate classes.",https://docs.scipy.org/doc/scipy/reference/generated/scipy.stats.halflogistic.html#scipy.stats.halflogistic
note,Release notes,https://docs.scipy.org/doc/scipy/reference/generated/scipy.stats.halfnorm.html#scipy.stats.halfnorm
note,Notes,https://docs.scipy.org/doc/scipy/reference/generated/scipy.stats.halfnorm.html#scipy.stats.halfnorm
note,"Note that shifting the location of a distribution
does not make it a “noncentral” distribution; noncentral generalizations of
some distributions are available in separate classes.",https://docs.scipy.org/doc/scipy/reference/generated/scipy.stats.halfnorm.html#scipy.stats.halfnorm
note,Release notes,https://docs.scipy.org/doc/scipy/reference/generated/scipy.stats.halfgennorm.html#scipy.stats.halfgennorm
note,Notes,https://docs.scipy.org/doc/scipy/reference/generated/scipy.stats.halfgennorm.html#scipy.stats.halfgennorm
note,Release notes,https://docs.scipy.org/doc/scipy/reference/generated/scipy.stats.hypsecant.html#scipy.stats.hypsecant
note,Notes,https://docs.scipy.org/doc/scipy/reference/generated/scipy.stats.hypsecant.html#scipy.stats.hypsecant
note,"Note that shifting the location of a distribution
does not make it a “noncentral” distribution; noncentral generalizations of
some distributions are available in separate classes.",https://docs.scipy.org/doc/scipy/reference/generated/scipy.stats.hypsecant.html#scipy.stats.hypsecant
note,Release notes,https://docs.scipy.org/doc/scipy/reference/generated/scipy.stats.invgamma.html#scipy.stats.invgamma
note,Notes,https://docs.scipy.org/doc/scipy/reference/generated/scipy.stats.invgamma.html#scipy.stats.invgamma
note,"Note that shifting the location of a distribution
does not make it a “noncentral” distribution; noncentral generalizations of
some distributions are available in separate classes.",https://docs.scipy.org/doc/scipy/reference/generated/scipy.stats.invgamma.html#scipy.stats.invgamma
note,Release notes,https://docs.scipy.org/doc/scipy/reference/generated/scipy.stats.invgauss.html#scipy.stats.invgauss
note,Notes,https://docs.scipy.org/doc/scipy/reference/generated/scipy.stats.invgauss.html#scipy.stats.invgauss
note,"Note that shifting the location of a distribution
does not make it a “noncentral” distribution; noncentral generalizations of
some distributions are available in separate classes.",https://docs.scipy.org/doc/scipy/reference/generated/scipy.stats.invgauss.html#scipy.stats.invgauss
note,Release notes,https://docs.scipy.org/doc/scipy/reference/generated/scipy.stats.invweibull.html#scipy.stats.invweibull
note,Notes,https://docs.scipy.org/doc/scipy/reference/generated/scipy.stats.invweibull.html#scipy.stats.invweibull
note,"Note that shifting the location of a distribution
does not make it a “noncentral” distribution; noncentral generalizations of
some distributions are available in separate classes.",https://docs.scipy.org/doc/scipy/reference/generated/scipy.stats.invweibull.html#scipy.stats.invweibull
note,Release notes,https://docs.scipy.org/doc/scipy/reference/generated/scipy.stats.jf_skew_t.html#scipy.stats.jf_skew_t
note,Notes,https://docs.scipy.org/doc/scipy/reference/generated/scipy.stats.jf_skew_t.html#scipy.stats.jf_skew_t
note,"for real numbers \(a>0\) and \(b>0\), where
\(C_{a,b} = 2^{a+b-1}B(a,b)(a+b)^{1/2}\), and \(B\) denotes the
beta function (scipy.",https://docs.scipy.org/doc/scipy/reference/generated/scipy.stats.jf_skew_t.html#scipy.stats.jf_skew_t
note,"Note that shifting the location of a distribution
does not make it a “noncentral” distribution; noncentral generalizations of
some distributions are available in separate classes.",https://docs.scipy.org/doc/scipy/reference/generated/scipy.stats.jf_skew_t.html#scipy.stats.jf_skew_t
note,Release notes,https://docs.scipy.org/doc/scipy/reference/generated/scipy.stats.johnsonsb.html#scipy.stats.johnsonsb
note,Notes,https://docs.scipy.org/doc/scipy/reference/generated/scipy.stats.johnsonsb.html#scipy.stats.johnsonsb
note,"Note that shifting the location of a distribution
does not make it a “noncentral” distribution; noncentral generalizations of
some distributions are available in separate classes.",https://docs.scipy.org/doc/scipy/reference/generated/scipy.stats.johnsonsb.html#scipy.stats.johnsonsb
note,Release notes,https://docs.scipy.org/doc/scipy/reference/generated/scipy.stats.johnsonsu.html#scipy.stats.johnsonsu
note,Notes,https://docs.scipy.org/doc/scipy/reference/generated/scipy.stats.johnsonsu.html#scipy.stats.johnsonsu
note,"Note that shifting the location of a distribution
does not make it a “noncentral” distribution; noncentral generalizations of
some distributions are available in separate classes.",https://docs.scipy.org/doc/scipy/reference/generated/scipy.stats.johnsonsu.html#scipy.stats.johnsonsu
note,Release notes,https://docs.scipy.org/doc/scipy/reference/generated/scipy.stats.kappa4.html#scipy.stats.kappa4
note,Notes,https://docs.scipy.org/doc/scipy/reference/generated/scipy.stats.kappa4.html#scipy.stats.kappa4
should,"org/wiki/Generalized_logistic_distribution
The “fifth” one is the one kappa4 should match which currently
isn’t implemented in scipy:
https://en.",https://docs.scipy.org/doc/scipy/reference/generated/scipy.stats.kappa4.html#scipy.stats.kappa4
should,"org/wiki/Generalized_logistic_distribution
The “fifth” one is the one kappa4 should match which currently
isn’t implemented in scipy:
https://en.",https://docs.scipy.org/doc/scipy/reference/generated/scipy.stats.kappa4.html#scipy.stats.kappa4
note,"Note that shifting the location of a distribution
does not make it a “noncentral” distribution; noncentral generalizations of
some distributions are available in separate classes.",https://docs.scipy.org/doc/scipy/reference/generated/scipy.stats.kappa4.html#scipy.stats.kappa4
note,Release notes,https://docs.scipy.org/doc/scipy/reference/generated/scipy.stats.kappa3.html#scipy.stats.kappa3
note,Notes,https://docs.scipy.org/doc/scipy/reference/generated/scipy.stats.kappa3.html#scipy.stats.kappa3
note,"Note that shifting the location of a distribution
does not make it a “noncentral” distribution; noncentral generalizations of
some distributions are available in separate classes.",https://docs.scipy.org/doc/scipy/reference/generated/scipy.stats.kappa3.html#scipy.stats.kappa3
note,Release notes,https://docs.scipy.org/doc/scipy/reference/generated/scipy.stats.ksone.html#scipy.stats.ksone
note,Notes,https://docs.scipy.org/doc/scipy/reference/generated/scipy.stats.ksone.html#scipy.stats.ksone
note,"Note that shifting the location of a distribution
does not make it a “noncentral” distribution; noncentral generalizations of
some distributions are available in separate classes.",https://docs.scipy.org/doc/scipy/reference/generated/scipy.stats.ksone.html#scipy.stats.ksone
note,Release notes,https://docs.scipy.org/doc/scipy/reference/generated/scipy.stats.kstwo.html#scipy.stats.kstwo
note,Notes,https://docs.scipy.org/doc/scipy/reference/generated/scipy.stats.kstwo.html#scipy.stats.kstwo
note,"Note that shifting the location of a distribution
does not make it a “noncentral” distribution; noncentral generalizations of
some distributions are available in separate classes.",https://docs.scipy.org/doc/scipy/reference/generated/scipy.stats.kstwo.html#scipy.stats.kstwo
note,Release notes,https://docs.scipy.org/doc/scipy/reference/generated/scipy.stats.kstwobign.html#scipy.stats.kstwobign
note,Notes,https://docs.scipy.org/doc/scipy/reference/generated/scipy.stats.kstwobign.html#scipy.stats.kstwobign
note,"Note that shifting the location of a distribution
does not make it a “noncentral” distribution; noncentral generalizations of
some distributions are available in separate classes.",https://docs.scipy.org/doc/scipy/reference/generated/scipy.stats.kstwobign.html#scipy.stats.kstwobign
note,Release notes,https://docs.scipy.org/doc/scipy/reference/generated/scipy.stats.laplace.html#scipy.stats.laplace
note,Notes,https://docs.scipy.org/doc/scipy/reference/generated/scipy.stats.laplace.html#scipy.stats.laplace
note,"Note that shifting the location of a distribution
does not make it a “noncentral” distribution; noncentral generalizations of
some distributions are available in separate classes.",https://docs.scipy.org/doc/scipy/reference/generated/scipy.stats.laplace.html#scipy.stats.laplace
note,Release notes,https://docs.scipy.org/doc/scipy/reference/generated/scipy.stats.laplace_asymmetric.html#scipy.stats.laplace_asymmetric
note,Notes,https://docs.scipy.org/doc/scipy/reference/generated/scipy.stats.laplace_asymmetric.html#scipy.stats.laplace_asymmetric
note,"Note that shifting the location of a distribution
does not make it a “noncentral” distribution; noncentral generalizations of
some distributions are available in separate classes.",https://docs.scipy.org/doc/scipy/reference/generated/scipy.stats.laplace_asymmetric.html#scipy.stats.laplace_asymmetric
note,"Note that the scale parameter of some references is the reciprocal of
SciPy’s scale.",https://docs.scipy.org/doc/scipy/reference/generated/scipy.stats.laplace_asymmetric.html#scipy.stats.laplace_asymmetric
note,Release notes,https://docs.scipy.org/doc/scipy/reference/generated/scipy.stats.levy.html#scipy.stats.levy
note,Notes,https://docs.scipy.org/doc/scipy/reference/generated/scipy.stats.levy.html#scipy.stats.levy
note,"Note that shifting the location of a distribution
does not make it a “noncentral” distribution; noncentral generalizations of
some distributions are available in separate classes.",https://docs.scipy.org/doc/scipy/reference/generated/scipy.stats.levy.html#scipy.stats.levy
note,Release notes,https://docs.scipy.org/doc/scipy/reference/generated/scipy.stats.levy_l.html#scipy.stats.levy_l
note,Notes,https://docs.scipy.org/doc/scipy/reference/generated/scipy.stats.levy_l.html#scipy.stats.levy_l
note,"Note that shifting the location of a distribution
does not make it a “noncentral” distribution; noncentral generalizations of
some distributions are available in separate classes.",https://docs.scipy.org/doc/scipy/reference/generated/scipy.stats.levy_l.html#scipy.stats.levy_l
note,Release notes,https://docs.scipy.org/doc/scipy/reference/generated/scipy.stats.levy_stable.html#scipy.stats.levy_stable
note,Notes,https://docs.scipy.org/doc/scipy/reference/generated/scipy.stats.levy_stable.html#scipy.stats.levy_stable
should,"Where possible, they
should be used instead.",https://docs.scipy.org/doc/scipy/reference/generated/scipy.stats.levy_stable.html#scipy.stats.levy_stable
should,"Specifically, when the shape parameters
assume the values in the table below, the corresponding equivalent
distribution should be used.",https://docs.scipy.org/doc/scipy/reference/generated/scipy.stats.levy_stable.html#scipy.stats.levy_stable
note,"Note that
MLE doesn’t always converge if using FFT for pdf calculations; this will be
the case if alpha <= 1 where the FFT approach doesn’t give good
approximations.",https://docs.scipy.org/doc/scipy/reference/generated/scipy.stats.levy_stable.html#scipy.stats.levy_stable
warning,Warning,https://docs.scipy.org/doc/scipy/reference/generated/scipy.stats.levy_stable.html#scipy.stats.levy_stable
note,"Note that shifting the location of a distribution
does not make it a “noncentral” distribution.",https://docs.scipy.org/doc/scipy/reference/generated/scipy.stats.levy_stable.html#scipy.stats.levy_stable
note,Release notes,https://docs.scipy.org/doc/scipy/reference/generated/scipy.stats.logistic.html#scipy.stats.logistic
note,Notes,https://docs.scipy.org/doc/scipy/reference/generated/scipy.stats.logistic.html#scipy.stats.logistic
note,"Note that shifting the location of a distribution
does not make it a “noncentral” distribution; noncentral generalizations of
some distributions are available in separate classes.",https://docs.scipy.org/doc/scipy/reference/generated/scipy.stats.logistic.html#scipy.stats.logistic
note,Release notes,https://docs.scipy.org/doc/scipy/reference/generated/scipy.stats.loggamma.html#scipy.stats.loggamma
note,Notes,https://docs.scipy.org/doc/scipy/reference/generated/scipy.stats.loggamma.html#scipy.stats.loggamma
note,"Note that shifting the location of a distribution
does not make it a “noncentral” distribution; noncentral generalizations of
some distributions are available in separate classes.",https://docs.scipy.org/doc/scipy/reference/generated/scipy.stats.loggamma.html#scipy.stats.loggamma
note,Release notes,https://docs.scipy.org/doc/scipy/reference/generated/scipy.stats.loglaplace.html#scipy.stats.loglaplace
note,Notes,https://docs.scipy.org/doc/scipy/reference/generated/scipy.stats.loglaplace.html#scipy.stats.loglaplace
note,"Note that shifting the location of a distribution
does not make it a “noncentral” distribution; noncentral generalizations of
some distributions are available in separate classes.",https://docs.scipy.org/doc/scipy/reference/generated/scipy.stats.loglaplace.html#scipy.stats.loglaplace
note,Release notes,https://docs.scipy.org/doc/scipy/reference/generated/scipy.stats.lognorm.html#scipy.stats.lognorm
note,Notes,https://docs.scipy.org/doc/scipy/reference/generated/scipy.stats.lognorm.html#scipy.stats.lognorm
note,"Note that shifting the location of a distribution
does not make it a “noncentral” distribution; noncentral generalizations of
some distributions are available in separate classes.",https://docs.scipy.org/doc/scipy/reference/generated/scipy.stats.lognorm.html#scipy.stats.lognorm
note,Release notes,https://docs.scipy.org/doc/scipy/reference/generated/scipy.stats.loguniform.html#scipy.stats.loguniform
note,Notes,https://docs.scipy.org/doc/scipy/reference/generated/scipy.stats.loguniform.html#scipy.stats.loguniform
note,"Note that shifting the location of a distribution
does not make it a “noncentral” distribution; noncentral generalizations of
some distributions are available in separate classes.",https://docs.scipy.org/doc/scipy/reference/generated/scipy.stats.loguniform.html#scipy.stats.loguniform
note,Release notes,https://docs.scipy.org/doc/scipy/reference/generated/scipy.stats.lomax.html#scipy.stats.lomax
note,Notes,https://docs.scipy.org/doc/scipy/reference/generated/scipy.stats.lomax.html#scipy.stats.lomax
note,"Note that shifting the location of a distribution
does not make it a “noncentral” distribution; noncentral generalizations of
some distributions are available in separate classes.",https://docs.scipy.org/doc/scipy/reference/generated/scipy.stats.lomax.html#scipy.stats.lomax
note,Release notes,https://docs.scipy.org/doc/scipy/reference/generated/scipy.stats.maxwell.html#scipy.stats.maxwell
note,Notes,https://docs.scipy.org/doc/scipy/reference/generated/scipy.stats.maxwell.html#scipy.stats.maxwell
note,"Note that shifting the location of a distribution
does not make it a “noncentral” distribution; noncentral generalizations of
some distributions are available in separate classes.",https://docs.scipy.org/doc/scipy/reference/generated/scipy.stats.maxwell.html#scipy.stats.maxwell
note,Release notes,https://docs.scipy.org/doc/scipy/reference/generated/scipy.stats.mielke.html#scipy.stats.mielke
note,Notes,https://docs.scipy.org/doc/scipy/reference/generated/scipy.stats.mielke.html#scipy.stats.mielke
note,"Note that shifting the location of a distribution
does not make it a “noncentral” distribution; noncentral generalizations of
some distributions are available in separate classes.",https://docs.scipy.org/doc/scipy/reference/generated/scipy.stats.mielke.html#scipy.stats.mielke
note,Release notes,https://docs.scipy.org/doc/scipy/reference/generated/scipy.stats.moyal.html#scipy.stats.moyal
note,Notes,https://docs.scipy.org/doc/scipy/reference/generated/scipy.stats.moyal.html#scipy.stats.moyal
note,"Note that shifting the location of a distribution
does not make it a “noncentral” distribution; noncentral generalizations of
some distributions are available in separate classes.",https://docs.scipy.org/doc/scipy/reference/generated/scipy.stats.moyal.html#scipy.stats.moyal
note,Release notes,https://docs.scipy.org/doc/scipy/reference/generated/scipy.stats.nakagami.html#scipy.stats.nakagami
note,Notes,https://docs.scipy.org/doc/scipy/reference/generated/scipy.stats.nakagami.html#scipy.stats.nakagami
note,"Note that shifting the location of a distribution
does not make it a “noncentral” distribution; noncentral generalizations of
some distributions are available in separate classes.",https://docs.scipy.org/doc/scipy/reference/generated/scipy.stats.nakagami.html#scipy.stats.nakagami
note,Release notes,https://docs.scipy.org/doc/scipy/reference/generated/scipy.stats.ncx2.html#scipy.stats.ncx2
note,Notes,https://docs.scipy.org/doc/scipy/reference/generated/scipy.stats.ncx2.html#scipy.stats.ncx2
note,"\(k\) specifies the degrees of freedom (denoted df in the
implementation) and \(\lambda\) is the non-centrality parameter
(denoted nc in the implementation).",https://docs.scipy.org/doc/scipy/reference/generated/scipy.stats.ncx2.html#scipy.stats.ncx2
note,"\(I_\nu\) denotes the
modified Bessel function of first order of degree \(\nu\)
(scipy.",https://docs.scipy.org/doc/scipy/reference/generated/scipy.stats.ncx2.html#scipy.stats.ncx2
note,"Note that shifting the location of a distribution
does not make it a “noncentral” distribution; noncentral generalizations of
some distributions are available in separate classes.",https://docs.scipy.org/doc/scipy/reference/generated/scipy.stats.ncx2.html#scipy.stats.ncx2
note,Release notes,https://docs.scipy.org/doc/scipy/reference/generated/scipy.stats.ncf.html#scipy.stats.ncf
note,Notes,https://docs.scipy.org/doc/scipy/reference/generated/scipy.stats.ncf.html#scipy.stats.ncf
note,"Note that shifting the location of a distribution
does not make it a “noncentral” distribution; noncentral generalizations of
some distributions are available in separate classes.",https://docs.scipy.org/doc/scipy/reference/generated/scipy.stats.ncf.html#scipy.stats.ncf
note,Release notes,https://docs.scipy.org/doc/scipy/reference/generated/scipy.stats.nct.html#scipy.stats.nct
note,Notes,https://docs.scipy.org/doc/scipy/reference/generated/scipy.stats.nct.html#scipy.stats.nct
note,"The degrees of freedom parameter \(k\) (denoted df in the
implementation) satisfies \(k > 0\) and the noncentrality parameter
\(c\) (denoted nc in the implementation) is a real number.",https://docs.scipy.org/doc/scipy/reference/generated/scipy.stats.nct.html#scipy.stats.nct
note,"Note that shifting the location of a distribution
does not make it a “noncentral” distribution; noncentral generalizations of
some distributions are available in separate classes.",https://docs.scipy.org/doc/scipy/reference/generated/scipy.stats.nct.html#scipy.stats.nct
note,Release notes,https://docs.scipy.org/doc/scipy/reference/generated/scipy.stats.norm.html#scipy.stats.norm
note,Notes,https://docs.scipy.org/doc/scipy/reference/generated/scipy.stats.norm.html#scipy.stats.norm
note,"Note that shifting the location of a distribution
does not make it a “noncentral” distribution; noncentral generalizations of
some distributions are available in separate classes.",https://docs.scipy.org/doc/scipy/reference/generated/scipy.stats.norm.html#scipy.stats.norm
note,Release notes,https://docs.scipy.org/doc/scipy/reference/generated/scipy.stats.norminvgauss.html#scipy.stats.norminvgauss
note,Notes,https://docs.scipy.org/doc/scipy/reference/generated/scipy.stats.norminvgauss.html#scipy.stats.norminvgauss
note,"Note that shifting the location of a distribution
does not make it a “noncentral” distribution; noncentral generalizations of
some distributions are available in separate classes.",https://docs.scipy.org/doc/scipy/reference/generated/scipy.stats.norminvgauss.html#scipy.stats.norminvgauss
note,Release notes,https://docs.scipy.org/doc/scipy/reference/generated/scipy.stats.pareto.html#scipy.stats.pareto
note,Notes,https://docs.scipy.org/doc/scipy/reference/generated/scipy.stats.pareto.html#scipy.stats.pareto
note,"Note that shifting the location of a distribution
does not make it a “noncentral” distribution; noncentral generalizations of
some distributions are available in separate classes.",https://docs.scipy.org/doc/scipy/reference/generated/scipy.stats.pareto.html#scipy.stats.pareto
note,Release notes,https://docs.scipy.org/doc/scipy/reference/generated/scipy.stats.pearson3.html#scipy.stats.pearson3
note,Notes,https://docs.scipy.org/doc/scipy/reference/generated/scipy.stats.pearson3.html#scipy.stats.pearson3
note,"Note that shifting the location of a distribution
does not make it a “noncentral” distribution; noncentral generalizations of
some distributions are available in separate classes.",https://docs.scipy.org/doc/scipy/reference/generated/scipy.stats.pearson3.html#scipy.stats.pearson3
note,Release notes,https://docs.scipy.org/doc/scipy/reference/generated/scipy.stats.powerlaw.html#scipy.stats.powerlaw
note,Notes,https://docs.scipy.org/doc/scipy/reference/generated/scipy.stats.powerlaw.html#scipy.stats.powerlaw
note,"Note that shifting the location of a distribution
does not make it a “noncentral” distribution; noncentral generalizations of
some distributions are available in separate classes.",https://docs.scipy.org/doc/scipy/reference/generated/scipy.stats.powerlaw.html#scipy.stats.powerlaw
note,Release notes,https://docs.scipy.org/doc/scipy/reference/generated/scipy.stats.powerlognorm.html#scipy.stats.powerlognorm
note,Notes,https://docs.scipy.org/doc/scipy/reference/generated/scipy.stats.powerlognorm.html#scipy.stats.powerlognorm
note,"Note that shifting the location of a distribution
does not make it a “noncentral” distribution; noncentral generalizations of
some distributions are available in separate classes.",https://docs.scipy.org/doc/scipy/reference/generated/scipy.stats.powerlognorm.html#scipy.stats.powerlognorm
note,Release notes,https://docs.scipy.org/doc/scipy/reference/generated/scipy.stats.powernorm.html#scipy.stats.powernorm
note,Notes,https://docs.scipy.org/doc/scipy/reference/generated/scipy.stats.powernorm.html#scipy.stats.powernorm
note,"Note that shifting the location of a distribution
does not make it a “noncentral” distribution; noncentral generalizations of
some distributions are available in separate classes.",https://docs.scipy.org/doc/scipy/reference/generated/scipy.stats.powernorm.html#scipy.stats.powernorm
note,Release notes,https://docs.scipy.org/doc/scipy/reference/generated/scipy.stats.rdist.html#scipy.stats.rdist
note,Notes,https://docs.scipy.org/doc/scipy/reference/generated/scipy.stats.rdist.html#scipy.stats.rdist
note,"Note that shifting the location of a distribution
does not make it a “noncentral” distribution; noncentral generalizations of
some distributions are available in separate classes.",https://docs.scipy.org/doc/scipy/reference/generated/scipy.stats.rdist.html#scipy.stats.rdist
note,Release notes,https://docs.scipy.org/doc/scipy/reference/generated/scipy.stats.rayleigh.html#scipy.stats.rayleigh
note,Notes,https://docs.scipy.org/doc/scipy/reference/generated/scipy.stats.rayleigh.html#scipy.stats.rayleigh
note,"Note that shifting the location of a distribution
does not make it a “noncentral” distribution; noncentral generalizations of
some distributions are available in separate classes.",https://docs.scipy.org/doc/scipy/reference/generated/scipy.stats.rayleigh.html#scipy.stats.rayleigh
note,Release notes,https://docs.scipy.org/doc/scipy/reference/generated/scipy.stats.rel_breitwigner.html#scipy.stats.rel_breitwigner
note,Notes,https://docs.scipy.org/doc/scipy/reference/generated/scipy.stats.rel_breitwigner.html#scipy.stats.rel_breitwigner
note,"Note that shifting the location of a distribution
does not make it a “noncentral” distribution; noncentral generalizations of
some distributions are available in separate classes.",https://docs.scipy.org/doc/scipy/reference/generated/scipy.stats.rel_breitwigner.html#scipy.stats.rel_breitwigner
should,"To ensure a physically meaningful result when using the fit method, one
should set floc=0 to fix the location parameter to 0.",https://docs.scipy.org/doc/scipy/reference/generated/scipy.stats.rel_breitwigner.html#scipy.stats.rel_breitwigner
note,Release notes,https://docs.scipy.org/doc/scipy/reference/generated/scipy.stats.rice.html#scipy.stats.rice
note,Notes,https://docs.scipy.org/doc/scipy/reference/generated/scipy.stats.rice.html#scipy.stats.rice
note,"Note that shifting the location of a distribution
does not make it a “noncentral” distribution; noncentral generalizations of
some distributions are available in separate classes.",https://docs.scipy.org/doc/scipy/reference/generated/scipy.stats.rice.html#scipy.stats.rice
note,Release notes,https://docs.scipy.org/doc/scipy/reference/generated/scipy.stats.recipinvgauss.html#scipy.stats.recipinvgauss
note,Notes,https://docs.scipy.org/doc/scipy/reference/generated/scipy.stats.recipinvgauss.html#scipy.stats.recipinvgauss
note,"Note that shifting the location of a distribution
does not make it a “noncentral” distribution; noncentral generalizations of
some distributions are available in separate classes.",https://docs.scipy.org/doc/scipy/reference/generated/scipy.stats.recipinvgauss.html#scipy.stats.recipinvgauss
note,Release notes,https://docs.scipy.org/doc/scipy/reference/generated/scipy.stats.semicircular.html#scipy.stats.semicircular
note,Notes,https://docs.scipy.org/doc/scipy/reference/generated/scipy.stats.semicircular.html#scipy.stats.semicircular
note,"Note that shifting the location of a distribution
does not make it a “noncentral” distribution; noncentral generalizations of
some distributions are available in separate classes.",https://docs.scipy.org/doc/scipy/reference/generated/scipy.stats.semicircular.html#scipy.stats.semicircular
note,Release notes,https://docs.scipy.org/doc/scipy/reference/generated/scipy.stats.skewcauchy.html#scipy.stats.skewcauchy
note,Notes,https://docs.scipy.org/doc/scipy/reference/generated/scipy.stats.skewcauchy.html#scipy.stats.skewcauchy
note,"Note that shifting the location of a distribution
does not make it a “noncentral” distribution; noncentral generalizations of
some distributions are available in separate classes.",https://docs.scipy.org/doc/scipy/reference/generated/scipy.stats.skewcauchy.html#scipy.stats.skewcauchy
note,Release notes,https://docs.scipy.org/doc/scipy/reference/generated/scipy.stats.skewnorm.html#scipy.stats.skewnorm
note,Notes,https://docs.scipy.org/doc/scipy/reference/generated/scipy.stats.skewnorm.html#scipy.stats.skewnorm
note,"Note that shifting the location of a distribution
does not make it a “noncentral” distribution; noncentral generalizations of
some distributions are available in separate classes.",https://docs.scipy.org/doc/scipy/reference/generated/scipy.stats.skewnorm.html#scipy.stats.skewnorm
note,Release notes,https://docs.scipy.org/doc/scipy/reference/generated/scipy.stats.studentized_range.html#scipy.stats.studentized_range
note,Notes,https://docs.scipy.org/doc/scipy/reference/generated/scipy.stats.studentized_range.html#scipy.stats.studentized_range
note,"Note that shifting the location of a distribution
does not make it a “noncentral” distribution; noncentral generalizations of
some distributions are available in separate classes.",https://docs.scipy.org/doc/scipy/reference/generated/scipy.stats.studentized_range.html#scipy.stats.studentized_range
note,Release notes,https://docs.scipy.org/doc/scipy/reference/generated/scipy.stats.t.html#scipy.stats.t
note,Notes,https://docs.scipy.org/doc/scipy/reference/generated/scipy.stats.t.html#scipy.stats.t
note,"where \(x\) is a real number and the degrees of freedom parameter
\(\nu\) (denoted df in the implementation) satisfies
\(\nu > 0\).",https://docs.scipy.org/doc/scipy/reference/generated/scipy.stats.t.html#scipy.stats.t
note,"Note that shifting the location of a distribution
does not make it a “noncentral” distribution; noncentral generalizations of
some distributions are available in separate classes.",https://docs.scipy.org/doc/scipy/reference/generated/scipy.stats.t.html#scipy.stats.t
note,Release notes,https://docs.scipy.org/doc/scipy/reference/generated/scipy.stats.trapezoid.html#scipy.stats.trapezoid
note,Notes,https://docs.scipy.org/doc/scipy/reference/generated/scipy.stats.trapezoid.html#scipy.stats.trapezoid
note,"Note that shifting the location of a distribution
does not make it a “noncentral” distribution; noncentral generalizations of
some distributions are available in separate classes.",https://docs.scipy.org/doc/scipy/reference/generated/scipy.stats.trapezoid.html#scipy.stats.trapezoid
note,Release notes,https://docs.scipy.org/doc/scipy/reference/generated/scipy.stats.triang.html#scipy.stats.triang
note,Notes,https://docs.scipy.org/doc/scipy/reference/generated/scipy.stats.triang.html#scipy.stats.triang
note,"Note that shifting the location of a distribution
does not make it a “noncentral” distribution; noncentral generalizations of
some distributions are available in separate classes.",https://docs.scipy.org/doc/scipy/reference/generated/scipy.stats.triang.html#scipy.stats.triang
note,Release notes,https://docs.scipy.org/doc/scipy/reference/generated/scipy.stats.truncexpon.html#scipy.stats.truncexpon
note,Notes,https://docs.scipy.org/doc/scipy/reference/generated/scipy.stats.truncexpon.html#scipy.stats.truncexpon
note,"Note that shifting the location of a distribution
does not make it a “noncentral” distribution; noncentral generalizations of
some distributions are available in separate classes.",https://docs.scipy.org/doc/scipy/reference/generated/scipy.stats.truncexpon.html#scipy.stats.truncexpon
note,Release notes,https://docs.scipy.org/doc/scipy/reference/generated/scipy.stats.truncnorm.html#scipy.stats.truncnorm
note,Notes,https://docs.scipy.org/doc/scipy/reference/generated/scipy.stats.truncnorm.html#scipy.stats.truncnorm
note,Note,https://docs.scipy.org/doc/scipy/reference/generated/scipy.stats.truncnorm.html#scipy.stats.truncnorm
note,"Note that the distribution is no longer appears to be truncated at
abscissae a and b.",https://docs.scipy.org/doc/scipy/reference/generated/scipy.stats.truncnorm.html#scipy.stats.truncnorm
note,Release notes,https://docs.scipy.org/doc/scipy/reference/generated/scipy.stats.truncpareto.html#scipy.stats.truncpareto
note,Notes,https://docs.scipy.org/doc/scipy/reference/generated/scipy.stats.truncpareto.html#scipy.stats.truncpareto
note,"Note that shifting the location of a distribution
does not make it a “noncentral” distribution; noncentral generalizations of
some distributions are available in separate classes.",https://docs.scipy.org/doc/scipy/reference/generated/scipy.stats.truncpareto.html#scipy.stats.truncpareto
note,Release notes,https://docs.scipy.org/doc/scipy/reference/generated/scipy.stats.truncweibull_min.html#scipy.stats.truncweibull_min
note,Notes,https://docs.scipy.org/doc/scipy/reference/generated/scipy.stats.truncweibull_min.html#scipy.stats.truncweibull_min
note,"Note that shifting the location of a distribution
does not make it a “noncentral” distribution; noncentral generalizations of
some distributions are available in separate classes.",https://docs.scipy.org/doc/scipy/reference/generated/scipy.stats.truncweibull_min.html#scipy.stats.truncweibull_min
note,Release notes,https://docs.scipy.org/doc/scipy/reference/generated/scipy.stats.tukeylambda.html#scipy.stats.tukeylambda
note,Notes,https://docs.scipy.org/doc/scipy/reference/generated/scipy.stats.tukeylambda.html#scipy.stats.tukeylambda
note,"tukeylambda takes a real number \(lambda\) (denoted lam
in the implementation) as a shape parameter.",https://docs.scipy.org/doc/scipy/reference/generated/scipy.stats.tukeylambda.html#scipy.stats.tukeylambda
note,"Note that shifting the location of a distribution
does not make it a “noncentral” distribution; noncentral generalizations of
some distributions are available in separate classes.",https://docs.scipy.org/doc/scipy/reference/generated/scipy.stats.tukeylambda.html#scipy.stats.tukeylambda
note,Release notes,https://docs.scipy.org/doc/scipy/reference/generated/scipy.stats.uniform.html#scipy.stats.uniform
note,Release notes,https://docs.scipy.org/doc/scipy/reference/generated/scipy.stats.vonmises.html#scipy.stats.vonmises
note,Notes,https://docs.scipy.org/doc/scipy/reference/generated/scipy.stats.vonmises.html#scipy.stats.vonmises
note,"Note about distribution parameters: vonmises and vonmises_line take
kappa as a shape parameter (concentration) and loc as the location
(circular mean).",https://docs.scipy.org/doc/scipy/reference/generated/scipy.stats.vonmises.html#scipy.stats.vonmises
note,Release notes,https://docs.scipy.org/doc/scipy/reference/generated/scipy.stats.vonmises_line.html#scipy.stats.vonmises_line
note,Notes,https://docs.scipy.org/doc/scipy/reference/generated/scipy.stats.vonmises_line.html#scipy.stats.vonmises_line
note,"Note about distribution parameters: vonmises and vonmises_line take
kappa as a shape parameter (concentration) and loc as the location
(circular mean).",https://docs.scipy.org/doc/scipy/reference/generated/scipy.stats.vonmises_line.html#scipy.stats.vonmises_line
note,Release notes,https://docs.scipy.org/doc/scipy/reference/generated/scipy.stats.wald.html#scipy.stats.wald
note,Notes,https://docs.scipy.org/doc/scipy/reference/generated/scipy.stats.wald.html#scipy.stats.wald
note,"Note that shifting the location of a distribution
does not make it a “noncentral” distribution; noncentral generalizations of
some distributions are available in separate classes.",https://docs.scipy.org/doc/scipy/reference/generated/scipy.stats.wald.html#scipy.stats.wald
note,Release notes,https://docs.scipy.org/doc/scipy/reference/generated/scipy.stats.weibull_min.html#scipy.stats.weibull_min
note,Notes,https://docs.scipy.org/doc/scipy/reference/generated/scipy.stats.weibull_min.html#scipy.stats.weibull_min
note,"Note that shifting the location of a distribution
does not make it a “noncentral” distribution; noncentral generalizations of
some distributions are available in separate classes.",https://docs.scipy.org/doc/scipy/reference/generated/scipy.stats.weibull_min.html#scipy.stats.weibull_min
note,Release notes,https://docs.scipy.org/doc/scipy/reference/generated/scipy.stats.weibull_max.html#scipy.stats.weibull_max
note,Notes,https://docs.scipy.org/doc/scipy/reference/generated/scipy.stats.weibull_max.html#scipy.stats.weibull_max
note,"Note that shifting the location of a distribution
does not make it a “noncentral” distribution; noncentral generalizations of
some distributions are available in separate classes.",https://docs.scipy.org/doc/scipy/reference/generated/scipy.stats.weibull_max.html#scipy.stats.weibull_max
note,Release notes,https://docs.scipy.org/doc/scipy/reference/generated/scipy.stats.wrapcauchy.html#scipy.stats.wrapcauchy
note,Notes,https://docs.scipy.org/doc/scipy/reference/generated/scipy.stats.wrapcauchy.html#scipy.stats.wrapcauchy
note,"Note that shifting the location of a distribution
does not make it a “noncentral” distribution; noncentral generalizations of
some distributions are available in separate classes.",https://docs.scipy.org/doc/scipy/reference/generated/scipy.stats.wrapcauchy.html#scipy.stats.wrapcauchy
note,Release notes,https://docs.scipy.org/doc/scipy/reference/generated/scipy.stats.CensoredData.html#scipy.stats.CensoredData
only,"The only method of the univariate continuous distributions that
understands CensoredData is the fit method.",https://docs.scipy.org/doc/scipy/reference/generated/scipy.stats.CensoredData.html#scipy.stats.CensoredData
note,Notes,https://docs.scipy.org/doc/scipy/reference/generated/scipy.stats.CensoredData.html#scipy.stats.CensoredData
must,"In the input array interval, the lower bound of the interval may
be -inf, and the upper bound may be inf, but at least one must be
finite.",https://docs.scipy.org/doc/scipy/reference/generated/scipy.stats.CensoredData.html#scipy.stats.CensoredData
note,Release notes,https://docs.scipy.org/doc/scipy/reference/generated/scipy.stats.multivariate_normal.html#scipy.stats.multivariate_normal
note,Notes,https://docs.scipy.org/doc/scipy/reference/generated/scipy.stats.multivariate_normal.html#scipy.stats.multivariate_normal
must,"Otherwise, cov must be a symmetric positive semidefinite
matrix when allow_singular is True; it must be (strictly) positive
definite when allow_singular is False.",https://docs.scipy.org/doc/scipy/reference/generated/scipy.stats.multivariate_normal.html#scipy.stats.multivariate_normal
only,Symmetry is not checked; only the lower triangular portion is used.,https://docs.scipy.org/doc/scipy/reference/generated/scipy.stats.multivariate_normal.html#scipy.stats.multivariate_normal
note,Release notes,https://docs.scipy.org/doc/scipy/reference/generated/scipy.stats.matrix_normal.html#scipy.stats.matrix_normal
note,Notes,https://docs.scipy.org/doc/scipy/reference/generated/scipy.stats.matrix_normal.html#scipy.stats.matrix_normal
must,"The covariance matrices specified by rowcov and colcov must be
(symmetric) positive definite.",https://docs.scipy.org/doc/scipy/reference/generated/scipy.stats.matrix_normal.html#scipy.stats.matrix_normal
must,"If the samples in X are
\(m \times n\), then rowcov must be \(m \times m\) and
colcov must be \(n \times n\).",https://docs.scipy.org/doc/scipy/reference/generated/scipy.stats.matrix_normal.html#scipy.stats.matrix_normal
must,mean must be the same shape as X.,https://docs.scipy.org/doc/scipy/reference/generated/scipy.stats.matrix_normal.html#scipy.stats.matrix_normal
must,"Covariance matrices must be
full rank.",https://docs.scipy.org/doc/scipy/reference/generated/scipy.stats.matrix_normal.html#scipy.stats.matrix_normal
note,Release notes,https://docs.scipy.org/doc/scipy/reference/generated/scipy.stats.dirichlet.html#scipy.stats.dirichlet
note,Notes,https://docs.scipy.org/doc/scipy/reference/generated/scipy.stats.dirichlet.html#scipy.stats.dirichlet
must,Each \(\alpha\) entry must be positive.,https://docs.scipy.org/doc/scipy/reference/generated/scipy.stats.dirichlet.html#scipy.stats.dirichlet
note,Note that the dirichlet interface is somewhat inconsistent.,https://docs.scipy.org/doc/scipy/reference/generated/scipy.stats.dirichlet.html#scipy.stats.dirichlet
note,Release notes,https://docs.scipy.org/doc/scipy/reference/generated/scipy.stats.dirichlet_multinomial.html#scipy.stats.dirichlet_multinomial
must,"Each entry must be
strictly positive.",https://docs.scipy.org/doc/scipy/reference/generated/scipy.stats.dirichlet_multinomial.html#scipy.stats.dirichlet_multinomial
must,Each element must be a strictly positive integer.,https://docs.scipy.org/doc/scipy/reference/generated/scipy.stats.dirichlet_multinomial.html#scipy.stats.dirichlet_multinomial
note,Release notes,https://docs.scipy.org/doc/scipy/reference/generated/scipy.stats.wishart.html#scipy.stats.wishart
must,"The scale keyword
specifies the scale matrix, which must be symmetric and positive definite.",https://docs.scipy.org/doc/scipy/reference/generated/scipy.stats.wishart.html#scipy.stats.wishart
must,"These arguments must satisfy the relationship
df > scale.",https://docs.scipy.org/doc/scipy/reference/generated/scipy.stats.wishart.html#scipy.stats.wishart
note,"ndim - 1, but see notes on using the rvs method with
df < scale.",https://docs.scipy.org/doc/scipy/reference/generated/scipy.stats.wishart.html#scipy.stats.wishart
must,"Degrees of freedom, must be greater than or equal to dimension of the
scale matrix",https://docs.scipy.org/doc/scipy/reference/generated/scipy.stats.wishart.html#scipy.stats.wishart
note,Notes,https://docs.scipy.org/doc/scipy/reference/generated/scipy.stats.wishart.html#scipy.stats.wishart
must,"The scale matrix scale must be a symmetric positive definite
matrix.",https://docs.scipy.org/doc/scipy/reference/generated/scipy.stats.wishart.html#scipy.stats.wishart
not support,"Singular matrices, including the symmetric positive semi-definite
case, are not supported.",https://docs.scipy.org/doc/scipy/reference/generated/scipy.stats.wishart.html#scipy.stats.wishart
only,"Symmetry is not checked; only the lower triangular
portion is used.",https://docs.scipy.org/doc/scipy/reference/generated/scipy.stats.wishart.html#scipy.stats.wishart
note,The Wishart distribution is often denoted,https://docs.scipy.org/doc/scipy/reference/generated/scipy.stats.wishart.html#scipy.stats.wishart
note,Release notes,https://docs.scipy.org/doc/scipy/reference/generated/scipy.stats.invwishart.html#scipy.stats.invwishart
must,"The scale keyword
specifies the scale matrix, which must be symmetric and positive definite.",https://docs.scipy.org/doc/scipy/reference/generated/scipy.stats.invwishart.html#scipy.stats.invwishart
must,"Degrees of freedom, must be greater than or equal to dimension of the
scale matrix",https://docs.scipy.org/doc/scipy/reference/generated/scipy.stats.invwishart.html#scipy.stats.invwishart
note,Notes,https://docs.scipy.org/doc/scipy/reference/generated/scipy.stats.invwishart.html#scipy.stats.invwishart
must,"The scale matrix scale must be a symmetric positive definite
matrix.",https://docs.scipy.org/doc/scipy/reference/generated/scipy.stats.invwishart.html#scipy.stats.invwishart
not support,"Singular matrices, including the symmetric positive semi-definite
case, are not supported.",https://docs.scipy.org/doc/scipy/reference/generated/scipy.stats.invwishart.html#scipy.stats.invwishart
only,"Symmetry is not checked; only the lower triangular
portion is used.",https://docs.scipy.org/doc/scipy/reference/generated/scipy.stats.invwishart.html#scipy.stats.invwishart
note,The inverse Wishart distribution is often denoted,https://docs.scipy.org/doc/scipy/reference/generated/scipy.stats.invwishart.html#scipy.stats.invwishart
note,Release notes,https://docs.scipy.org/doc/scipy/reference/generated/scipy.stats.multinomial.html#scipy.stats.multinomial
should,Probability of a trial falling into each category; should sum to 1,https://docs.scipy.org/doc/scipy/reference/generated/scipy.stats.multinomial.html#scipy.stats.multinomial
note,Notes,https://docs.scipy.org/doc/scipy/reference/generated/scipy.stats.multinomial.html#scipy.stats.multinomial
should,n should be a nonnegative integer.,https://docs.scipy.org/doc/scipy/reference/generated/scipy.stats.multinomial.html#scipy.stats.multinomial
should,"Each element of p should be in the
interval \([0,1]\) and the elements should sum to 1.",https://docs.scipy.org/doc/scipy/reference/generated/scipy.stats.multinomial.html#scipy.stats.multinomial
should,"Thus the result should also be of shape (2,), but since each output is
a \(2 \times 2\) matrix, the result in fact has shape (2, 2, 2),
where result[0] is equal to multinomial.",https://docs.scipy.org/doc/scipy/reference/generated/scipy.stats.multinomial.html#scipy.stats.multinomial
note,Release notes,https://docs.scipy.org/doc/scipy/reference/generated/scipy.stats.special_ortho_group.html#scipy.stats.special_ortho_group
only,"Return a random rotation matrix, drawn from the Haar distribution
(the only uniform distribution on SO(N)) with a determinant of +1.",https://docs.scipy.org/doc/scipy/reference/generated/scipy.stats.special_ortho_group.html#scipy.stats.special_ortho_group
note,Notes,https://docs.scipy.org/doc/scipy/reference/generated/scipy.stats.special_ortho_group.html#scipy.stats.special_ortho_group
only,"Return a random rotation matrix, drawn from the Haar distribution
(the only uniform distribution on SO(N)).",https://docs.scipy.org/doc/scipy/reference/generated/scipy.stats.special_ortho_group.html#scipy.stats.special_ortho_group
note,Release notes,https://docs.scipy.org/doc/scipy/reference/generated/scipy.stats.ortho_group.html#scipy.stats.ortho_group
only,"Return a random orthogonal matrix, drawn from the O(N) Haar
distribution (the only uniform distribution on O(N)).",https://docs.scipy.org/doc/scipy/reference/generated/scipy.stats.ortho_group.html#scipy.stats.ortho_group
note,Notes,https://docs.scipy.org/doc/scipy/reference/generated/scipy.stats.ortho_group.html#scipy.stats.ortho_group
note,Release notes,https://docs.scipy.org/doc/scipy/reference/generated/scipy.stats.unitary_group.html#scipy.stats.unitary_group
note,Notes,https://docs.scipy.org/doc/scipy/reference/generated/scipy.stats.unitary_group.html#scipy.stats.unitary_group
note,Release notes,https://docs.scipy.org/doc/scipy/reference/generated/scipy.stats.random_correlation.html#scipy.stats.random_correlation
note,Notes,https://docs.scipy.org/doc/scipy/reference/generated/scipy.stats.random_correlation.html#scipy.stats.random_correlation
note,Release notes,https://docs.scipy.org/doc/scipy/reference/generated/scipy.stats.multivariate_t.html#scipy.stats.multivariate_t
must,Degrees of freedom of the distribution; must be greater than zero.,https://docs.scipy.org/doc/scipy/reference/generated/scipy.stats.multivariate_t.html#scipy.stats.multivariate_t
note,Notes,https://docs.scipy.org/doc/scipy/reference/generated/scipy.stats.multivariate_t.html#scipy.stats.multivariate_t
must,The matrix shape must be a (symmetric) positive semidefinite matrix.,https://docs.scipy.org/doc/scipy/reference/generated/scipy.stats.multivariate_t.html#scipy.stats.multivariate_t
note,Release notes,https://docs.scipy.org/doc/scipy/reference/generated/scipy.stats.multivariate_hypergeom.html#scipy.stats.multivariate_hypergeom
note,Notes,https://docs.scipy.org/doc/scipy/reference/generated/scipy.stats.multivariate_hypergeom.html#scipy.stats.multivariate_hypergeom
must,m must be an array of positive integers.,https://docs.scipy.org/doc/scipy/reference/generated/scipy.stats.multivariate_hypergeom.html#scipy.stats.multivariate_hypergeom
only,"The multivariate_hypergeom distribution is identical to the
corresponding hypergeom distribution (tiny numerical differences
notwithstanding) when only two types (good and bad) of objects
are present in the population as in the example above.",https://docs.scipy.org/doc/scipy/reference/generated/scipy.stats.multivariate_hypergeom.html#scipy.stats.multivariate_hypergeom
note,Release notes,https://docs.scipy.org/doc/scipy/reference/generated/scipy.stats.random_table.html#scipy.stats.random_table
note,Notes,https://docs.scipy.org/doc/scipy/reference/generated/scipy.stats.random_table.html#scipy.stats.random_table
must,"The row and column vectors must be one-dimensional, not empty,
and each sum up to the same value.",https://docs.scipy.org/doc/scipy/reference/generated/scipy.stats.random_table.html#scipy.stats.random_table
only,"Patefield’s algorithm has O(K x log(N)) time complexity, where K is
the number of cells in the table and requires only a small constant work
space.",https://docs.scipy.org/doc/scipy/reference/generated/scipy.stats.random_table.html#scipy.stats.random_table
note,Release notes,https://docs.scipy.org/doc/scipy/reference/generated/scipy.stats.uniform_direction.html#scipy.stats.uniform_direction
note,Notes,https://docs.scipy.org/doc/scipy/reference/generated/scipy.stats.uniform_direction.html#scipy.stats.uniform_direction
note,Release notes,https://docs.scipy.org/doc/scipy/reference/generated/scipy.stats.vonmises_fisher.html#scipy.stats.vonmises_fisher
must,"Must be a one-dimensional unit
vector of norm 1.",https://docs.scipy.org/doc/scipy/reference/generated/scipy.stats.vonmises_fisher.html#scipy.stats.vonmises_fisher
must,Must be positive.,https://docs.scipy.org/doc/scipy/reference/generated/scipy.stats.vonmises_fisher.html#scipy.stats.vonmises_fisher
note,Notes,https://docs.scipy.org/doc/scipy/reference/generated/scipy.stats.vonmises_fisher.html#scipy.stats.vonmises_fisher
must,"As \(\mu\) represents
a direction, it must be a unit vector or in other words, a point
on the hypersphere: \(\mathbf{\mu}\in S^{d-1}\).",https://docs.scipy.org/doc/scipy/reference/generated/scipy.stats.vonmises_fisher.html#scipy.stats.vonmises_fisher
must,"\(\kappa\) is a
concentration parameter, which means that it must be positive
(\(\kappa>0\)) and that the distribution becomes more narrow with
increasing \(\kappa\).",https://docs.scipy.org/doc/scipy/reference/generated/scipy.stats.vonmises_fisher.html#scipy.stats.vonmises_fisher
note,Release notes,https://docs.scipy.org/doc/scipy/reference/generated/scipy.stats.Covariance.html#scipy.stats.Covariance
note,Note,https://docs.scipy.org/doc/scipy/reference/generated/scipy.stats.Covariance.html#scipy.stats.Covariance
note,Release notes,https://docs.scipy.org/doc/scipy/reference/generated/scipy.stats.bernoulli.html#scipy.stats.bernoulli
note,Notes,https://docs.scipy.org/doc/scipy/reference/generated/scipy.stats.bernoulli.html#scipy.stats.bernoulli
note,Release notes,https://docs.scipy.org/doc/scipy/reference/generated/scipy.stats.betabinom.html#scipy.stats.betabinom
note,Notes,https://docs.scipy.org/doc/scipy/reference/generated/scipy.stats.betabinom.html#scipy.stats.betabinom
note,Release notes,https://docs.scipy.org/doc/scipy/reference/generated/scipy.stats.betanbinom.html#scipy.stats.betanbinom
note,Notes,https://docs.scipy.org/doc/scipy/reference/generated/scipy.stats.betanbinom.html#scipy.stats.betanbinom
note,Release notes,https://docs.scipy.org/doc/scipy/reference/generated/scipy.stats.binom.html#scipy.stats.binom
note,Notes,https://docs.scipy.org/doc/scipy/reference/generated/scipy.stats.binom.html#scipy.stats.binom
note,Release notes,https://docs.scipy.org/doc/scipy/reference/generated/scipy.stats.boltzmann.html#scipy.stats.boltzmann
note,Notes,https://docs.scipy.org/doc/scipy/reference/generated/scipy.stats.boltzmann.html#scipy.stats.boltzmann
note,Release notes,https://docs.scipy.org/doc/scipy/reference/generated/scipy.stats.dlaplace.html#scipy.stats.dlaplace
note,Notes,https://docs.scipy.org/doc/scipy/reference/generated/scipy.stats.dlaplace.html#scipy.stats.dlaplace
note,Release notes,https://docs.scipy.org/doc/scipy/reference/generated/scipy.stats.geom.html#scipy.stats.geom
note,Notes,https://docs.scipy.org/doc/scipy/reference/generated/scipy.stats.geom.html#scipy.stats.geom
note,Release notes,https://docs.scipy.org/doc/scipy/reference/generated/scipy.stats.hypergeom.html#scipy.stats.hypergeom
note,Notes,https://docs.scipy.org/doc/scipy/reference/generated/scipy.stats.hypergeom.html#scipy.stats.hypergeom
note,"The symbols used to denote the shape parameters (M, n, and N) are not
universally accepted.",https://docs.scipy.org/doc/scipy/reference/generated/scipy.stats.hypergeom.html#scipy.stats.hypergeom
note,Release notes,https://docs.scipy.org/doc/scipy/reference/generated/scipy.stats.logser.html#scipy.stats.logser
note,Notes,https://docs.scipy.org/doc/scipy/reference/generated/scipy.stats.logser.html#scipy.stats.logser
note,Release notes,https://docs.scipy.org/doc/scipy/reference/generated/scipy.stats.nbinom.html#scipy.stats.nbinom
note,Notes,https://docs.scipy.org/doc/scipy/reference/generated/scipy.stats.nbinom.html#scipy.stats.nbinom
note,Release notes,https://docs.scipy.org/doc/scipy/reference/generated/scipy.stats.nchypergeom_fisher.html#scipy.stats.nchypergeom_fisher
only,"M is the total number of objects, n is the
number of Type I objects, and odds is the odds ratio: the odds of
selecting a Type I object rather than a Type II object when there is only
one object of each type.",https://docs.scipy.org/doc/scipy/reference/generated/scipy.stats.nchypergeom_fisher.html#scipy.stats.nchypergeom_fisher
note,Notes,https://docs.scipy.org/doc/scipy/reference/generated/scipy.stats.nchypergeom_fisher.html#scipy.stats.nchypergeom_fisher
note,"The symbols used to denote the shape parameters (N, n, and M) are not
universally accepted; they are chosen for consistency with hypergeom.",https://docs.scipy.org/doc/scipy/reference/generated/scipy.stats.nchypergeom_fisher.html#scipy.stats.nchypergeom_fisher
note,"Note that Fisher’s noncentral hypergeometric distribution is distinct
from Wallenius’ noncentral hypergeometric distribution, which models
drawing a pre-determined N objects from a bin one by one.",https://docs.scipy.org/doc/scipy/reference/generated/scipy.stats.nchypergeom_fisher.html#scipy.stats.nchypergeom_fisher
note,Release notes,https://docs.scipy.org/doc/scipy/reference/generated/scipy.stats.nchypergeom_wallenius.html#scipy.stats.nchypergeom_wallenius
only,"M is the total number of objects, n is the
number of Type I objects, and odds is the odds ratio: the odds of
selecting a Type I object rather than a Type II object when there is only
one object of each type.",https://docs.scipy.org/doc/scipy/reference/generated/scipy.stats.nchypergeom_wallenius.html#scipy.stats.nchypergeom_wallenius
note,Notes,https://docs.scipy.org/doc/scipy/reference/generated/scipy.stats.nchypergeom_wallenius.html#scipy.stats.nchypergeom_wallenius
note,"The symbols used to denote the shape parameters (N, n, and M) are not
universally accepted; they are chosen for consistency with hypergeom.",https://docs.scipy.org/doc/scipy/reference/generated/scipy.stats.nchypergeom_wallenius.html#scipy.stats.nchypergeom_wallenius
note,"Note that Wallenius’ noncentral hypergeometric distribution is distinct
from Fisher’s noncentral hypergeometric distribution, which models
take a handful of objects from the bin at once, finding out afterwards
that N objects were taken.",https://docs.scipy.org/doc/scipy/reference/generated/scipy.stats.nchypergeom_wallenius.html#scipy.stats.nchypergeom_wallenius
note,Release notes,https://docs.scipy.org/doc/scipy/reference/generated/scipy.stats.nhypergeom.html#scipy.stats.nhypergeom
note,Notes,https://docs.scipy.org/doc/scipy/reference/generated/scipy.stats.nhypergeom.html#scipy.stats.nhypergeom
note,"The symbols used to denote the shape parameters (M, n, and r) are not
universally accepted.",https://docs.scipy.org/doc/scipy/reference/generated/scipy.stats.nhypergeom.html#scipy.stats.nhypergeom
note,Release notes,https://docs.scipy.org/doc/scipy/reference/generated/scipy.stats.planck.html#scipy.stats.planck
note,Notes,https://docs.scipy.org/doc/scipy/reference/generated/scipy.stats.planck.html#scipy.stats.planck
note,Release notes,https://docs.scipy.org/doc/scipy/reference/generated/scipy.stats.poisson.html#scipy.stats.poisson
note,Notes,https://docs.scipy.org/doc/scipy/reference/generated/scipy.stats.poisson.html#scipy.stats.poisson
note,Release notes,https://docs.scipy.org/doc/scipy/reference/generated/scipy.stats.randint.html#scipy.stats.randint
note,Notes,https://docs.scipy.org/doc/scipy/reference/generated/scipy.stats.randint.html#scipy.stats.randint
note,Release notes,https://docs.scipy.org/doc/scipy/reference/generated/scipy.stats.skellam.html#scipy.stats.skellam
note,Notes,https://docs.scipy.org/doc/scipy/reference/generated/scipy.stats.skellam.html#scipy.stats.skellam
must,Parameters \(\mu_1\) and \(\mu_2\) must be strictly positive.,https://docs.scipy.org/doc/scipy/reference/generated/scipy.stats.skellam.html#scipy.stats.skellam
note,Release notes,https://docs.scipy.org/doc/scipy/reference/generated/scipy.stats.yulesimon.html#scipy.stats.yulesimon
note,Notes,https://docs.scipy.org/doc/scipy/reference/generated/scipy.stats.yulesimon.html#scipy.stats.yulesimon
note,Release notes,https://docs.scipy.org/doc/scipy/reference/generated/scipy.stats.zipf.html#scipy.stats.zipf
note,Notes,https://docs.scipy.org/doc/scipy/reference/generated/scipy.stats.zipf.html#scipy.stats.zipf
note,Release notes,https://docs.scipy.org/doc/scipy/reference/generated/scipy.stats.zipfian.html#scipy.stats.zipfian
note,Notes,https://docs.scipy.org/doc/scipy/reference/generated/scipy.stats.zipfian.html#scipy.stats.zipfian
note,Release notes,https://docs.scipy.org/doc/scipy/reference/generated/scipy.stats.gmean.html#scipy.stats.gmean
must,The weights array must be broadcastable to the same shape as a.,https://docs.scipy.org/doc/scipy/reference/generated/scipy.stats.gmean.html#scipy.stats.gmean
note,Notes,https://docs.scipy.org/doc/scipy/reference/generated/scipy.stats.gmean.html#scipy.stats.gmean
note,Release notes,https://docs.scipy.org/doc/scipy/reference/generated/scipy.stats.hmean.html#scipy.stats.hmean
must,"The weights array can either be 1-D (in which case its length must be
the size of a along the given axis) or of the same shape as a.",https://docs.scipy.org/doc/scipy/reference/generated/scipy.stats.hmean.html#scipy.stats.hmean
note,Notes,https://docs.scipy.org/doc/scipy/reference/generated/scipy.stats.hmean.html#scipy.stats.hmean
note,Release notes,https://docs.scipy.org/doc/scipy/reference/generated/scipy.stats.pmean.html#scipy.stats.pmean
must,"This mean is also called generalized mean or Hölder mean, and must not be
confused with the Kolmogorov generalized mean, also called
quasi-arithmetic mean or generalized f-mean [3].",https://docs.scipy.org/doc/scipy/reference/generated/scipy.stats.pmean.html#scipy.stats.pmean
must,"The weights array can either be 1-D (in which case its length must be
the size of a along the given axis) or of the same shape as a.",https://docs.scipy.org/doc/scipy/reference/generated/scipy.stats.pmean.html#scipy.stats.pmean
note,Notes,https://docs.scipy.org/doc/scipy/reference/generated/scipy.stats.pmean.html#scipy.stats.pmean
note,Release notes,https://docs.scipy.org/doc/scipy/reference/generated/scipy.stats.kurtosis.html#scipy.stats.kurtosis
note,Notes,https://docs.scipy.org/doc/scipy/reference/generated/scipy.stats.kurtosis.html#scipy.stats.kurtosis
note,Release notes,https://docs.scipy.org/doc/scipy/reference/generated/scipy.stats.mode.html#scipy.stats.mode
only,"If there is more than one such value, only one is returned.",https://docs.scipy.org/doc/scipy/reference/generated/scipy.stats.mode.html#scipy.stats.mode
note,Notes,https://docs.scipy.org/doc/scipy/reference/generated/scipy.stats.mode.html#scipy.stats.mode
note,Release notes,https://docs.scipy.org/doc/scipy/reference/generated/scipy.stats.moment.html#scipy.stats.moment
note,Notes,https://docs.scipy.org/doc/scipy/reference/generated/scipy.stats.moment.html#scipy.stats.moment
note,"Note that, if a is an empty array (a.",https://docs.scipy.org/doc/scipy/reference/generated/scipy.stats.moment.html#scipy.stats.moment
note,Release notes,https://docs.scipy.org/doc/scipy/reference/generated/scipy.stats.expectile.html#scipy.stats.expectile
note,See Notes for more details.,https://docs.scipy.org/doc/scipy/reference/generated/scipy.stats.expectile.html#scipy.stats.expectile
must,The weights must be broadcastable to the same shape as a.,https://docs.scipy.org/doc/scipy/reference/generated/scipy.stats.expectile.html#scipy.stats.expectile
note,See Notes for more details.,https://docs.scipy.org/doc/scipy/reference/generated/scipy.stats.expectile.html#scipy.stats.expectile
note,Notes,https://docs.scipy.org/doc/scipy/reference/generated/scipy.stats.expectile.html#scipy.stats.expectile
note,Release notes,https://docs.scipy.org/doc/scipy/reference/generated/scipy.stats.skew.html#scipy.stats.skew
should,"For normally distributed data, the skewness should be about zero.",https://docs.scipy.org/doc/scipy/reference/generated/scipy.stats.skew.html#scipy.stats.skew
note,Notes,https://docs.scipy.org/doc/scipy/reference/generated/scipy.stats.skew.html#scipy.stats.skew
note,Release notes,https://docs.scipy.org/doc/scipy/reference/generated/scipy.stats.kstat.html#scipy.stats.kstat
note,Note that n-D input gets flattened.,https://docs.scipy.org/doc/scipy/reference/generated/scipy.stats.kstat.html#scipy.stats.kstat
note,Notes,https://docs.scipy.org/doc/scipy/reference/generated/scipy.stats.kstat.html#scipy.stats.kstat
note,Release notes,https://docs.scipy.org/doc/scipy/reference/generated/scipy.stats.kstatvar.html#scipy.stats.kstatvar
note,Note that n-D input gets flattened.,https://docs.scipy.org/doc/scipy/reference/generated/scipy.stats.kstatvar.html#scipy.stats.kstatvar
note,Notes,https://docs.scipy.org/doc/scipy/reference/generated/scipy.stats.kstatvar.html#scipy.stats.kstatvar
note,Release notes,https://docs.scipy.org/doc/scipy/reference/generated/scipy.stats.tmean.html#scipy.stats.tmean
note,Notes,https://docs.scipy.org/doc/scipy/reference/generated/scipy.stats.tmean.html#scipy.stats.tmean
note,Release notes,https://docs.scipy.org/doc/scipy/reference/generated/scipy.stats.tvar.html#scipy.stats.tvar
note,Notes,https://docs.scipy.org/doc/scipy/reference/generated/scipy.stats.tvar.html#scipy.stats.tvar
note,Release notes,https://docs.scipy.org/doc/scipy/reference/generated/scipy.stats.tmin.html#scipy.stats.tmin
only,"This function finds the minimum value of an array a along the
specified axis, but only considering values greater than a specified
lower limit.",https://docs.scipy.org/doc/scipy/reference/generated/scipy.stats.tmin.html#scipy.stats.tmin
note,Notes,https://docs.scipy.org/doc/scipy/reference/generated/scipy.stats.tmin.html#scipy.stats.tmin
note,Release notes,https://docs.scipy.org/doc/scipy/reference/generated/scipy.stats.tmax.html#scipy.stats.tmax
note,Notes,https://docs.scipy.org/doc/scipy/reference/generated/scipy.stats.tmax.html#scipy.stats.tmax
note,Release notes,https://docs.scipy.org/doc/scipy/reference/generated/scipy.stats.tstd.html#scipy.stats.tstd
note,Notes,https://docs.scipy.org/doc/scipy/reference/generated/scipy.stats.tstd.html#scipy.stats.tstd
note,Release notes,https://docs.scipy.org/doc/scipy/reference/generated/scipy.stats.tsem.html#scipy.stats.tsem
note,Notes,https://docs.scipy.org/doc/scipy/reference/generated/scipy.stats.tsem.html#scipy.stats.tsem
note,Release notes,https://docs.scipy.org/doc/scipy/reference/generated/scipy.stats.variation.html#scipy.stats.variation
must,"ddof must be less than N; if it isn’t, the result
will be nan or inf, depending on N and the values in
the array.",https://docs.scipy.org/doc/scipy/reference/generated/scipy.stats.variation.html#scipy.stats.variation
note,Notes,https://docs.scipy.org/doc/scipy/reference/generated/scipy.stats.variation.html#scipy.stats.variation
warning,"There are several edge cases that are handled without generating a
warning:",https://docs.scipy.org/doc/scipy/reference/generated/scipy.stats.variation.html#scipy.stats.variation
note,Release notes,https://docs.scipy.org/doc/scipy/reference/generated/scipy.stats.find_repeats.html#scipy.stats.find_repeats
note,Notes,https://docs.scipy.org/doc/scipy/reference/generated/scipy.stats.find_repeats.html#scipy.stats.find_repeats
only,"The main
difference is that find_repeats only returns repeated values.",https://docs.scipy.org/doc/scipy/reference/generated/scipy.stats.find_repeats.html#scipy.stats.find_repeats
note,Release notes,https://docs.scipy.org/doc/scipy/reference/generated/scipy.stats.rankdata.html#scipy.stats.rankdata
note,Note,https://docs.scipy.org/doc/scipy/reference/generated/scipy.stats.rankdata.html#scipy.stats.rankdata
note,Release notes,https://docs.scipy.org/doc/scipy/reference/generated/scipy.stats.tiecorrect.html#scipy.stats.tiecorrect
note,Release notes,https://docs.scipy.org/doc/scipy/reference/generated/scipy.stats.trim_mean.html#scipy.stats.trim_mean
note,Release notes,https://docs.scipy.org/doc/scipy/reference/generated/scipy.stats.gstd.html#scipy.stats.gstd
note,Notes,https://docs.scipy.org/doc/scipy/reference/generated/scipy.stats.gstd.html#scipy.stats.gstd
only,"As the calculation requires the use of logarithms the geometric standard
deviation only supports strictly positive values.",https://docs.scipy.org/doc/scipy/reference/generated/scipy.stats.gstd.html#scipy.stats.gstd
note,"Note that the standard deviation of the distribution is one, on a
log scale this evaluates to approximately exp(1).",https://docs.scipy.org/doc/scipy/reference/generated/scipy.stats.gstd.html#scipy.stats.gstd
note,Release notes,https://docs.scipy.org/doc/scipy/reference/generated/scipy.stats.iqr.html#scipy.stats.iqr
must,"Each must be
between 0 and 100, inclusive.",https://docs.scipy.org/doc/scipy/reference/generated/scipy.stats.iqr.html#scipy.stats.iqr
note,Notes,https://docs.scipy.org/doc/scipy/reference/generated/scipy.stats.iqr.html#scipy.stats.iqr
note,Release notes,https://docs.scipy.org/doc/scipy/reference/generated/scipy.stats.sem.html#scipy.stats.sem
note,Notes,https://docs.scipy.org/doc/scipy/reference/generated/scipy.stats.sem.html#scipy.stats.sem
note,Release notes,https://docs.scipy.org/doc/scipy/reference/generated/scipy.stats.bayes_mvs.html#scipy.stats.bayes_mvs
note,Notes,https://docs.scipy.org/doc/scipy/reference/generated/scipy.stats.bayes_mvs.html#scipy.stats.bayes_mvs
note,Release notes,https://docs.scipy.org/doc/scipy/reference/generated/scipy.stats.mvsdist.html#scipy.stats.mvsdist
note,Notes,https://docs.scipy.org/doc/scipy/reference/generated/scipy.stats.mvsdist.html#scipy.stats.mvsdist
note,Release notes,https://docs.scipy.org/doc/scipy/reference/generated/scipy.stats.entropy.html#scipy.stats.entropy
only,"If only probabilities pk are given, the Shannon entropy is calculated as
H = -sum(pk * log(pk)).",https://docs.scipy.org/doc/scipy/reference/generated/scipy.stats.entropy.html#scipy.stats.entropy
should,"Should be in
the same format as pk.",https://docs.scipy.org/doc/scipy/reference/generated/scipy.stats.entropy.html#scipy.stats.entropy
note,Notes,https://docs.scipy.org/doc/scipy/reference/generated/scipy.stats.entropy.html#scipy.stats.entropy
note,Release notes,https://docs.scipy.org/doc/scipy/reference/generated/scipy.stats.differential_entropy.html#scipy.stats.differential_entropy
must,"Must be an integer
between 1 and half of the sample size.",https://docs.scipy.org/doc/scipy/reference/generated/scipy.stats.differential_entropy.html#scipy.stats.differential_entropy
note,See Notes for more information.,https://docs.scipy.org/doc/scipy/reference/generated/scipy.stats.differential_entropy.html#scipy.stats.differential_entropy
note,Notes,https://docs.scipy.org/doc/scipy/reference/generated/scipy.stats.differential_entropy.html#scipy.stats.differential_entropy
only,"'van es' uses the bias-corrected estimator presented in [3], which
is not only consistent but, under some conditions, asymptotically normal.",https://docs.scipy.org/doc/scipy/reference/generated/scipy.stats.differential_entropy.html#scipy.stats.differential_entropy
only,"'van es' uses the bias-corrected estimator presented in [3], which
is not only consistent but, under some conditions, asymptotically normal.",https://docs.scipy.org/doc/scipy/reference/generated/scipy.stats.differential_entropy.html#scipy.stats.differential_entropy
note,Release notes,https://docs.scipy.org/doc/scipy/reference/generated/scipy.stats.median_abs_deviation.html#scipy.stats.median_abs_deviation
note,Notes,https://docs.scipy.org/doc/scipy/reference/generated/scipy.stats.median_abs_deviation.html#scipy.stats.median_abs_deviation
only,"The center argument only affects the calculation of the central value
around which the MAD is calculated.",https://docs.scipy.org/doc/scipy/reference/generated/scipy.stats.median_abs_deviation.html#scipy.stats.median_abs_deviation
note,Release notes,https://docs.scipy.org/doc/scipy/reference/generated/scipy.stats.cumfreq.html#scipy.stats.cumfreq
note,Release notes,https://docs.scipy.org/doc/scipy/reference/generated/scipy.stats.percentileofscore.html#scipy.stats.percentileofscore
only,"‘strict’: Similar to “weak”, except that only values that are
strictly less than the given score are counted.",https://docs.scipy.org/doc/scipy/reference/generated/scipy.stats.percentileofscore.html#scipy.stats.percentileofscore
only,"‘strict’: Similar to “weak”, except that only values that are
strictly less than the given score are counted.",https://docs.scipy.org/doc/scipy/reference/generated/scipy.stats.percentileofscore.html#scipy.stats.percentileofscore
note,"With multiple matches, note how the scores of the two matches, 0.",https://docs.scipy.org/doc/scipy/reference/generated/scipy.stats.percentileofscore.html#scipy.stats.percentileofscore
only,Only 2/5 values are strictly less than 3:,https://docs.scipy.org/doc/scipy/reference/generated/scipy.stats.percentileofscore.html#scipy.stats.percentileofscore
note,Release notes,https://docs.scipy.org/doc/scipy/reference/generated/scipy.stats.scoreatpercentile.html#scipy.stats.scoreatpercentile
should,"If the parameter limit is provided, it
should be a tuple (lower, upper) of two values.",https://docs.scipy.org/doc/scipy/reference/generated/scipy.stats.scoreatpercentile.html#scipy.stats.scoreatpercentile
should,"Values should be in range
[0,100].",https://docs.scipy.org/doc/scipy/reference/generated/scipy.stats.scoreatpercentile.html#scipy.stats.scoreatpercentile
note,Notes,https://docs.scipy.org/doc/scipy/reference/generated/scipy.stats.scoreatpercentile.html#scipy.stats.scoreatpercentile
note,Release notes,https://docs.scipy.org/doc/scipy/reference/generated/scipy.stats.relfreq.html#scipy.stats.relfreq
note,Release notes,https://docs.scipy.org/doc/scipy/reference/generated/scipy.stats.binned_statistic.html#scipy.stats.binned_statistic
must,"This must be
the same shape as x, or a set of sequences - each the same shape as
x.",https://docs.scipy.org/doc/scipy/reference/generated/scipy.stats.binned_statistic.html#scipy.stats.binned_statistic
note,Notes,https://docs.scipy.org/doc/scipy/reference/generated/scipy.stats.binned_statistic.html#scipy.stats.binned_statistic
note,Release notes,https://docs.scipy.org/doc/scipy/reference/generated/scipy.stats.binned_statistic_2d.html#scipy.stats.binned_statistic_2d
must,"This must be
the same shape as x, or a list of sequences - each with the same
shape as x.",https://docs.scipy.org/doc/scipy/reference/generated/scipy.stats.binned_statistic_2d.html#scipy.stats.binned_statistic_2d
note,See Notes for details.,https://docs.scipy.org/doc/scipy/reference/generated/scipy.stats.binned_statistic_2d.html#scipy.stats.binned_statistic_2d
note,Notes,https://docs.scipy.org/doc/scipy/reference/generated/scipy.stats.binned_statistic_2d.html#scipy.stats.binned_statistic_2d
note,"Note that the returned linearized bin indices are used for an array with
extra bins on the outer binedges to capture values outside of the defined
bin bounds.",https://docs.scipy.org/doc/scipy/reference/generated/scipy.stats.binned_statistic_2d.html#scipy.stats.binned_statistic_2d
note,Release notes,https://docs.scipy.org/doc/scipy/reference/generated/scipy.stats.binned_statistic_dd.html#scipy.stats.binned_statistic_dd
must,"This must be
the same shape as sample, or a list of sequences - each with the
same shape as sample.",https://docs.scipy.org/doc/scipy/reference/generated/scipy.stats.binned_statistic_dd.html#scipy.stats.binned_statistic_dd
must,The bin specification must be in one of the following forms:,https://docs.scipy.org/doc/scipy/reference/generated/scipy.stats.binned_statistic_dd.html#scipy.stats.binned_statistic_dd
note,See Notes for details.,https://docs.scipy.org/doc/scipy/reference/generated/scipy.stats.binned_statistic_dd.html#scipy.stats.binned_statistic_dd
note,Notes,https://docs.scipy.org/doc/scipy/reference/generated/scipy.stats.binned_statistic_dd.html#scipy.stats.binned_statistic_dd
note,Release notes,https://docs.scipy.org/doc/scipy/reference/generated/scipy.stats.ttest_1samp.html#scipy.stats.ttest_1samp
must,"If array_like, then its length along
axis must equal 1, and it must otherwise be broadcastable with a.",https://docs.scipy.org/doc/scipy/reference/generated/scipy.stats.ttest_1samp.html#scipy.stats.ttest_1samp
note,Notes,https://docs.scipy.org/doc/scipy/reference/generated/scipy.stats.ttest_1samp.html#scipy.stats.ttest_1samp
note,"Note that when working with a confidence level of 99%, a true null
hypothesis will be rejected approximately 1% of the time.",https://docs.scipy.org/doc/scipy/reference/generated/scipy.stats.ttest_1samp.html#scipy.stats.ttest_1samp
note,Release notes,https://docs.scipy.org/doc/scipy/reference/generated/scipy.stats.binomtest.html#scipy.stats.binomtest
must,"The value must be in the interval
0 <= p <= 1.",https://docs.scipy.org/doc/scipy/reference/generated/scipy.stats.binomtest.html#scipy.stats.binomtest
note,Notes,https://docs.scipy.org/doc/scipy/reference/generated/scipy.stats.binomtest.html#scipy.stats.binomtest
note,Release notes,https://docs.scipy.org/doc/scipy/reference/generated/scipy.stats.quantile_test.html#scipy.stats.quantile_test
must,"Must be strictly between 0 and
1.",https://docs.scipy.org/doc/scipy/reference/generated/scipy.stats.quantile_test.html#scipy.stats.quantile_test
note,Notes,https://docs.scipy.org/doc/scipy/reference/generated/scipy.stats.quantile_test.html#scipy.stats.quantile_test
only,They are valid if and only if the observations are i.,https://docs.scipy.org/doc/scipy/reference/generated/scipy.stats.quantile_test.html#scipy.stats.quantile_test
only,"The
foundation is the same, but it computes the confidence interval bounds by
doing interpolations between the sample values, whereas this function uses
only sample values as bounds.",https://docs.scipy.org/doc/scipy/reference/generated/scipy.stats.quantile_test.html#scipy.stats.quantile_test
only,"The quantile test can be used for any quantile, not only the median.",https://docs.scipy.org/doc/scipy/reference/generated/scipy.stats.quantile_test.html#scipy.stats.quantile_test
note,Release notes,https://docs.scipy.org/doc/scipy/reference/generated/scipy.stats.skewtest.html#scipy.stats.skewtest
note,Notes,https://docs.scipy.org/doc/scipy/reference/generated/scipy.stats.skewtest.html#scipy.stats.skewtest
must,The sample size must be at least 8.,https://docs.scipy.org/doc/scipy/reference/generated/scipy.stats.skewtest.html#scipy.stats.skewtest
should,"“Permutation P-values Should Never Be
Zero: Calculating Exact P-values When Permutations Are Randomly
Drawn.",https://docs.scipy.org/doc/scipy/reference/generated/scipy.stats.skewtest.html#scipy.stats.skewtest
should,"The threshold for values that will be considered “small” is a choice that
should be made before the data is analyzed [3] with consideration of the
risks of both false positives (incorrectly rejecting the null hypothesis)
and false negatives (failure to reject a false null hypothesis).",https://docs.scipy.org/doc/scipy/reference/generated/scipy.stats.skewtest.html#scipy.stats.skewtest
should,"The threshold for values that will be considered “small” is a choice that
should be made before the data is analyzed [3] with consideration of the
risks of both false positives (incorrectly rejecting the null hypothesis)
and false negatives (failure to reject a false null hypothesis).",https://docs.scipy.org/doc/scipy/reference/generated/scipy.stats.skewtest.html#scipy.stats.skewtest
note,"Note that the standard normal distribution provides an asymptotic
approximation of the null distribution; it is only accurate for samples
with many observations.",https://docs.scipy.org/doc/scipy/reference/generated/scipy.stats.skewtest.html#scipy.stats.skewtest
only,"Note that the standard normal distribution provides an asymptotic
approximation of the null distribution; it is only accurate for samples
with many observations.",https://docs.scipy.org/doc/scipy/reference/generated/scipy.stats.skewtest.html#scipy.stats.skewtest
note,Release notes,https://docs.scipy.org/doc/scipy/reference/generated/scipy.stats.kurtosistest.html#scipy.stats.kurtosistest
note,Notes,https://docs.scipy.org/doc/scipy/reference/generated/scipy.stats.kurtosistest.html#scipy.stats.kurtosistest
only,Valid only for n>20.,https://docs.scipy.org/doc/scipy/reference/generated/scipy.stats.kurtosistest.html#scipy.stats.kurtosistest
should,"“Permutation P-values Should Never Be
Zero: Calculating Exact P-values When Permutations Are Randomly
Drawn.",https://docs.scipy.org/doc/scipy/reference/generated/scipy.stats.kurtosistest.html#scipy.stats.kurtosistest
should,"The threshold for values that will be considered “small” is a choice that
should be made before the data is analyzed [3] with consideration of the
risks of both false positives (incorrectly rejecting the null hypothesis)
and false negatives (failure to reject a false null hypothesis).",https://docs.scipy.org/doc/scipy/reference/generated/scipy.stats.kurtosistest.html#scipy.stats.kurtosistest
should,"The threshold for values that will be considered “small” is a choice that
should be made before the data is analyzed [3] with consideration of the
risks of both false positives (incorrectly rejecting the null hypothesis)
and false negatives (failure to reject a false null hypothesis).",https://docs.scipy.org/doc/scipy/reference/generated/scipy.stats.kurtosistest.html#scipy.stats.kurtosistest
note,"Note that the standard normal distribution provides an asymptotic
approximation of the null distribution; it is only accurate for samples
with many observations.",https://docs.scipy.org/doc/scipy/reference/generated/scipy.stats.kurtosistest.html#scipy.stats.kurtosistest
only,"Note that the standard normal distribution provides an asymptotic
approximation of the null distribution; it is only accurate for samples
with many observations.",https://docs.scipy.org/doc/scipy/reference/generated/scipy.stats.kurtosistest.html#scipy.stats.kurtosistest
warning,"This is the reason we received a warning at the
beginning of the example; our sample is quite small.",https://docs.scipy.org/doc/scipy/reference/generated/scipy.stats.kurtosistest.html#scipy.stats.kurtosistest
note,Release notes,https://docs.scipy.org/doc/scipy/reference/generated/scipy.stats.normaltest.html#scipy.stats.normaltest
should,"“Permutation P-values Should Never Be
Zero: Calculating Exact P-values When Permutations Are Randomly
Drawn.",https://docs.scipy.org/doc/scipy/reference/generated/scipy.stats.normaltest.html#scipy.stats.normaltest
should,"The threshold for values that will be considered “small” is a choice that
should be made before the data is analyzed [4] with consideration of the
risks of both false positives (incorrectly rejecting the null hypothesis)
and false negatives (failure to reject a false null hypothesis).",https://docs.scipy.org/doc/scipy/reference/generated/scipy.stats.normaltest.html#scipy.stats.normaltest
should,"The threshold for values that will be considered “small” is a choice that
should be made before the data is analyzed [4] with consideration of the
risks of both false positives (incorrectly rejecting the null hypothesis)
and false negatives (failure to reject a false null hypothesis).",https://docs.scipy.org/doc/scipy/reference/generated/scipy.stats.normaltest.html#scipy.stats.normaltest
note,"Note that the chi-squared distribution provides an asymptotic
approximation of the null distribution; it is only accurate for samples
with many observations.",https://docs.scipy.org/doc/scipy/reference/generated/scipy.stats.normaltest.html#scipy.stats.normaltest
only,"Note that the chi-squared distribution provides an asymptotic
approximation of the null distribution; it is only accurate for samples
with many observations.",https://docs.scipy.org/doc/scipy/reference/generated/scipy.stats.normaltest.html#scipy.stats.normaltest
warning,"This is the reason we received a warning at the
beginning of the example; our sample is quite small.",https://docs.scipy.org/doc/scipy/reference/generated/scipy.stats.normaltest.html#scipy.stats.normaltest
note,Release notes,https://docs.scipy.org/doc/scipy/reference/generated/scipy.stats.jarque_bera.html#scipy.stats.jarque_bera
note,"Note that this test only works for a large enough number of data samples
(>2000) as the test statistic asymptotically has a Chi-squared distribution
with 2 degrees of freedom.",https://docs.scipy.org/doc/scipy/reference/generated/scipy.stats.jarque_bera.html#scipy.stats.jarque_bera
only,"Note that this test only works for a large enough number of data samples
(>2000) as the test statistic asymptotically has a Chi-squared distribution
with 2 degrees of freedom.",https://docs.scipy.org/doc/scipy/reference/generated/scipy.stats.jarque_bera.html#scipy.stats.jarque_bera
note,Notes,https://docs.scipy.org/doc/scipy/reference/generated/scipy.stats.jarque_bera.html#scipy.stats.jarque_bera
should,"“Permutation P-values Should Never Be
Zero: Calculating Exact P-values When Permutations Are Randomly
Drawn.",https://docs.scipy.org/doc/scipy/reference/generated/scipy.stats.jarque_bera.html#scipy.stats.jarque_bera
should,"The threshold for values that will be considered “small” is a choice that
should be made before the data is analyzed [3] with consideration of the
risks of both false positives (incorrectly rejecting the null hypothesis)
and false negatives (failure to reject a false null hypothesis).",https://docs.scipy.org/doc/scipy/reference/generated/scipy.stats.jarque_bera.html#scipy.stats.jarque_bera
should,"The threshold for values that will be considered “small” is a choice that
should be made before the data is analyzed [3] with consideration of the
risks of both false positives (incorrectly rejecting the null hypothesis)
and false negatives (failure to reject a false null hypothesis).",https://docs.scipy.org/doc/scipy/reference/generated/scipy.stats.jarque_bera.html#scipy.stats.jarque_bera
note,"Note that the chi-squared distribution provides an asymptotic approximation
of the null distribution; it is only accurate for samples with many
observations.",https://docs.scipy.org/doc/scipy/reference/generated/scipy.stats.jarque_bera.html#scipy.stats.jarque_bera
only,"Note that the chi-squared distribution provides an asymptotic approximation
of the null distribution; it is only accurate for samples with many
observations.",https://docs.scipy.org/doc/scipy/reference/generated/scipy.stats.jarque_bera.html#scipy.stats.jarque_bera
note,Release notes,https://docs.scipy.org/doc/scipy/reference/generated/scipy.stats.shapiro.html#scipy.stats.shapiro
note,Notes,https://docs.scipy.org/doc/scipy/reference/generated/scipy.stats.shapiro.html#scipy.stats.shapiro
should,", “Permutation P-values Should Never Be
Zero: Calculating Exact P-values When Permutations Are Randomly
Drawn”, Statistical Applications in Genetics and Molecular Biology,
2010, Vol.",https://docs.scipy.org/doc/scipy/reference/generated/scipy.stats.shapiro.html#scipy.stats.shapiro
should,"The threshold for values that will be considered “small” is a choice that
should be made before the data is analyzed [5] with consideration of the
risks of both false positives (incorrectly rejecting the null hypothesis)
and false negatives (failure to reject a false null hypothesis).",https://docs.scipy.org/doc/scipy/reference/generated/scipy.stats.shapiro.html#scipy.stats.shapiro
should,"The threshold for values that will be considered “small” is a choice that
should be made before the data is analyzed [5] with consideration of the
risks of both false positives (incorrectly rejecting the null hypothesis)
and false negatives (failure to reject a false null hypothesis).",https://docs.scipy.org/doc/scipy/reference/generated/scipy.stats.shapiro.html#scipy.stats.shapiro
note,Release notes,https://docs.scipy.org/doc/scipy/reference/generated/scipy.stats.anderson.html#scipy.stats.anderson
note,Notes,https://docs.scipy.org/doc/scipy/reference/generated/scipy.stats.anderson.html#scipy.stats.anderson
note,Release notes,https://docs.scipy.org/doc/scipy/reference/generated/scipy.stats.cramervonmises.html#scipy.stats.cramervonmises
should,"If a string, it should be the name of a
distribution in scipy.",https://docs.scipy.org/doc/scipy/reference/generated/scipy.stats.cramervonmises.html#scipy.stats.cramervonmises
note,These are assumed to be known; see Notes.,https://docs.scipy.org/doc/scipy/reference/generated/scipy.stats.cramervonmises.html#scipy.stats.cramervonmises
note,Notes,https://docs.scipy.org/doc/scipy/reference/generated/scipy.stats.cramervonmises.html#scipy.stats.cramervonmises
only,"It is important to keep in mind that the p-value is only accurate if
one tests a simple hypothesis, i.",https://docs.scipy.org/doc/scipy/reference/generated/scipy.stats.cramervonmises.html#scipy.stats.cramervonmises
note,Release notes,https://docs.scipy.org/doc/scipy/reference/generated/scipy.stats.ks_1samp.html#scipy.stats.ks_1samp
note,"See Notes for a description
of the available null and alternative hypotheses.",https://docs.scipy.org/doc/scipy/reference/generated/scipy.stats.ks_1samp.html#scipy.stats.ks_1samp
note,Please see explanations in the Notes below.,https://docs.scipy.org/doc/scipy/reference/generated/scipy.stats.ks_1samp.html#scipy.stats.ks_1samp
note,Notes,https://docs.scipy.org/doc/scipy/reference/generated/scipy.stats.ks_1samp.html#scipy.stats.ks_1samp
note,"Note that the alternative hypotheses describe the CDFs of the
underlying distributions, not the observed values.",https://docs.scipy.org/doc/scipy/reference/generated/scipy.stats.ks_1samp.html#scipy.stats.ks_1samp
note,Release notes,https://docs.scipy.org/doc/scipy/reference/generated/scipy.stats.goodness_of_fit.html#scipy.stats.goodness_of_fit
only,"Before the statistic is evaluated for each Monte Carlo sample, only
remaining unknown parameters of the null-hypothesized distribution
family are fit to the samples; the known parameters are held fixed.",https://docs.scipy.org/doc/scipy/reference/generated/scipy.stats.goodness_of_fit.html#scipy.stats.goodness_of_fit
note,Notes,https://docs.scipy.org/doc/scipy/reference/generated/scipy.stats.goodness_of_fit.html#scipy.stats.goodness_of_fit
only,"Users
perform the test by calculating the value of the test statistic only for
their observed data and comparing this value to tabulated critical
values.",https://docs.scipy.org/doc/scipy/reference/generated/scipy.stats.goodness_of_fit.html#scipy.stats.goodness_of_fit
must,"The test can be very slow for some distribution families because unknown
parameters of the distribution family must be fit to each of the Monte
Carlo samples, and for most distributions in SciPy, distribution fitting
performed via numerical optimization.",https://docs.scipy.org/doc/scipy/reference/generated/scipy.stats.goodness_of_fit.html#scipy.stats.goodness_of_fit
should,"“Permutation P-values Should
Never Be Zero: Calculating Exact P-values When Permutations Are
Randomly Drawn.",https://docs.scipy.org/doc/scipy/reference/generated/scipy.stats.goodness_of_fit.html#scipy.stats.goodness_of_fit
must,"Of course, to do this, the normal distribution under the null
hypothesis must be fully specified.",https://docs.scipy.org/doc/scipy/reference/generated/scipy.stats.goodness_of_fit.html#scipy.stats.goodness_of_fit
only,"This is commonly done by first fitting
the loc and scale parameters of the distribution to the observed
data, then performing the test.",https://docs.scipy.org/doc/scipy/reference/generated/scipy.stats.goodness_of_fit.html#scipy.stats.goodness_of_fit
only,"goodness_of_fit can only approximate these
results.",https://docs.scipy.org/doc/scipy/reference/generated/scipy.stats.goodness_of_fit.html#scipy.stats.goodness_of_fit
only,"However, in many cases, we would prefer to test only that the data were
sampled from one of any member of the normal distribution family, not
specifically from the normal distribution with the location and scale
fitted to the observed sample.",https://docs.scipy.org/doc/scipy/reference/generated/scipy.stats.goodness_of_fit.html#scipy.stats.goodness_of_fit
note,"Note that in the KS test above, the statistic
always compares data against the CDF of a normal distribution fitted to the
observed data.",https://docs.scipy.org/doc/scipy/reference/generated/scipy.stats.goodness_of_fit.html#scipy.stats.goodness_of_fit
must,"A further advantage is that use of goodness_of_fit is not limited to
a particular set of distributions or conditions on which parameters
are known versus which must be estimated from data.",https://docs.scipy.org/doc/scipy/reference/generated/scipy.stats.goodness_of_fit.html#scipy.stats.goodness_of_fit
should,"This executes fairly quickly, but to check the reliability of the fit
method, we should inspect the fit result.",https://docs.scipy.org/doc/scipy/reference/generated/scipy.stats.goodness_of_fit.html#scipy.stats.goodness_of_fit
should,"We should also look for extreme outliers in the null distribution that
may be caused by unreliable fitting.",https://docs.scipy.org/doc/scipy/reference/generated/scipy.stats.goodness_of_fit.html#scipy.stats.goodness_of_fit
note,Release notes,https://docs.scipy.org/doc/scipy/reference/generated/scipy.stats.chisquare.html#scipy.stats.chisquare
note,Notes,https://docs.scipy.org/doc/scipy/reference/generated/scipy.stats.chisquare.html#scipy.stats.chisquare
should,"A typical rule is that all of the observed
and expected frequencies should be at least 5.",https://docs.scipy.org/doc/scipy/reference/generated/scipy.stats.chisquare.html#scipy.stats.chisquare
should,"According to [3], the
total number of samples is recommended to be greater than 13,
otherwise exact tests (such as Barnard’s Exact test) should be used
because they do not overreject.",https://docs.scipy.org/doc/scipy/reference/generated/scipy.stats.chisquare.html#scipy.stats.chisquare
must,"Also, the sum of the observed and expected frequencies must be the same
for the test to be valid; chisquare raises an error if the sums do not
agree within a relative tolerance of 1e-8.",https://docs.scipy.org/doc/scipy/reference/generated/scipy.stats.chisquare.html#scipy.stats.chisquare
note,Release notes,https://docs.scipy.org/doc/scipy/reference/generated/scipy.stats.power_divergence.html#scipy.stats.power_divergence
note,Notes,https://docs.scipy.org/doc/scipy/reference/generated/scipy.stats.power_divergence.html#scipy.stats.power_divergence
should,"A typical rule is that all of the observed
and expected frequencies should be at least 5.",https://docs.scipy.org/doc/scipy/reference/generated/scipy.stats.power_divergence.html#scipy.stats.power_divergence
must,"Also, the sum of the observed and expected frequencies must be the same
for the test to be valid; power_divergence raises an error if the sums
do not agree within a relative tolerance of 1e-8.",https://docs.scipy.org/doc/scipy/reference/generated/scipy.stats.power_divergence.html#scipy.stats.power_divergence
warning,"When lambda_ is less than zero, the formula for the statistic involves
dividing by f_obs, so a warning or error may be generated if any value
in f_obs is 0.",https://docs.scipy.org/doc/scipy/reference/generated/scipy.stats.power_divergence.html#scipy.stats.power_divergence
warning,"Similarly, a warning or error may be generated if any value in f_exp is
zero when lambda_ >= 0.",https://docs.scipy.org/doc/scipy/reference/generated/scipy.stats.power_divergence.html#scipy.stats.power_divergence
note,Release notes,https://docs.scipy.org/doc/scipy/reference/generated/scipy.stats.ttest_rel.html#scipy.stats.ttest_rel
must,The arrays must have the same shape.,https://docs.scipy.org/doc/scipy/reference/generated/scipy.stats.ttest_rel.html#scipy.stats.ttest_rel
note,Notes,https://docs.scipy.org/doc/scipy/reference/generated/scipy.stats.ttest_rel.html#scipy.stats.ttest_rel
note,Release notes,https://docs.scipy.org/doc/scipy/reference/generated/scipy.stats.wilcoxon.html#scipy.stats.wilcoxon
must,")  Must be
one-dimensional.",https://docs.scipy.org/doc/scipy/reference/generated/scipy.stats.wilcoxon.html#scipy.stats.wilcoxon
must,)  Must be one-dimensional.,https://docs.scipy.org/doc/scipy/reference/generated/scipy.stats.wilcoxon.html#scipy.stats.wilcoxon
warning,Warning,https://docs.scipy.org/doc/scipy/reference/generated/scipy.stats.wilcoxon.html#scipy.stats.wilcoxon
only,"Rather than passing x and y separately,
consider computing the difference x - y, rounding as needed to
ensure that only truly unique elements are numerically distinct,
and passing the result as x, leaving y at the default (None).",https://docs.scipy.org/doc/scipy/reference/generated/scipy.stats.wilcoxon.html#scipy.stats.wilcoxon
note,"Method to calculate the p-value, see Notes.",https://docs.scipy.org/doc/scipy/reference/generated/scipy.stats.wilcoxon.html#scipy.stats.wilcoxon
note,Notes,https://docs.scipy.org/doc/scipy/reference/generated/scipy.stats.wilcoxon.html#scipy.stats.wilcoxon
only,"If method='approx', the z-statistic is adjusted
for more accurate comparison against the standard normal, but still,
for finite sample sizes, the standard normal is only an approximation of
the true null distribution of the z-statistic.",https://docs.scipy.org/doc/scipy/reference/generated/scipy.stats.wilcoxon.html#scipy.stats.wilcoxon
note,"Note that the statistic changed to 96 in the one-sided case (the sum
of ranks of positive differences) whereas it is 24 in the two-sided
case (the minimum of sum of ranks above and below zero).",https://docs.scipy.org/doc/scipy/reference/generated/scipy.stats.wilcoxon.html#scipy.stats.wilcoxon
note,"Note that had we calculated the differences by hand, the test would have
produced different results:",https://docs.scipy.org/doc/scipy/reference/generated/scipy.stats.wilcoxon.html#scipy.stats.wilcoxon
note,Release notes,https://docs.scipy.org/doc/scipy/reference/generated/scipy.stats.linregress.html#scipy.stats.linregress
should,Both arrays should have the same length.,https://docs.scipy.org/doc/scipy/reference/generated/scipy.stats.linregress.html#scipy.stats.linregress
must,"If
only x is given (and y=None), then it must be a two-dimensional
array where one dimension has length 2.",https://docs.scipy.org/doc/scipy/reference/generated/scipy.stats.linregress.html#scipy.stats.linregress
only,"If
only x is given (and y=None), then it must be a two-dimensional
array where one dimension has length 2.",https://docs.scipy.org/doc/scipy/reference/generated/scipy.stats.linregress.html#scipy.stats.linregress
note,Notes,https://docs.scipy.org/doc/scipy/reference/generated/scipy.stats.linregress.html#scipy.stats.linregress
note,Release notes,https://docs.scipy.org/doc/scipy/reference/generated/scipy.stats.pearsonr.html#scipy.stats.pearsonr
note,"Otherwise, the p-value is computed as documented in the notes.",https://docs.scipy.org/doc/scipy/reference/generated/scipy.stats.pearsonr.html#scipy.stats.pearsonr
note,Notes,https://docs.scipy.org/doc/scipy/reference/generated/scipy.stats.pearsonr.html#scipy.stats.pearsonr
only,"= y2, the only possible values for r are 1
and -1.",https://docs.scipy.org/doc/scipy/reference/generated/scipy.stats.pearsonr.html#scipy.stats.pearsonr
should,This should be close to the exact value given by,https://docs.scipy.org/doc/scipy/reference/generated/scipy.stats.pearsonr.html#scipy.stats.pearsonr
note,"Note that the correlation
between x and y is zero.",https://docs.scipy.org/doc/scipy/reference/generated/scipy.stats.pearsonr.html#scipy.stats.pearsonr
note,Release notes,https://docs.scipy.org/doc/scipy/reference/generated/scipy.stats.spearmanr.html#scipy.stats.spearmanr
only,"Although calculation of the
p-value does not make strong assumptions about the distributions underlying
the samples, it is only accurate for very large samples (>500
observations).",https://docs.scipy.org/doc/scipy/reference/generated/scipy.stats.spearmanr.html#scipy.stats.spearmanr
only,"Spearman correlation matrix or correlation coefficient (if only 2
variables are given as parameters).",https://docs.scipy.org/doc/scipy/reference/generated/scipy.stats.spearmanr.html#scipy.stats.spearmanr
should,"“Permutation P-values Should Never Be
Zero: Calculating Exact P-values When Permutations Are Randomly Drawn.",https://docs.scipy.org/doc/scipy/reference/generated/scipy.stats.spearmanr.html#scipy.stats.spearmanr
should,"The threshold for values that will be considered “small” is a choice that
should be made before the data is analyzed [5] with consideration of the
risks of both false positives (incorrectly rejecting the null hypothesis)
and false negatives (failure to reject a false null hypothesis).",https://docs.scipy.org/doc/scipy/reference/generated/scipy.stats.spearmanr.html#scipy.stats.spearmanr
should,"The threshold for values that will be considered “small” is a choice that
should be made before the data is analyzed [5] with consideration of the
risks of both false positives (incorrectly rejecting the null hypothesis)
and false negatives (failure to reject a false null hypothesis).",https://docs.scipy.org/doc/scipy/reference/generated/scipy.stats.spearmanr.html#scipy.stats.spearmanr
only,"Small p-values are not evidence for a large effect; rather, they can
only provide evidence for a “significant” effect, meaning that they are
unlikely to have occurred under the null hypothesis.",https://docs.scipy.org/doc/scipy/reference/generated/scipy.stats.spearmanr.html#scipy.stats.spearmanr
only,"Small p-values are not evidence for a large effect; rather, they can
only provide evidence for a “significant” effect, meaning that they are
unlikely to have occurred under the null hypothesis.",https://docs.scipy.org/doc/scipy/reference/generated/scipy.stats.spearmanr.html#scipy.stats.spearmanr
only,"In this case, only those
values in the null distribution that are as great or greater than the
observed statistic are considered to be more extreme.",https://docs.scipy.org/doc/scipy/reference/generated/scipy.stats.spearmanr.html#scipy.stats.spearmanr
note,"Note that the t-distribution provides an asymptotic approximation of the
null distribution; it is only accurate for samples with many observations.",https://docs.scipy.org/doc/scipy/reference/generated/scipy.stats.spearmanr.html#scipy.stats.spearmanr
only,"Note that the t-distribution provides an asymptotic approximation of the
null distribution; it is only accurate for samples with many observations.",https://docs.scipy.org/doc/scipy/reference/generated/scipy.stats.spearmanr.html#scipy.stats.spearmanr
note,Release notes,https://docs.scipy.org/doc/scipy/reference/generated/scipy.stats.pointbiserialr.html#scipy.stats.pointbiserialr
note,Notes,https://docs.scipy.org/doc/scipy/reference/generated/scipy.stats.pointbiserialr.html#scipy.stats.pointbiserialr
note,Release notes,https://docs.scipy.org/doc/scipy/reference/generated/scipy.stats.kendalltau.html#scipy.stats.kendalltau
only,"These
differ only in how they are normalized to lie within the range -1 to 1;
the hypothesis tests (their p-values) are identical.",https://docs.scipy.org/doc/scipy/reference/generated/scipy.stats.kendalltau.html#scipy.stats.kendalltau
only,"‘exact’: computes the exact p-value, but can only be used if no ties
are present.",https://docs.scipy.org/doc/scipy/reference/generated/scipy.stats.kendalltau.html#scipy.stats.kendalltau
only,"‘exact’: computes the exact p-value, but can only be used if no ties
are present.",https://docs.scipy.org/doc/scipy/reference/generated/scipy.stats.kendalltau.html#scipy.stats.kendalltau
note,Notes,https://docs.scipy.org/doc/scipy/reference/generated/scipy.stats.kendalltau.html#scipy.stats.kendalltau
only,"where P is the number of concordant pairs, Q the number of discordant
pairs, T the number of ties only in x, and U the number of ties only in
y.",https://docs.scipy.org/doc/scipy/reference/generated/scipy.stats.kendalltau.html#scipy.stats.kendalltau
should,"“Permutation P-values Should Never Be
Zero: Calculating Exact P-values When Permutations Are Randomly
Drawn.",https://docs.scipy.org/doc/scipy/reference/generated/scipy.stats.kendalltau.html#scipy.stats.kendalltau
note,"Note that there is slight disagreement between the shaded area of the curve
and the p-value returned by kendalltau.",https://docs.scipy.org/doc/scipy/reference/generated/scipy.stats.kendalltau.html#scipy.stats.kendalltau
should,"The threshold for values that will be considered “small” is a choice that
should be made before the data is analyzed [8] with consideration of the
risks of both false positives (incorrectly rejecting the null hypothesis)
and false negatives (failure to reject a false null hypothesis).",https://docs.scipy.org/doc/scipy/reference/generated/scipy.stats.kendalltau.html#scipy.stats.kendalltau
should,"The threshold for values that will be considered “small” is a choice that
should be made before the data is analyzed [8] with consideration of the
risks of both false positives (incorrectly rejecting the null hypothesis)
and false negatives (failure to reject a false null hypothesis).",https://docs.scipy.org/doc/scipy/reference/generated/scipy.stats.kendalltau.html#scipy.stats.kendalltau
only,"Small p-values are not evidence for a large effect; rather, they can
only provide evidence for a “significant” effect, meaning that they are
unlikely to have occurred under the null hypothesis.",https://docs.scipy.org/doc/scipy/reference/generated/scipy.stats.kendalltau.html#scipy.stats.kendalltau
only,"Small p-values are not evidence for a large effect; rather, they can
only provide evidence for a “significant” effect, meaning that they are
unlikely to have occurred under the null hypothesis.",https://docs.scipy.org/doc/scipy/reference/generated/scipy.stats.kendalltau.html#scipy.stats.kendalltau
note,"Note that there is significant disagreement between the exact p-value
calculated here and the approximation returned by kendalltau above.",https://docs.scipy.org/doc/scipy/reference/generated/scipy.stats.kendalltau.html#scipy.stats.kendalltau
note,Release notes,https://docs.scipy.org/doc/scipy/reference/generated/scipy.stats.weightedtau.html#scipy.stats.weightedtau
only,"Specifying a rank array is meaningful only if you have in mind an
external criterion of importance.",https://docs.scipy.org/doc/scipy/reference/generated/scipy.stats.weightedtau.html#scipy.stats.weightedtau
note,"Note that the convention used
here for ranking (lower values imply higher importance) is opposite
to that used by other SciPy statistical functions.",https://docs.scipy.org/doc/scipy/reference/generated/scipy.stats.weightedtau.html#scipy.stats.weightedtau
must,"Must map nonnegative integers (zero
representing the most important element) to a nonnegative weight.",https://docs.scipy.org/doc/scipy/reference/generated/scipy.stats.weightedtau.html#scipy.stats.weightedtau
note,Notes,https://docs.scipy.org/doc/scipy/reference/generated/scipy.stats.weightedtau.html#scipy.stats.weightedtau
note,Release notes,https://docs.scipy.org/doc/scipy/reference/generated/scipy.stats.somersd.html#scipy.stats.somersd
note,"Note that the definition of Somers’ \(D\) is asymmetric: in general,
\(D(Y|X) \neq D(X|Y)\).",https://docs.scipy.org/doc/scipy/reference/generated/scipy.stats.somersd.html#scipy.stats.somersd
note,See notes for more information.,https://docs.scipy.org/doc/scipy/reference/generated/scipy.stats.somersd.html#scipy.stats.somersd
note,Notes,https://docs.scipy.org/doc/scipy/reference/generated/scipy.stats.somersd.html#scipy.stats.somersd
should,"Theoretically, hypothesis tests based on Kendall’s \(tau\) and Somers’
\(D\) should be identical.",https://docs.scipy.org/doc/scipy/reference/generated/scipy.stats.somersd.html#scipy.stats.somersd
note,Release notes,https://docs.scipy.org/doc/scipy/reference/generated/scipy.stats.siegelslopes.html#scipy.stats.siegelslopes
note,See Notes for details.,https://docs.scipy.org/doc/scipy/reference/generated/scipy.stats.siegelslopes.html#scipy.stats.siegelslopes
note,Notes,https://docs.scipy.org/doc/scipy/reference/generated/scipy.stats.siegelslopes.html#scipy.stats.siegelslopes
note,Release notes,https://docs.scipy.org/doc/scipy/reference/generated/scipy.stats.theilslopes.html#scipy.stats.theilslopes
note,Note that alpha is symmetric around 0.,https://docs.scipy.org/doc/scipy/reference/generated/scipy.stats.theilslopes.html#scipy.stats.theilslopes
note,Notes,https://docs.scipy.org/doc/scipy/reference/generated/scipy.stats.theilslopes.html#scipy.stats.theilslopes
note,"The Theil-Sen regression line is shown in red, with the
dashed red lines illustrating the confidence interval of the slope (note
that the dashed red lines are not the confidence interval of the regression
as the confidence interval of the intercept is not included).",https://docs.scipy.org/doc/scipy/reference/generated/scipy.stats.theilslopes.html#scipy.stats.theilslopes
note,Release notes,https://docs.scipy.org/doc/scipy/reference/generated/scipy.stats.page_trend_test.html#scipy.stats.page_trend_test
note,"As noted by [4], Page’s \(L\) test has greater statistical power than
the Friedman test against the alternative that there is a difference in
trend, as Friedman’s test only considers a difference in the means of the
observations without considering their order.",https://docs.scipy.org/doc/scipy/reference/generated/scipy.stats.page_trend_test.html#scipy.stats.page_trend_test
only,"As noted by [4], Page’s \(L\) test has greater statistical power than
the Friedman test against the alternative that there is a difference in
trend, as Friedman’s test only considers a difference in the means of the
observations without considering their order.",https://docs.scipy.org/doc/scipy/reference/generated/scipy.stats.page_trend_test.html#scipy.stats.page_trend_test
note,Notes,https://docs.scipy.org/doc/scipy/reference/generated/scipy.stats.page_trend_test.html#scipy.stats.page_trend_test
note,"As noted in [1], “the \(n\) ‘treatments’ could just as well represent
\(n\) objects or events or performances or persons or trials ranked.",https://docs.scipy.org/doc/scipy/reference/generated/scipy.stats.page_trend_test.html#scipy.stats.page_trend_test
should,"If a one-sided test
is desired, as will almost always be the case, the probability
discovered in the chi-square table should be halved.",https://docs.scipy.org/doc/scipy/reference/generated/scipy.stats.page_trend_test.html#scipy.stats.page_trend_test
should,"Because the tutorial is hypothesized to have the lowest ratings, the
column corresponding with tutorial rankings should be first; the seminar
is hypothesized to have the highest ratings, so its column should be last.",https://docs.scipy.org/doc/scipy/reference/generated/scipy.stats.page_trend_test.html#scipy.stats.page_trend_test
note,Release notes,https://docs.scipy.org/doc/scipy/reference/generated/scipy.stats.chi2_contingency.html#scipy.stats.chi2_contingency
note,Notes,https://docs.scipy.org/doc/scipy/reference/generated/scipy.stats.chi2_contingency.html#scipy.stats.chi2_contingency
only,"An often quoted guideline for the validity of this calculation is that
the test should be used only if the observed and expected frequencies
in each cell are at least 5.",https://docs.scipy.org/doc/scipy/reference/generated/scipy.stats.chi2_contingency.html#scipy.stats.chi2_contingency
should,"An often quoted guideline for the validity of this calculation is that
the test should be used only if the observed and expected frequencies
in each cell are at least 5.",https://docs.scipy.org/doc/scipy/reference/generated/scipy.stats.chi2_contingency.html#scipy.stats.chi2_contingency
only,"The test is only meaningful when the dimension of
observed is two or more.",https://docs.scipy.org/doc/scipy/reference/generated/scipy.stats.chi2_contingency.html#scipy.stats.chi2_contingency
note,Release notes,https://docs.scipy.org/doc/scipy/reference/generated/scipy.stats.fisher_exact.html#scipy.stats.fisher_exact
must,"The null hypothesis is that the true odds ratio of the populations
underlying the observations is one, and the observations were sampled
from these populations under a condition: the marginals of the
resulting table must equal those of the observed table.",https://docs.scipy.org/doc/scipy/reference/generated/scipy.stats.fisher_exact.html#scipy.stats.fisher_exact
note,"There are other possible choices of statistic and two-sided
p-value definition associated with Fisher’s exact test; please see the
Notes for more information.",https://docs.scipy.org/doc/scipy/reference/generated/scipy.stats.fisher_exact.html#scipy.stats.fisher_exact
must,Elements must be non-negative integers.,https://docs.scipy.org/doc/scipy/reference/generated/scipy.stats.fisher_exact.html#scipy.stats.fisher_exact
note,See the Notes for more details.,https://docs.scipy.org/doc/scipy/reference/generated/scipy.stats.fisher_exact.html#scipy.stats.fisher_exact
note,Notes,https://docs.scipy.org/doc/scipy/reference/generated/scipy.stats.fisher_exact.html#scipy.stats.fisher_exact
must,"The null hypothesis is that the true odds ratio of the populations
underlying the observations is one, and the observations were sampled at
random from these populations under a condition: the marginals of the
resulting table must equal those of the observed table.",https://docs.scipy.org/doc/scipy/reference/generated/scipy.stats.fisher_exact.html#scipy.stats.fisher_exact
note,Note,https://docs.scipy.org/doc/scipy/reference/generated/scipy.stats.fisher_exact.html#scipy.stats.fisher_exact
note,Release notes,https://docs.scipy.org/doc/scipy/reference/generated/scipy.stats.barnard_exact.html#scipy.stats.barnard_exact
should,Elements should be non-negative integers.,https://docs.scipy.org/doc/scipy/reference/generated/scipy.stats.barnard_exact.html#scipy.stats.barnard_exact
note,Please see explanations in the Notes section below.,https://docs.scipy.org/doc/scipy/reference/generated/scipy.stats.barnard_exact.html#scipy.stats.barnard_exact
note,"Note that this argument will automatically be converted to
the next higher power of 2 since scipy.",https://docs.scipy.org/doc/scipy/reference/generated/scipy.stats.barnard_exact.html#scipy.stats.barnard_exact
must,Must be positive.,https://docs.scipy.org/doc/scipy/reference/generated/scipy.stats.barnard_exact.html#scipy.stats.barnard_exact
note,Notes,https://docs.scipy.org/doc/scipy/reference/generated/scipy.stats.barnard_exact.html#scipy.stats.barnard_exact
only,"Twelve of the 15 subjects in the placebo
group (80%) eventually became infected with influenza whereas for the
vaccine group, only 7 of the 15 subjects (47%) became infected.",https://docs.scipy.org/doc/scipy/reference/generated/scipy.stats.barnard_exact.html#scipy.stats.barnard_exact
only,"Fisher’s test
should only be used when both sets of marginals are fixed.",https://docs.scipy.org/doc/scipy/reference/generated/scipy.stats.barnard_exact.html#scipy.stats.barnard_exact
should,"Fisher’s test
should only be used when both sets of marginals are fixed.",https://docs.scipy.org/doc/scipy/reference/generated/scipy.stats.barnard_exact.html#scipy.stats.barnard_exact
note,Release notes,https://docs.scipy.org/doc/scipy/reference/generated/scipy.stats.boschloo_exact.html#scipy.stats.boschloo_exact
should,Elements should be non-negative integers.,https://docs.scipy.org/doc/scipy/reference/generated/scipy.stats.boschloo_exact.html#scipy.stats.boschloo_exact
note,Please see explanations in the Notes section below.,https://docs.scipy.org/doc/scipy/reference/generated/scipy.stats.boschloo_exact.html#scipy.stats.boschloo_exact
note,"Note that this argument will automatically be converted to
the next higher power of 2 since scipy.",https://docs.scipy.org/doc/scipy/reference/generated/scipy.stats.boschloo_exact.html#scipy.stats.boschloo_exact
must,Must be positive.,https://docs.scipy.org/doc/scipy/reference/generated/scipy.stats.boschloo_exact.html#scipy.stats.boschloo_exact
note,Notes,https://docs.scipy.org/doc/scipy/reference/generated/scipy.stats.boschloo_exact.html#scipy.stats.boschloo_exact
note,"Note that fisher_exact follows a
different convention, so for a given table, the statistic reported by
boschloo_exact may differ from the p-value reported by fisher_exact
when alternative='two-sided'.",https://docs.scipy.org/doc/scipy/reference/generated/scipy.stats.boschloo_exact.html#scipy.stats.boschloo_exact
note,Release notes,https://docs.scipy.org/doc/scipy/reference/generated/scipy.stats.ttest_ind_from_stats.html#scipy.stats.ttest_ind_from_stats
note,Notes,https://docs.scipy.org/doc/scipy/reference/generated/scipy.stats.ttest_ind_from_stats.html#scipy.stats.ttest_ind_from_stats
warning,"abs(std2),
respectively, instead; no exceptions or warnings will be emitted.",https://docs.scipy.org/doc/scipy/reference/generated/scipy.stats.ttest_ind_from_stats.html#scipy.stats.ttest_ind_from_stats
note,Release notes,https://docs.scipy.org/doc/scipy/reference/generated/scipy.stats.poisson_means_test.html#scipy.stats.poisson_means_test
note,Notes,https://docs.scipy.org/doc/scipy/reference/generated/scipy.stats.poisson_means_test.html#scipy.stats.poisson_means_test
note,Release notes,https://docs.scipy.org/doc/scipy/reference/generated/scipy.stats.ttest_ind.html#scipy.stats.ttest_ind
must,"The arrays must have the same shape, except in the dimension
corresponding to axis (the first, by default).",https://docs.scipy.org/doc/scipy/reference/generated/scipy.stats.ttest_ind.html#scipy.stats.ttest_ind
note,See Notes for details.,https://docs.scipy.org/doc/scipy/reference/generated/scipy.stats.ttest_ind.html#scipy.stats.ttest_ind
only,"Pseudorandom number generator state used to generate permutations
(used only when permutations is not None).",https://docs.scipy.org/doc/scipy/reference/generated/scipy.stats.ttest_ind.html#scipy.stats.ttest_ind
note,Notes,https://docs.scipy.org/doc/scipy/reference/generated/scipy.stats.ttest_ind.html#scipy.stats.ttest_ind
note,"Note that there are other ways of
estimating p-values using randomized permutation tests; for other
options, see the more general permutation_test.",https://docs.scipy.org/doc/scipy/reference/generated/scipy.stats.ttest_ind.html#scipy.stats.ttest_ind
only,Use of trimming is commonly referred to as the trimmed t-test.,https://docs.scipy.org/doc/scipy/reference/generated/scipy.stats.ttest_ind.html#scipy.stats.ttest_ind
note,Release notes,https://docs.scipy.org/doc/scipy/reference/generated/scipy.stats.mannwhitneyu.html#scipy.stats.mannwhitneyu
must,"The arrays must be broadcastable except along
the dimension given by axis.",https://docs.scipy.org/doc/scipy/reference/generated/scipy.stats.mannwhitneyu.html#scipy.stats.mannwhitneyu
should,Whether a continuity correction (1/2) should be applied.,https://docs.scipy.org/doc/scipy/reference/generated/scipy.stats.mannwhitneyu.html#scipy.stats.mannwhitneyu
note,"Note that the mathematical expressions in the alternative hypotheses
above describe the CDFs of the underlying distributions.",https://docs.scipy.org/doc/scipy/reference/generated/scipy.stats.mannwhitneyu.html#scipy.stats.mannwhitneyu
note,"See
Notes for the test statistic corresponding with sample y.",https://docs.scipy.org/doc/scipy/reference/generated/scipy.stats.mannwhitneyu.html#scipy.stats.mannwhitneyu
note,Notes,https://docs.scipy.org/doc/scipy/reference/generated/scipy.stats.mannwhitneyu.html#scipy.stats.mannwhitneyu
note,"Note that the exact method is not corrected for ties, but
mannwhitneyu will not raise errors or warnings if there are ties in the
data.",https://docs.scipy.org/doc/scipy/reference/generated/scipy.stats.mannwhitneyu.html#scipy.stats.mannwhitneyu
warning,"Note that the exact method is not corrected for ties, but
mannwhitneyu will not raise errors or warnings if there are ties in the
data.",https://docs.scipy.org/doc/scipy/reference/generated/scipy.stats.mannwhitneyu.html#scipy.stats.mannwhitneyu
note,Release notes,https://docs.scipy.org/doc/scipy/reference/generated/scipy.stats.bws_test.html#scipy.stats.bws_test
note,Notes,https://docs.scipy.org/doc/scipy/reference/generated/scipy.stats.bws_test.html#scipy.stats.bws_test
note,Release notes,https://docs.scipy.org/doc/scipy/reference/generated/scipy.stats.ranksums.html#scipy.stats.ranksums
should,"This test should be used to compare two samples from continuous
distributions.",https://docs.scipy.org/doc/scipy/reference/generated/scipy.stats.ranksums.html#scipy.stats.ranksums
note,Notes,https://docs.scipy.org/doc/scipy/reference/generated/scipy.stats.ranksums.html#scipy.stats.ranksums
note,Release notes,https://docs.scipy.org/doc/scipy/reference/generated/scipy.stats.brunnermunzel.html#scipy.stats.brunnermunzel
note,"Note that this does not assume
the distributions are same.",https://docs.scipy.org/doc/scipy/reference/generated/scipy.stats.brunnermunzel.html#scipy.stats.brunnermunzel
should,"Array of samples, should be one-dimensional.",https://docs.scipy.org/doc/scipy/reference/generated/scipy.stats.brunnermunzel.html#scipy.stats.brunnermunzel
note,Notes,https://docs.scipy.org/doc/scipy/reference/generated/scipy.stats.brunnermunzel.html#scipy.stats.brunnermunzel
note,Release notes,https://docs.scipy.org/doc/scipy/reference/generated/scipy.stats.mood.html#scipy.stats.mood
note,Notes,https://docs.scipy.org/doc/scipy/reference/generated/scipy.stats.mood.html#scipy.stats.mood
note,"Note that
n1 and m1 don’t have to be equal, but the other dimensions do.",https://docs.scipy.org/doc/scipy/reference/generated/scipy.stats.mood.html#scipy.stats.mood
note,Release notes,https://docs.scipy.org/doc/scipy/reference/generated/scipy.stats.ansari.html#scipy.stats.ansari
note,Notes,https://docs.scipy.org/doc/scipy/reference/generated/scipy.stats.ansari.html#scipy.stats.ansari
note,edu/~helwig/notes/npde-Notes.,https://docs.scipy.org/doc/scipy/reference/generated/scipy.stats.ansari.html#scipy.stats.ansari
should,"These samples are drawn
from the same distribution, so we expect the Ansari-Bradley test
should not lead us to conclude that the scales of the distributions
are different.",https://docs.scipy.org/doc/scipy/reference/generated/scipy.stats.ansari.html#scipy.stats.ansari
only,"The probability of observing such an extreme value of the statistic
under the null hypothesis of equal scales is only 0.",https://docs.scipy.org/doc/scipy/reference/generated/scipy.stats.ansari.html#scipy.stats.ansari
note,Release notes,https://docs.scipy.org/doc/scipy/reference/generated/scipy.stats.cramervonmises_2samp.html#scipy.stats.cramervonmises_2samp
note,"The method used to compute the p-value, see Notes for details.",https://docs.scipy.org/doc/scipy/reference/generated/scipy.stats.cramervonmises_2samp.html#scipy.stats.cramervonmises_2samp
note,Notes,https://docs.scipy.org/doc/scipy/reference/generated/scipy.stats.cramervonmises_2samp.html#scipy.stats.cramervonmises_2samp
note,Release notes,https://docs.scipy.org/doc/scipy/reference/generated/scipy.stats.epps_singleton_2samp.html#scipy.stats.epps_singleton_2samp
must,"Input must not have more
than one dimension.",https://docs.scipy.org/doc/scipy/reference/generated/scipy.stats.epps_singleton_2samp.html#scipy.stats.epps_singleton_2samp
should,It should be positive distinct numbers.,https://docs.scipy.org/doc/scipy/reference/generated/scipy.stats.epps_singleton_2samp.html#scipy.stats.epps_singleton_2samp
must,"Input must not have more than
one dimension.",https://docs.scipy.org/doc/scipy/reference/generated/scipy.stats.epps_singleton_2samp.html#scipy.stats.epps_singleton_2samp
note,Notes,https://docs.scipy.org/doc/scipy/reference/generated/scipy.stats.epps_singleton_2samp.html#scipy.stats.epps_singleton_2samp
note,Release notes,https://docs.scipy.org/doc/scipy/reference/generated/scipy.stats.ks_2samp.html#scipy.stats.ks_2samp
note,"See Notes for a description of the available
null and alternative hypotheses.",https://docs.scipy.org/doc/scipy/reference/generated/scipy.stats.ks_2samp.html#scipy.stats.ks_2samp
note,Please see explanations in the Notes below.,https://docs.scipy.org/doc/scipy/reference/generated/scipy.stats.ks_2samp.html#scipy.stats.ks_2samp
note,Notes,https://docs.scipy.org/doc/scipy/reference/generated/scipy.stats.ks_2samp.html#scipy.stats.ks_2samp
note,"Note that the alternative hypotheses describe the CDFs of the
underlying distributions, not the observed values of the data.",https://docs.scipy.org/doc/scipy/reference/generated/scipy.stats.ks_2samp.html#scipy.stats.ks_2samp
warning,"In any case, if an exact p-value calculation is attempted and fails, a
warning will be emitted, and the asymptotic p-value will be returned.",https://docs.scipy.org/doc/scipy/reference/generated/scipy.stats.ks_2samp.html#scipy.stats.ks_2samp
only,"It is most suited to
situations in which one of the sample sizes is only a few thousand.",https://docs.scipy.org/doc/scipy/reference/generated/scipy.stats.ks_2samp.html#scipy.stats.ks_2samp
note,Release notes,https://docs.scipy.org/doc/scipy/reference/generated/scipy.stats.kstest.html#scipy.stats.kstest
only,"Both tests are valid
only for continuous distributions.",https://docs.scipy.org/doc/scipy/reference/generated/scipy.stats.kstest.html#scipy.stats.kstest
should,"If an array, it should be a 1-D array of observations of random
variables.",https://docs.scipy.org/doc/scipy/reference/generated/scipy.stats.kstest.html#scipy.stats.kstest
should,"If a callable, it should be a function to generate random variables;
it is required to have a keyword argument size.",https://docs.scipy.org/doc/scipy/reference/generated/scipy.stats.kstest.html#scipy.stats.kstest
should,"If a string, it should be the name of a distribution in scipy.",https://docs.scipy.org/doc/scipy/reference/generated/scipy.stats.kstest.html#scipy.stats.kstest
must,"If array_like, it should be a 1-D array of observations of random
variables, and the two-sample test is performed
(and rvs must be array_like).",https://docs.scipy.org/doc/scipy/reference/generated/scipy.stats.kstest.html#scipy.stats.kstest
should,"If array_like, it should be a 1-D array of observations of random
variables, and the two-sample test is performed
(and rvs must be array_like).",https://docs.scipy.org/doc/scipy/reference/generated/scipy.stats.kstest.html#scipy.stats.kstest
should,"If a string, it should be the name of a distribution in scipy.",https://docs.scipy.org/doc/scipy/reference/generated/scipy.stats.kstest.html#scipy.stats.kstest
note,Please see explanations in the Notes below.,https://docs.scipy.org/doc/scipy/reference/generated/scipy.stats.kstest.html#scipy.stats.kstest
note,Notes,https://docs.scipy.org/doc/scipy/reference/generated/scipy.stats.kstest.html#scipy.stats.kstest
note,"Note that the alternative hypotheses describe the CDFs of the
underlying distributions, not the observed values.",https://docs.scipy.org/doc/scipy/reference/generated/scipy.stats.kstest.html#scipy.stats.kstest
note,"Note that kstest can also perform two-sample
tests identical to those performed by ks_2samp.",https://docs.scipy.org/doc/scipy/reference/generated/scipy.stats.kstest.html#scipy.stats.kstest
note,Release notes,https://docs.scipy.org/doc/scipy/reference/generated/scipy.stats.f_oneway.html#scipy.stats.f_oneway
must,"There must be at least
two arguments.",https://docs.scipy.org/doc/scipy/reference/generated/scipy.stats.f_oneway.html#scipy.stats.f_oneway
must,"If the arrays are multidimensional, then all the
dimensions of the array must be the same except for axis.",https://docs.scipy.org/doc/scipy/reference/generated/scipy.stats.f_oneway.html#scipy.stats.f_oneway
note,Notes,https://docs.scipy.org/doc/scipy/reference/generated/scipy.stats.f_oneway.html#scipy.stats.f_oneway
must,"The ANOVA test has important assumptions that must be satisfied in order
for the associated p-value to be valid.",https://docs.scipy.org/doc/scipy/reference/generated/scipy.stats.f_oneway.html#scipy.stats.f_oneway
must,"The length of each group must be at least one, and there must be at
least one group with length greater than one.",https://docs.scipy.org/doc/scipy/reference/generated/scipy.stats.f_oneway.html#scipy.stats.f_oneway
warning,"If these conditions
are not satisfied, a warning is generated and (np.",https://docs.scipy.org/doc/scipy/reference/generated/scipy.stats.f_oneway.html#scipy.stats.f_oneway
warning,"If all values in each group are identical, and there exist at least two
groups with different values, the function generates a warning and
returns (np.",https://docs.scipy.org/doc/scipy/reference/generated/scipy.stats.f_oneway.html#scipy.stats.f_oneway
warning,"If all values in all groups are the same, function generates a warning
and returns (np.",https://docs.scipy.org/doc/scipy/reference/generated/scipy.stats.f_oneway.html#scipy.stats.f_oneway
note,Release notes,https://docs.scipy.org/doc/scipy/reference/generated/scipy.stats.tukey_hsd.html#scipy.stats.tukey_hsd
note,"For each pair, the p-value is the probability under the null
hypothesis (and other assumptions; see notes) of observing such an extreme
value of the statistic, considering that many pairwise comparisons are
being performed.",https://docs.scipy.org/doc/scipy/reference/generated/scipy.stats.tukey_hsd.html#scipy.stats.tukey_hsd
must,"There must be at least
two arguments.",https://docs.scipy.org/doc/scipy/reference/generated/scipy.stats.tukey_hsd.html#scipy.stats.tukey_hsd
note,Notes,https://docs.scipy.org/doc/scipy/reference/generated/scipy.stats.tukey_hsd.html#scipy.stats.tukey_hsd
note,Release notes,https://docs.scipy.org/doc/scipy/reference/generated/scipy.stats.dunnett.html#scipy.stats.dunnett
note,Notes,https://docs.scipy.org/doc/scipy/reference/generated/scipy.stats.dunnett.html#scipy.stats.dunnett
note,"Note the overlapping interquartile ranges of the drug A group and control
group and the apparent separation between the drug B group and control
group.",https://docs.scipy.org/doc/scipy/reference/generated/scipy.stats.dunnett.html#scipy.stats.dunnett
note,Release notes,https://docs.scipy.org/doc/scipy/reference/generated/scipy.stats.kruskal.html#scipy.stats.kruskal
note,"Note that rejecting the null hypothesis does not
indicate which of the groups differs.",https://docs.scipy.org/doc/scipy/reference/generated/scipy.stats.kruskal.html#scipy.stats.kruskal
must,Samples must be one-dimensional.,https://docs.scipy.org/doc/scipy/reference/generated/scipy.stats.kruskal.html#scipy.stats.kruskal
note,Notes,https://docs.scipy.org/doc/scipy/reference/generated/scipy.stats.kruskal.html#scipy.stats.kruskal
must,"Due to the assumption that H has a chi square distribution, the number
of samples in each group must not be too small.",https://docs.scipy.org/doc/scipy/reference/generated/scipy.stats.kruskal.html#scipy.stats.kruskal
must,"A typical rule is
that each sample must have at least 5 measurements.",https://docs.scipy.org/doc/scipy/reference/generated/scipy.stats.kruskal.html#scipy.stats.kruskal
note,Release notes,https://docs.scipy.org/doc/scipy/reference/generated/scipy.stats.alexandergovern.html#scipy.stats.alexandergovern
must,"There must be at least
two samples.",https://docs.scipy.org/doc/scipy/reference/generated/scipy.stats.alexandergovern.html#scipy.stats.alexandergovern
note,Notes,https://docs.scipy.org/doc/scipy/reference/generated/scipy.stats.alexandergovern.html#scipy.stats.alexandergovern
must,"Input samples must be finite, one dimensional, and with size greater than
one.",https://docs.scipy.org/doc/scipy/reference/generated/scipy.stats.alexandergovern.html#scipy.stats.alexandergovern
note,Release notes,https://docs.scipy.org/doc/scipy/reference/generated/scipy.stats.fligner.html#scipy.stats.fligner
note,Notes,https://docs.scipy.org/doc/scipy/reference/generated/scipy.stats.fligner.html#scipy.stats.fligner
should,"“Permutation P-values Should Never Be
Zero: Calculating Exact P-values When Permutations Are Randomly
Drawn.",https://docs.scipy.org/doc/scipy/reference/generated/scipy.stats.fligner.html#scipy.stats.fligner
should,"The threshold for values that will be considered “small” is a choice that
should be made before the data is analyzed [6] with consideration of the
risks of both false positives (incorrectly rejecting the null hypothesis)
and false negatives (failure to reject a false null hypothesis).",https://docs.scipy.org/doc/scipy/reference/generated/scipy.stats.fligner.html#scipy.stats.fligner
should,"The threshold for values that will be considered “small” is a choice that
should be made before the data is analyzed [6] with consideration of the
risks of both false positives (incorrectly rejecting the null hypothesis)
and false negatives (failure to reject a false null hypothesis).",https://docs.scipy.org/doc/scipy/reference/generated/scipy.stats.fligner.html#scipy.stats.fligner
only,"Small p-values are not evidence for a large effect; rather, they can
only provide evidence for a “significant” effect, meaning that they are
unlikely to have occurred under the null hypothesis.",https://docs.scipy.org/doc/scipy/reference/generated/scipy.stats.fligner.html#scipy.stats.fligner
only,"Small p-values are not evidence for a large effect; rather, they can
only provide evidence for a “significant” effect, meaning that they are
unlikely to have occurred under the null hypothesis.",https://docs.scipy.org/doc/scipy/reference/generated/scipy.stats.fligner.html#scipy.stats.fligner
note,"Note that the chi-square distribution provides an asymptotic approximation
of the null distribution.",https://docs.scipy.org/doc/scipy/reference/generated/scipy.stats.fligner.html#scipy.stats.fligner
note,"Note that there is significant disagreement between the p-value calculated
here and the asymptotic approximation returned by fligner above.",https://docs.scipy.org/doc/scipy/reference/generated/scipy.stats.fligner.html#scipy.stats.fligner
note,Release notes,https://docs.scipy.org/doc/scipy/reference/generated/scipy.stats.levene.html#scipy.stats.levene
only,"Only one-dimensional
samples are accepted.",https://docs.scipy.org/doc/scipy/reference/generated/scipy.stats.levene.html#scipy.stats.levene
note,Notes,https://docs.scipy.org/doc/scipy/reference/generated/scipy.stats.levene.html#scipy.stats.levene
should,"“Permutation P-values Should Never Be
Zero: Calculating Exact P-values When Permutations Are Randomly
Drawn.",https://docs.scipy.org/doc/scipy/reference/generated/scipy.stats.levene.html#scipy.stats.levene
should,"The threshold for values that will be considered “small” is a choice that
should be made before the data is analyzed [5] with consideration of the
risks of both false positives (incorrectly rejecting the null hypothesis)
and false negatives (failure to reject a false null hypothesis).",https://docs.scipy.org/doc/scipy/reference/generated/scipy.stats.levene.html#scipy.stats.levene
should,"The threshold for values that will be considered “small” is a choice that
should be made before the data is analyzed [5] with consideration of the
risks of both false positives (incorrectly rejecting the null hypothesis)
and false negatives (failure to reject a false null hypothesis).",https://docs.scipy.org/doc/scipy/reference/generated/scipy.stats.levene.html#scipy.stats.levene
only,"Small p-values are not evidence for a large effect; rather, they can
only provide evidence for a “significant” effect, meaning that they are
unlikely to have occurred under the null hypothesis.",https://docs.scipy.org/doc/scipy/reference/generated/scipy.stats.levene.html#scipy.stats.levene
only,"Small p-values are not evidence for a large effect; rather, they can
only provide evidence for a “significant” effect, meaning that they are
unlikely to have occurred under the null hypothesis.",https://docs.scipy.org/doc/scipy/reference/generated/scipy.stats.levene.html#scipy.stats.levene
note,"Note that the F distribution provides an asymptotic approximation of the
null distribution.",https://docs.scipy.org/doc/scipy/reference/generated/scipy.stats.levene.html#scipy.stats.levene
note,"Note that there is significant disagreement between the p-value calculated
here and the asymptotic approximation returned by levene above.",https://docs.scipy.org/doc/scipy/reference/generated/scipy.stats.levene.html#scipy.stats.levene
note,Release notes,https://docs.scipy.org/doc/scipy/reference/generated/scipy.stats.bartlett.html#scipy.stats.bartlett
only,"Only 1d arrays are accepted, they may have
different lengths.",https://docs.scipy.org/doc/scipy/reference/generated/scipy.stats.bartlett.html#scipy.stats.bartlett
note,Notes,https://docs.scipy.org/doc/scipy/reference/generated/scipy.stats.bartlett.html#scipy.stats.bartlett
should,"“Permutation P-values Should Never Be
Zero: Calculating Exact P-values When Permutations Are Randomly
Drawn.",https://docs.scipy.org/doc/scipy/reference/generated/scipy.stats.bartlett.html#scipy.stats.bartlett
should,"The threshold for values that will be considered “small” is a choice that
should be made before the data is analyzed [6] with consideration of the
risks of both false positives (incorrectly rejecting the null hypothesis)
and false negatives (failure to reject a false null hypothesis).",https://docs.scipy.org/doc/scipy/reference/generated/scipy.stats.bartlett.html#scipy.stats.bartlett
should,"The threshold for values that will be considered “small” is a choice that
should be made before the data is analyzed [6] with consideration of the
risks of both false positives (incorrectly rejecting the null hypothesis)
and false negatives (failure to reject a false null hypothesis).",https://docs.scipy.org/doc/scipy/reference/generated/scipy.stats.bartlett.html#scipy.stats.bartlett
only,"Small p-values are not evidence for a large effect; rather, they can
only provide evidence for a “significant” effect, meaning that they are
unlikely to have occurred under the null hypothesis.",https://docs.scipy.org/doc/scipy/reference/generated/scipy.stats.bartlett.html#scipy.stats.bartlett
only,"Small p-values are not evidence for a large effect; rather, they can
only provide evidence for a “significant” effect, meaning that they are
unlikely to have occurred under the null hypothesis.",https://docs.scipy.org/doc/scipy/reference/generated/scipy.stats.bartlett.html#scipy.stats.bartlett
note,"Note that the chi-square distribution provides the null distribution
when the observations are normally distributed.",https://docs.scipy.org/doc/scipy/reference/generated/scipy.stats.bartlett.html#scipy.stats.bartlett
note,"Note that there is significant disagreement between the p-value calculated
here and the asymptotic approximation returned by bartlett above.",https://docs.scipy.org/doc/scipy/reference/generated/scipy.stats.bartlett.html#scipy.stats.bartlett
note,Release notes,https://docs.scipy.org/doc/scipy/reference/generated/scipy.stats.median_test.html#scipy.stats.median_test
must,There must be at least two samples.,https://docs.scipy.org/doc/scipy/reference/generated/scipy.stats.median_test.html#scipy.stats.median_test
must,"Each sample must be a one-dimensional sequence containing at least
one value.",https://docs.scipy.org/doc/scipy/reference/generated/scipy.stats.median_test.html#scipy.stats.median_test
note,Notes,https://docs.scipy.org/doc/scipy/reference/generated/scipy.stats.median_test.html#scipy.stats.median_test
note,Release notes,https://docs.scipy.org/doc/scipy/reference/generated/scipy.stats.friedmanchisquare.html#scipy.stats.friedmanchisquare
must,"All of the arrays must have the same number
of elements.",https://docs.scipy.org/doc/scipy/reference/generated/scipy.stats.friedmanchisquare.html#scipy.stats.friedmanchisquare
must,At least three samples must be given.,https://docs.scipy.org/doc/scipy/reference/generated/scipy.stats.friedmanchisquare.html#scipy.stats.friedmanchisquare
note,Notes,https://docs.scipy.org/doc/scipy/reference/generated/scipy.stats.friedmanchisquare.html#scipy.stats.friedmanchisquare
only,"Due to the assumption that the test statistic has a chi squared
distribution, the p-value is only reliable for n > 10 and more than
6 repeated samples.",https://docs.scipy.org/doc/scipy/reference/generated/scipy.stats.friedmanchisquare.html#scipy.stats.friedmanchisquare
note,Release notes,https://docs.scipy.org/doc/scipy/reference/generated/scipy.stats.anderson_ksamp.html#scipy.stats.anderson_ksamp
note,Notes,https://docs.scipy.org/doc/scipy/reference/generated/scipy.stats.anderson_ksamp.html#scipy.stats.anderson_ksamp
only,"According to [1], the two discrete test statistics differ
only slightly if a few collisions due to round-off errors occur in
the test not adjusted for ties between samples.",https://docs.scipy.org/doc/scipy/reference/generated/scipy.stats.anderson_ksamp.html#scipy.stats.anderson_ksamp
note,Release notes,https://docs.scipy.org/doc/scipy/reference/generated/scipy.stats.monte_carlo_test.html#scipy.stats.monte_carlo_test
must,"Each element of rvs must be a callable
that accepts keyword argument size (e.",https://docs.scipy.org/doc/scipy/reference/generated/scipy.stats.monte_carlo_test.html#scipy.stats.monte_carlo_test
must,"If rvs is a sequence, the
number of callables in rvs must match the number of samples in
data, i.",https://docs.scipy.org/doc/scipy/reference/generated/scipy.stats.monte_carlo_test.html#scipy.stats.monte_carlo_test
must,"statistic must be a callable that accepts a sample
(e.",https://docs.scipy.org/doc/scipy/reference/generated/scipy.stats.monte_carlo_test.html#scipy.stats.monte_carlo_test
must,"If vectorized is set True, statistic must also accept a keyword
argument axis and be vectorized to compute the statistic along the
provided axis of the samples in data.",https://docs.scipy.org/doc/scipy/reference/generated/scipy.stats.monte_carlo_test.html#scipy.stats.monte_carlo_test
only,"If vectorized is set False, statistic will not be passed
keyword argument axis and is expected to calculate the statistic
only for 1D samples.",https://docs.scipy.org/doc/scipy/reference/generated/scipy.stats.monte_carlo_test.html#scipy.stats.monte_carlo_test
should,"“Permutation P-values Should Never Be
Zero: Calculating Exact P-values When Permutations Are Randomly Drawn.",https://docs.scipy.org/doc/scipy/reference/generated/scipy.stats.monte_carlo_test.html#scipy.stats.monte_carlo_test
note,"Note that this p-value essentially matches that of
scipy.",https://docs.scipy.org/doc/scipy/reference/generated/scipy.stats.monte_carlo_test.html#scipy.stats.monte_carlo_test
note,Release notes,https://docs.scipy.org/doc/scipy/reference/generated/scipy.stats.permutation_test.html#scipy.stats.permutation_test
must,"Dimensions of sample arrays must be compatible for broadcasting except
along axis.",https://docs.scipy.org/doc/scipy/reference/generated/scipy.stats.permutation_test.html#scipy.stats.permutation_test
must,"statistic must be a callable that accepts samples
as separate arguments (e.",https://docs.scipy.org/doc/scipy/reference/generated/scipy.stats.permutation_test.html#scipy.stats.permutation_test
must,"If vectorized is set True, statistic must also accept a keyword
argument axis and be vectorized to compute the statistic along the
provided axis of the sample arrays.",https://docs.scipy.org/doc/scipy/reference/generated/scipy.stats.permutation_test.html#scipy.stats.permutation_test
note,"Please see the Notes section below for more detailed descriptions
of the permutation types.",https://docs.scipy.org/doc/scipy/reference/generated/scipy.stats.permutation_test.html#scipy.stats.permutation_test
note,"Please see the Notes section below for more detailed descriptions
of the permutation types.",https://docs.scipy.org/doc/scipy/reference/generated/scipy.stats.permutation_test.html#scipy.stats.permutation_test
only,"If vectorized is set False, statistic will not be passed
keyword argument axis and is expected to calculate the statistic
only for 1D samples.",https://docs.scipy.org/doc/scipy/reference/generated/scipy.stats.permutation_test.html#scipy.stats.permutation_test
note,"Note that the number of distinct permutations grows very rapidly with
the sizes of samples, so exact tests are feasible only for very small
data sets.",https://docs.scipy.org/doc/scipy/reference/generated/scipy.stats.permutation_test.html#scipy.stats.permutation_test
only,"Note that the number of distinct permutations grows very rapidly with
the sizes of samples, so exact tests are feasible only for very small
data sets.",https://docs.scipy.org/doc/scipy/reference/generated/scipy.stats.permutation_test.html#scipy.stats.permutation_test
note,"Note that p-values for randomized tests are calculated according to the
conservative (over-estimated) approximation suggested in [2] and [3]
rather than the unbiased estimator suggested in [4].",https://docs.scipy.org/doc/scipy/reference/generated/scipy.stats.permutation_test.html#scipy.stats.permutation_test
note,Notes,https://docs.scipy.org/doc/scipy/reference/generated/scipy.stats.permutation_test.html#scipy.stats.permutation_test
note,"Note that for a given partitioning of the data between the samples,
only one ordering/permutation of the data within each sample is
considered.",https://docs.scipy.org/doc/scipy/reference/generated/scipy.stats.permutation_test.html#scipy.stats.permutation_test
only,"Note that for a given partitioning of the data between the samples,
only one ordering/permutation of the data within each sample is
considered.",https://docs.scipy.org/doc/scipy/reference/generated/scipy.stats.permutation_test.html#scipy.stats.permutation_test
only,"Because only one ordering/permutation of the data within each sample
is considered in an exact test, a resampling like x = [b3, a1, b2, a2]
and y = [a4, a3, b1] would not be considered distinct from the
example above.",https://docs.scipy.org/doc/scipy/reference/generated/scipy.stats.permutation_test.html#scipy.stats.permutation_test
not support,"permutation_type='independent' does not support one-sample statistics,
but it can be applied to statistics with more than two samples.",https://docs.scipy.org/doc/scipy/reference/generated/scipy.stats.permutation_test.html#scipy.stats.permutation_test
only,Suppose data contains only one sample; e.,https://docs.scipy.org/doc/scipy/reference/generated/scipy.stats.permutation_test.html#scipy.stats.permutation_test
must,"Let n be the number of observations in
a, which must also equal the number of observations in b.",https://docs.scipy.org/doc/scipy/reference/generated/scipy.stats.permutation_test.html#scipy.stats.permutation_test
must,"permutation_type='pairings' supports data containing any number
of samples, each of which must contain the same number of observations.",https://docs.scipy.org/doc/scipy/reference/generated/scipy.stats.permutation_test.html#scipy.stats.permutation_test
note,"Note that if a two-sample statistic, for example, does not inherently
depend on the order in which observations are provided - only on the
pairings of observations - then only one of the two samples should be
provided in data.",https://docs.scipy.org/doc/scipy/reference/generated/scipy.stats.permutation_test.html#scipy.stats.permutation_test
only,"Note that if a two-sample statistic, for example, does not inherently
depend on the order in which observations are provided - only on the
pairings of observations - then only one of the two samples should be
provided in data.",https://docs.scipy.org/doc/scipy/reference/generated/scipy.stats.permutation_test.html#scipy.stats.permutation_test
should,"Note that if a two-sample statistic, for example, does not inherently
depend on the order in which observations are provided - only on the
pairings of observations - then only one of the two samples should be
provided in data.",https://docs.scipy.org/doc/scipy/reference/generated/scipy.stats.permutation_test.html#scipy.stats.permutation_test
must,"Let n be the number of observations in a, which must also equal
the number of observations in b.",https://docs.scipy.org/doc/scipy/reference/generated/scipy.stats.permutation_test.html#scipy.stats.permutation_test
must,"permutation_type='samples' supports data containing any number
of samples, each of which must contain the same number of observations.",https://docs.scipy.org/doc/scipy/reference/generated/scipy.stats.permutation_test.html#scipy.stats.permutation_test
only,"Several paired-sample statistical tests, such as the Wilcoxon signed rank
test and paired-sample t-test, can be performed considering only the
difference between two paired elements.",https://docs.scipy.org/doc/scipy/reference/generated/scipy.stats.permutation_test.html#scipy.stats.permutation_test
only,"Accordingly, if data contains
only one sample, then the null distribution is formed by independently
changing the sign of each observation.",https://docs.scipy.org/doc/scipy/reference/generated/scipy.stats.permutation_test.html#scipy.stats.permutation_test
warning,Warning,https://docs.scipy.org/doc/scipy/reference/generated/scipy.stats.permutation_test.html#scipy.stats.permutation_test
should,"“Permutation P-values Should Never Be
Zero: Calculating Exact P-values When Permutations Are Randomly Drawn.",https://docs.scipy.org/doc/scipy/reference/generated/scipy.stats.permutation_test.html#scipy.stats.permutation_test
note,Release notes,https://docs.scipy.org/doc/scipy/reference/generated/scipy.stats.bootstrap.html#scipy.stats.bootstrap
must,"statistic must be a callable that accepts len(data) samples
as separate arguments and returns the resulting statistic.",https://docs.scipy.org/doc/scipy/reference/generated/scipy.stats.bootstrap.html#scipy.stats.bootstrap
must,"If vectorized is set True,
statistic must also accept a keyword argument axis and be
vectorized to compute the statistic along the provided axis.",https://docs.scipy.org/doc/scipy/reference/generated/scipy.stats.bootstrap.html#scipy.stats.bootstrap
only,"If vectorized is set False, statistic will not be passed
keyword argument axis and is expected to calculate the statistic
only for 1D samples.",https://docs.scipy.org/doc/scipy/reference/generated/scipy.stats.bootstrap.html#scipy.stats.bootstrap
note,Notes,https://docs.scipy.org/doc/scipy/reference/generated/scipy.stats.bootstrap.html#scipy.stats.bootstrap
note,edu/~helwig/notes/bootci-Notes.,https://docs.scipy.org/doc/scipy/reference/generated/scipy.stats.bootstrap.html#scipy.stats.bootstrap
only,"mood in a function that accepts two sample arguments,
accepts an axis keyword argument, and returns only the statistic.",https://docs.scipy.org/doc/scipy/reference/generated/scipy.stats.bootstrap.html#scipy.stats.bootstrap
only,We wrap pearsonr so that it returns only the statistic.,https://docs.scipy.org/doc/scipy/reference/generated/scipy.stats.bootstrap.html#scipy.stats.bootstrap
note,Release notes,https://docs.scipy.org/doc/scipy/reference/generated/scipy.stats.MonteCarloMethod.html#scipy.stats.MonteCarloMethod
must,"Each element of rvs must be a callable
that accepts keyword argument size (e.",https://docs.scipy.org/doc/scipy/reference/generated/scipy.stats.MonteCarloMethod.html#scipy.stats.MonteCarloMethod
must,"If rvs is a sequence, the
number of callables in rvs must match the number of samples passed
to the hypothesis test in which the MonteCarloMethod is used.",https://docs.scipy.org/doc/scipy/reference/generated/scipy.stats.MonteCarloMethod.html#scipy.stats.MonteCarloMethod
note,Release notes,https://docs.scipy.org/doc/scipy/reference/generated/scipy.stats.PermutationMethod.html#scipy.stats.PermutationMethod
note,Release notes,https://docs.scipy.org/doc/scipy/reference/generated/scipy.stats.BootstrapMethod.html#scipy.stats.BootstrapMethod
note,Release notes,https://docs.scipy.org/doc/scipy/reference/generated/scipy.stats.combine_pvalues.html#scipy.stats.combine_pvalues
only,"These methods are intended only for combining p-values from hypothesis
tests based upon continuous distributions.",https://docs.scipy.org/doc/scipy/reference/generated/scipy.stats.combine_pvalues.html#scipy.stats.combine_pvalues
note,The available methods are (see Notes for details):,https://docs.scipy.org/doc/scipy/reference/generated/scipy.stats.combine_pvalues.html#scipy.stats.combine_pvalues
only,Optional array of weights used only for Stouffer’s Z-score method.,https://docs.scipy.org/doc/scipy/reference/generated/scipy.stats.combine_pvalues.html#scipy.stats.combine_pvalues
note,Notes,https://docs.scipy.org/doc/scipy/reference/generated/scipy.stats.combine_pvalues.html#scipy.stats.combine_pvalues
note,Release notes,https://docs.scipy.org/doc/scipy/reference/generated/scipy.stats.false_discovery_control.html#scipy.stats.false_discovery_control
must,Elements must be real numbers between 0 and 1.,https://docs.scipy.org/doc/scipy/reference/generated/scipy.stats.false_discovery_control.html#scipy.stats.false_discovery_control
note,Notes,https://docs.scipy.org/doc/scipy/reference/generated/scipy.stats.false_discovery_control.html#scipy.stats.false_discovery_control
only,"To control the FWER at 5%, we reject only the hypotheses corresponding
with adjusted p-values less than 0.",https://docs.scipy.org/doc/scipy/reference/generated/scipy.stats.false_discovery_control.html#scipy.stats.false_discovery_control
only,"In this case, only the hypotheses
corresponding with the first three p-values can be rejected.",https://docs.scipy.org/doc/scipy/reference/generated/scipy.stats.false_discovery_control.html#scipy.stats.false_discovery_control
note,Release notes,https://docs.scipy.org/doc/scipy/reference/generated/scipy.stats.qmc.LatinHypercube.html
note,Note,https://docs.scipy.org/doc/scipy/reference/generated/scipy.stats.qmc.LatinHypercube.html
note,"Note that this is a post-processing step that does not
guarantee that all properties of the sample will be conserved.",https://docs.scipy.org/doc/scipy/reference/generated/scipy.stats.qmc.LatinHypercube.html
only,"In that case, only n=p**2 points can be sampled,
with p a prime number.",https://docs.scipy.org/doc/scipy/reference/generated/scipy.stats.qmc.LatinHypercube.html
note,Notes,https://docs.scipy.org/doc/scipy/reference/generated/scipy.stats.qmc.LatinHypercube.html
must,"The constraint that \(p\) must be a prime number is to allow modular
arithmetic.",https://docs.scipy.org/doc/scipy/reference/generated/scipy.stats.qmc.LatinHypercube.html
must,"In this case, the number of sample points must be the
square of a prime number.",https://docs.scipy.org/doc/scipy/reference/generated/scipy.stats.qmc.LatinHypercube.html
note,Release notes,https://docs.scipy.org/doc/scipy/reference/generated/scipy.stats.qmc.PoissonDisk.html
only,surface: only sample the surface of the hypersphere.,https://docs.scipy.org/doc/scipy/reference/generated/scipy.stats.qmc.PoissonDisk.html
only,surface: only sample the surface of the hypersphere.,https://docs.scipy.org/doc/scipy/reference/generated/scipy.stats.qmc.PoissonDisk.html
note,"Note that this is a post-processing step that does not
guarantee that all properties of the sample will be conserved.",https://docs.scipy.org/doc/scipy/reference/generated/scipy.stats.qmc.PoissonDisk.html
note,Notes,https://docs.scipy.org/doc/scipy/reference/generated/scipy.stats.qmc.PoissonDisk.html
warning,Warning,https://docs.scipy.org/doc/scipy/reference/generated/scipy.stats.qmc.PoissonDisk.html
note,Release notes,https://docs.scipy.org/doc/scipy/reference/generated/scipy.stats.qmc.MultinomialQMC.html
must,Elements must be non-negative and sum to 1.,https://docs.scipy.org/doc/scipy/reference/generated/scipy.stats.qmc.MultinomialQMC.html
only,Used only if engine is None.,https://docs.scipy.org/doc/scipy/reference/generated/scipy.stats.qmc.MultinomialQMC.html
note,Release notes,https://docs.scipy.org/doc/scipy/reference/generated/scipy.stats.qmc.MultivariateNormalQMC.html
only,Used only if engine is None.,https://docs.scipy.org/doc/scipy/reference/generated/scipy.stats.qmc.MultivariateNormalQMC.html
note,Release notes,https://docs.scipy.org/doc/scipy/reference/generated/scipy.stats.qmc.geometric_discrepancy.html
note,Notes,https://docs.scipy.org/doc/scipy/reference/generated/scipy.stats.qmc.geometric_discrepancy.html
note,Note that this is different from scipy.,https://docs.scipy.org/doc/scipy/reference/generated/scipy.stats.qmc.geometric_discrepancy.html
note,"Also note that when comparing different sampling strategies using this function,
the sample size must be kept constant.",https://docs.scipy.org/doc/scipy/reference/generated/scipy.stats.qmc.geometric_discrepancy.html
must,"Also note that when comparing different sampling strategies using this function,
the sample size must be kept constant.",https://docs.scipy.org/doc/scipy/reference/generated/scipy.stats.qmc.geometric_discrepancy.html
only,"This function currently only calculates the mean
edge length.",https://docs.scipy.org/doc/scipy/reference/generated/scipy.stats.qmc.geometric_discrepancy.html
note,Release notes,https://docs.scipy.org/doc/scipy/reference/generated/scipy.stats.qmc.update_discrepancy.html
note,Release notes,https://docs.scipy.org/doc/scipy/reference/generated/scipy.stats.qmc.scale.html
note,Release notes,https://docs.scipy.org/doc/scipy/reference/generated/scipy.stats.contingency.chi2_contingency.html
note,Notes,https://docs.scipy.org/doc/scipy/reference/generated/scipy.stats.contingency.chi2_contingency.html
only,"An often quoted guideline for the validity of this calculation is that
the test should be used only if the observed and expected frequencies
in each cell are at least 5.",https://docs.scipy.org/doc/scipy/reference/generated/scipy.stats.contingency.chi2_contingency.html
should,"An often quoted guideline for the validity of this calculation is that
the test should be used only if the observed and expected frequencies
in each cell are at least 5.",https://docs.scipy.org/doc/scipy/reference/generated/scipy.stats.contingency.chi2_contingency.html
only,"The test is only meaningful when the dimension of
observed is two or more.",https://docs.scipy.org/doc/scipy/reference/generated/scipy.stats.contingency.chi2_contingency.html
note,Release notes,https://docs.scipy.org/doc/scipy/reference/generated/scipy.stats.contingency.relative_risk.html
note,Notes,https://docs.scipy.org/doc/scipy/reference/generated/scipy.stats.contingency.relative_risk.html
note,Release notes,https://docs.scipy.org/doc/scipy/reference/generated/scipy.stats.contingency.odds_ratio.html
must,Elements must be non-negative integers.,https://docs.scipy.org/doc/scipy/reference/generated/scipy.stats.contingency.odds_ratio.html
note,Notes,https://docs.scipy.org/doc/scipy/reference/generated/scipy.stats.contingency.odds_ratio.html
note,Release notes,https://docs.scipy.org/doc/scipy/reference/generated/scipy.stats.contingency.crosstab.html
must,The arguments must be sequences with the same length.,https://docs.scipy.org/doc/scipy/reference/generated/scipy.stats.contingency.crosstab.html
must,The sequences in args must all be the same length.,https://docs.scipy.org/doc/scipy/reference/generated/scipy.stats.contingency.crosstab.html
must,"If levels is given, it must be a sequence that is the same length as
args.",https://docs.scipy.org/doc/scipy/reference/generated/scipy.stats.contingency.crosstab.html
must,"Because SciPy’s sparse matrices
must be 2-d, only two input sequences are allowed when sparse is
True.",https://docs.scipy.org/doc/scipy/reference/generated/scipy.stats.contingency.crosstab.html
only,"Because SciPy’s sparse matrices
must be 2-d, only two input sequences are allowed when sparse is
True.",https://docs.scipy.org/doc/scipy/reference/generated/scipy.stats.contingency.crosstab.html
note,Notes,https://docs.scipy.org/doc/scipy/reference/generated/scipy.stats.contingency.crosstab.html
note,Release notes,https://docs.scipy.org/doc/scipy/reference/generated/scipy.stats.contingency.association.html
note,Notes,https://docs.scipy.org/doc/scipy/reference/generated/scipy.stats.contingency.association.html
note,Release notes,https://docs.scipy.org/doc/scipy/reference/generated/scipy.stats.contingency.expected_freq.html
note,Release notes,https://docs.scipy.org/doc/scipy/reference/generated/scipy.stats.contingency.margins.html
note,Release notes,https://docs.scipy.org/doc/scipy/reference/generated/scipy.stats.mstats.describe.html
note,"degree of freedom (default 0); note that default ddof is different
from the same routine in stats.",https://docs.scipy.org/doc/scipy/reference/generated/scipy.stats.mstats.describe.html
note,Release notes,https://docs.scipy.org/doc/scipy/reference/generated/scipy.stats.mstats.gmean.html
must,The weights array must be broadcastable to the same shape as a.,https://docs.scipy.org/doc/scipy/reference/generated/scipy.stats.mstats.gmean.html
note,Notes,https://docs.scipy.org/doc/scipy/reference/generated/scipy.stats.mstats.gmean.html
note,Release notes,https://docs.scipy.org/doc/scipy/reference/generated/scipy.stats.mstats.hmean.html
must,"The weights array can either be 1-D (in which case its length must be
the size of a along the given axis) or of the same shape as a.",https://docs.scipy.org/doc/scipy/reference/generated/scipy.stats.mstats.hmean.html
note,Notes,https://docs.scipy.org/doc/scipy/reference/generated/scipy.stats.mstats.hmean.html
note,Release notes,https://docs.scipy.org/doc/scipy/reference/generated/scipy.stats.mstats.kurtosis.html
note,Notes,https://docs.scipy.org/doc/scipy/reference/generated/scipy.stats.mstats.kurtosis.html
note,Release notes,https://docs.scipy.org/doc/scipy/reference/generated/scipy.stats.mstats.mode.html
note,Notes,https://docs.scipy.org/doc/scipy/reference/generated/scipy.stats.mstats.mode.html
note,Release notes,https://docs.scipy.org/doc/scipy/reference/generated/scipy.stats.mstats.mquantiles.html
note,Notes,https://docs.scipy.org/doc/scipy/reference/generated/scipy.stats.mstats.mquantiles.html
note,Release notes,https://docs.scipy.org/doc/scipy/reference/generated/scipy.stats.mstats.hdmedian.html
note,Release notes,https://docs.scipy.org/doc/scipy/reference/generated/scipy.stats.mstats.hdquantiles.html
note,Release notes,https://docs.scipy.org/doc/scipy/reference/generated/scipy.stats.mstats.hdquantiles_sd.html
note,Release notes,https://docs.scipy.org/doc/scipy/reference/generated/scipy.stats.mstats.idealfourths.html
note,Release notes,https://docs.scipy.org/doc/scipy/reference/generated/scipy.stats.mstats.plotting_positions.html
note,Release notes,https://docs.scipy.org/doc/scipy/reference/generated/scipy.stats.mstats.meppf.html
note,Release notes,https://docs.scipy.org/doc/scipy/reference/generated/scipy.stats.mstats.moment.html
note,Notes,https://docs.scipy.org/doc/scipy/reference/generated/scipy.stats.mstats.moment.html
note,Release notes,https://docs.scipy.org/doc/scipy/reference/generated/scipy.stats.mstats.skew.html
note,Notes,https://docs.scipy.org/doc/scipy/reference/generated/scipy.stats.mstats.skew.html
note,Release notes,https://docs.scipy.org/doc/scipy/reference/generated/scipy.stats.mstats.tmean.html
note,Notes,https://docs.scipy.org/doc/scipy/reference/generated/scipy.stats.mstats.tmean.html
note,Release notes,https://docs.scipy.org/doc/scipy/reference/generated/scipy.stats.mstats.tvar.html
note,Notes,https://docs.scipy.org/doc/scipy/reference/generated/scipy.stats.mstats.tvar.html
note,Release notes,https://docs.scipy.org/doc/scipy/reference/generated/scipy.stats.mstats.tmin.html
note,Notes,https://docs.scipy.org/doc/scipy/reference/generated/scipy.stats.mstats.tmin.html
note,Release notes,https://docs.scipy.org/doc/scipy/reference/generated/scipy.stats.mstats.tmax.html
note,Notes,https://docs.scipy.org/doc/scipy/reference/generated/scipy.stats.mstats.tmax.html
note,Release notes,https://docs.scipy.org/doc/scipy/reference/generated/scipy.stats.mstats.tsem.html
note,Notes,https://docs.scipy.org/doc/scipy/reference/generated/scipy.stats.mstats.tsem.html
note,Release notes,https://docs.scipy.org/doc/scipy/reference/generated/scipy.stats.mstats.variation.html
note,Notes,https://docs.scipy.org/doc/scipy/reference/generated/scipy.stats.mstats.variation.html
note,Release notes,https://docs.scipy.org/doc/scipy/reference/generated/scipy.stats.mstats.find_repeats.html
note,Release notes,https://docs.scipy.org/doc/scipy/reference/generated/scipy.stats.mstats.sem.html
note,Notes,https://docs.scipy.org/doc/scipy/reference/generated/scipy.stats.mstats.sem.html
note,Release notes,https://docs.scipy.org/doc/scipy/reference/generated/scipy.stats.mstats.trimmed_mean.html
should,"If relative is True, tuple indicating whether the number of data
being masked on each side should be rounded (True) or truncated
(False).",https://docs.scipy.org/doc/scipy/reference/generated/scipy.stats.mstats.trimmed_mean.html
note,Release notes,https://docs.scipy.org/doc/scipy/reference/generated/scipy.stats.mstats.trimmed_mean_ci.html
should,"If relative==True, tuple indicating whether the number of data being
masked on each side should be rounded (True) or truncated (False).",https://docs.scipy.org/doc/scipy/reference/generated/scipy.stats.mstats.trimmed_mean_ci.html
note,Release notes,https://docs.scipy.org/doc/scipy/reference/generated/scipy.stats.mstats.trimmed_std.html
should,"If relative is True, tuple indicating whether the number of data
being masked on each side should be rounded (True) or truncated
(False).",https://docs.scipy.org/doc/scipy/reference/generated/scipy.stats.mstats.trimmed_std.html
note,Release notes,https://docs.scipy.org/doc/scipy/reference/generated/scipy.stats.mstats.trimmed_var.html
should,"If relative is True, tuple indicating whether the number of data
being masked on each side should be rounded (True) or truncated
(False).",https://docs.scipy.org/doc/scipy/reference/generated/scipy.stats.mstats.trimmed_var.html
note,Release notes,https://docs.scipy.org/doc/scipy/reference/generated/scipy.stats.mstats.scoreatpercentile.html
note,Release notes,https://docs.scipy.org/doc/scipy/reference/generated/scipy.stats.mstats.f_oneway.html
note,Release notes,https://docs.scipy.org/doc/scipy/reference/generated/scipy.stats.mstats.pearsonr.html
note,Notes,https://docs.scipy.org/doc/scipy/reference/generated/scipy.stats.mstats.pearsonr.html
only,"= y2, the only possible values for r are 1
and -1.",https://docs.scipy.org/doc/scipy/reference/generated/scipy.stats.mstats.pearsonr.html
should,This should be close to the exact value given by,https://docs.scipy.org/doc/scipy/reference/generated/scipy.stats.mstats.pearsonr.html
note,"Note that the correlation
between x and y is zero.",https://docs.scipy.org/doc/scipy/reference/generated/scipy.stats.mstats.pearsonr.html
note,Release notes,https://docs.scipy.org/doc/scipy/reference/generated/scipy.stats.mstats.spearmanr.html
only,"Does not do anything, keyword is only left in place for
backwards compatibility reasons.",https://docs.scipy.org/doc/scipy/reference/generated/scipy.stats.mstats.spearmanr.html
only,"Spearman correlation matrix or correlation coefficient (if only 2
variables are given as parameters).",https://docs.scipy.org/doc/scipy/reference/generated/scipy.stats.mstats.spearmanr.html
note,Release notes,https://docs.scipy.org/doc/scipy/reference/generated/scipy.stats.mstats.pointbiserialr.html
note,Notes,https://docs.scipy.org/doc/scipy/reference/generated/scipy.stats.mstats.pointbiserialr.html
note,Release notes,https://docs.scipy.org/doc/scipy/reference/generated/scipy.stats.mstats.kendalltau.html
should,Whether ties correction should be performed.,https://docs.scipy.org/doc/scipy/reference/generated/scipy.stats.mstats.kendalltau.html
should,"Whether missing data should be allocated a rank of 0 (False) or the
average rank (True)",https://docs.scipy.org/doc/scipy/reference/generated/scipy.stats.mstats.kendalltau.html
only,"‘exact’ computes the exact p-value, but can only be used if no ties
are present.",https://docs.scipy.org/doc/scipy/reference/generated/scipy.stats.mstats.kendalltau.html
note,Release notes,https://docs.scipy.org/doc/scipy/reference/generated/scipy.stats.mstats.kendalltau_seasonal.html
note,Release notes,https://docs.scipy.org/doc/scipy/reference/generated/scipy.stats.mstats.linregress.html
note,"Note that the non-masked version is used, and that this docstring is
replaced by the non-masked docstring + some info on missing data.",https://docs.scipy.org/doc/scipy/reference/generated/scipy.stats.mstats.linregress.html
note,Release notes,https://docs.scipy.org/doc/scipy/reference/generated/scipy.stats.mstats.siegelslopes.html
note,See Notes for details.,https://docs.scipy.org/doc/scipy/reference/generated/scipy.stats.mstats.siegelslopes.html
note,Notes,https://docs.scipy.org/doc/scipy/reference/generated/scipy.stats.mstats.siegelslopes.html
note,Release notes,https://docs.scipy.org/doc/scipy/reference/generated/scipy.stats.mstats.theilslopes.html
note,Note that alpha is symmetric around 0.,https://docs.scipy.org/doc/scipy/reference/generated/scipy.stats.mstats.theilslopes.html
note,Notes,https://docs.scipy.org/doc/scipy/reference/generated/scipy.stats.mstats.theilslopes.html
note,Release notes,https://docs.scipy.org/doc/scipy/reference/generated/scipy.stats.mstats.sen_seasonal_slopes.html
note,Notes,https://docs.scipy.org/doc/scipy/reference/generated/scipy.stats.mstats.sen_seasonal_slopes.html
note,Release notes,https://docs.scipy.org/doc/scipy/reference/generated/scipy.stats.mstats.ttest_1samp.html
must,"expected value in null hypothesis, if array_like than it must have the
same shape as a excluding the axis dimension",https://docs.scipy.org/doc/scipy/reference/generated/scipy.stats.mstats.ttest_1samp.html
note,Notes,https://docs.scipy.org/doc/scipy/reference/generated/scipy.stats.mstats.ttest_1samp.html
note,Release notes,https://docs.scipy.org/doc/scipy/reference/generated/scipy.stats.mstats.ttest_onesamp.html
must,"expected value in null hypothesis, if array_like than it must have the
same shape as a excluding the axis dimension",https://docs.scipy.org/doc/scipy/reference/generated/scipy.stats.mstats.ttest_onesamp.html
note,Notes,https://docs.scipy.org/doc/scipy/reference/generated/scipy.stats.mstats.ttest_onesamp.html
note,Release notes,https://docs.scipy.org/doc/scipy/reference/generated/scipy.stats.mstats.ttest_ind.html
must,"The arrays must have the same shape, except in the dimension
corresponding to axis (the first, by default).",https://docs.scipy.org/doc/scipy/reference/generated/scipy.stats.mstats.ttest_ind.html
note,Notes,https://docs.scipy.org/doc/scipy/reference/generated/scipy.stats.mstats.ttest_ind.html
note,Release notes,https://docs.scipy.org/doc/scipy/reference/generated/scipy.stats.mstats.ttest_rel.html
must,The arrays must have the same shape.,https://docs.scipy.org/doc/scipy/reference/generated/scipy.stats.mstats.ttest_rel.html
note,Notes,https://docs.scipy.org/doc/scipy/reference/generated/scipy.stats.mstats.ttest_rel.html
note,Release notes,https://docs.scipy.org/doc/scipy/reference/generated/scipy.stats.mstats.chisquare.html
note,Notes,https://docs.scipy.org/doc/scipy/reference/generated/scipy.stats.mstats.chisquare.html
should,"A typical rule is that all of the observed
and expected frequencies should be at least 5.",https://docs.scipy.org/doc/scipy/reference/generated/scipy.stats.mstats.chisquare.html
should,"According to [3], the
total number of samples is recommended to be greater than 13,
otherwise exact tests (such as Barnard’s Exact test) should be used
because they do not overreject.",https://docs.scipy.org/doc/scipy/reference/generated/scipy.stats.mstats.chisquare.html
must,"Also, the sum of the observed and expected frequencies must be the same
for the test to be valid; chisquare raises an error if the sums do not
agree within a relative tolerance of 1e-8.",https://docs.scipy.org/doc/scipy/reference/generated/scipy.stats.mstats.chisquare.html
note,Release notes,https://docs.scipy.org/doc/scipy/reference/generated/scipy.stats.mstats.kstest.html
note,Release notes,https://docs.scipy.org/doc/scipy/reference/generated/scipy.stats.mstats.ks_2samp.html
note,Release notes,https://docs.scipy.org/doc/scipy/reference/generated/scipy.stats.mstats.ks_1samp.html
should,"If a string, it should be the name of a distribution in scipy.",https://docs.scipy.org/doc/scipy/reference/generated/scipy.stats.mstats.ks_1samp.html
note,Release notes,https://docs.scipy.org/doc/scipy/reference/generated/scipy.stats.mstats.ks_twosamp.html
note,Release notes,https://docs.scipy.org/doc/scipy/reference/generated/scipy.stats.mstats.mannwhitneyu.html
should,) should be taken into account.,https://docs.scipy.org/doc/scipy/reference/generated/scipy.stats.mstats.mannwhitneyu.html
note,Release notes,https://docs.scipy.org/doc/scipy/reference/generated/scipy.stats.mstats.rankdata.html
note,Release notes,https://docs.scipy.org/doc/scipy/reference/generated/scipy.stats.mstats.kruskal.html
note,Notes,https://docs.scipy.org/doc/scipy/reference/generated/scipy.stats.mstats.kruskal.html
note,Release notes,https://docs.scipy.org/doc/scipy/reference/generated/scipy.stats.mstats.kruskalwallis.html
note,Notes,https://docs.scipy.org/doc/scipy/reference/generated/scipy.stats.mstats.kruskalwallis.html
note,Release notes,https://docs.scipy.org/doc/scipy/reference/generated/scipy.stats.mstats.friedmanchisquare.html
should,"Ideally, the number of treatments
among each group should be equal.",https://docs.scipy.org/doc/scipy/reference/generated/scipy.stats.mstats.friedmanchisquare.html
only,"If this is not the case, only the first
n treatments are taken into account, where n is the number of treatments
of the smallest group.",https://docs.scipy.org/doc/scipy/reference/generated/scipy.stats.mstats.friedmanchisquare.html
note,Release notes,https://docs.scipy.org/doc/scipy/reference/generated/scipy.stats.mstats.brunnermunzel.html
should,"Array of samples, should be one-dimensional.",https://docs.scipy.org/doc/scipy/reference/generated/scipy.stats.mstats.brunnermunzel.html
note,Notes,https://docs.scipy.org/doc/scipy/reference/generated/scipy.stats.mstats.brunnermunzel.html
note,Release notes,https://docs.scipy.org/doc/scipy/reference/generated/scipy.stats.mstats.skewtest.html
note,Notes,https://docs.scipy.org/doc/scipy/reference/generated/scipy.stats.mstats.skewtest.html
note,Release notes,https://docs.scipy.org/doc/scipy/reference/generated/scipy.stats.mstats.kurtosistest.html
note,Notes,https://docs.scipy.org/doc/scipy/reference/generated/scipy.stats.mstats.kurtosistest.html
note,Release notes,https://docs.scipy.org/doc/scipy/reference/generated/scipy.stats.mstats.normaltest.html
note,Notes,https://docs.scipy.org/doc/scipy/reference/generated/scipy.stats.mstats.normaltest.html
note,Release notes,https://docs.scipy.org/doc/scipy/reference/generated/scipy.stats.mstats.obrientransform.html
note,Release notes,https://docs.scipy.org/doc/scipy/reference/generated/scipy.stats.mstats.trim.html
should,"If relative is True, tuple indicating whether the number of data
being masked on each side should be rounded (True) or truncated
(False).",https://docs.scipy.org/doc/scipy/reference/generated/scipy.stats.mstats.trim.html
note,Release notes,https://docs.scipy.org/doc/scipy/reference/generated/scipy.stats.mstats.trima.html
only,Trim the array by keeping only values in the interval.,https://docs.scipy.org/doc/scipy/reference/generated/scipy.stats.mstats.trima.html
note,Release notes,https://docs.scipy.org/doc/scipy/reference/generated/scipy.stats.mstats.trimmed_stde.html
should,"Tuple indicating whether the number of data being masked on each side
should be rounded (True) or truncated (False).",https://docs.scipy.org/doc/scipy/reference/generated/scipy.stats.mstats.trimmed_stde.html
note,Release notes,https://docs.scipy.org/doc/scipy/reference/generated/scipy.stats.mstats.trimr.html
should,"Tuple of flags indicating whether the number of data being masked on
the left (right) end should be truncated (True) or rounded (False) to
integers.",https://docs.scipy.org/doc/scipy/reference/generated/scipy.stats.mstats.trimr.html
note,Release notes,https://docs.scipy.org/doc/scipy/reference/generated/scipy.stats.mstats.trimtail.html
should,"Tuple indicating whether the number of data being masked on each side
should be rounded (True) or truncated (False).",https://docs.scipy.org/doc/scipy/reference/generated/scipy.stats.mstats.trimtail.html
note,Release notes,https://docs.scipy.org/doc/scipy/reference/generated/scipy.stats.mstats.trimboth.html
should,"Tuple indicating whether the number of data being masked on each side
should be rounded (True) or truncated (False).",https://docs.scipy.org/doc/scipy/reference/generated/scipy.stats.mstats.trimboth.html
note,Release notes,https://docs.scipy.org/doc/scipy/reference/generated/scipy.stats.mstats.winsorize.html
should,"Tuple indicating whether the number of data being masked on each side
should be truncated (True) or rounded (False).",https://docs.scipy.org/doc/scipy/reference/generated/scipy.stats.mstats.winsorize.html
note,Notes,https://docs.scipy.org/doc/scipy/reference/generated/scipy.stats.mstats.winsorize.html
note,Release notes,https://docs.scipy.org/doc/scipy/reference/generated/scipy.stats.mstats.zmap.html
note,"Note that when the value is ‘omit’, nans in scores
also propagate to the output, but they do not affect the z-scores
computed for the non-nan values.",https://docs.scipy.org/doc/scipy/reference/generated/scipy.stats.mstats.zmap.html
note,Notes,https://docs.scipy.org/doc/scipy/reference/generated/scipy.stats.mstats.zmap.html
note,Release notes,https://docs.scipy.org/doc/scipy/reference/generated/scipy.stats.mstats.zscore.html
note,"Note that when the value is ‘omit’,
nans in the input also propagate to the output, but they do not affect
the z-scores computed for the non-nan values.",https://docs.scipy.org/doc/scipy/reference/generated/scipy.stats.mstats.zscore.html
note,Notes,https://docs.scipy.org/doc/scipy/reference/generated/scipy.stats.mstats.zscore.html
note,Release notes,https://docs.scipy.org/doc/scipy/reference/generated/scipy.stats.mstats.argstoarray.html
note,Notes,https://docs.scipy.org/doc/scipy/reference/generated/scipy.stats.mstats.argstoarray.html
note,Release notes,https://docs.scipy.org/doc/scipy/reference/generated/scipy.stats.mstats.count_tied_groups.html
note,Release notes,https://docs.scipy.org/doc/scipy/reference/generated/scipy.stats.mstats.msign.html
note,Release notes,https://docs.scipy.org/doc/scipy/reference/generated/scipy.stats.mstats.compare_medians_ms.html
should,"If axis is not None, then group_1 and group_2
should have the same shape.",https://docs.scipy.org/doc/scipy/reference/generated/scipy.stats.mstats.compare_medians_ms.html
note,Release notes,https://docs.scipy.org/doc/scipy/reference/generated/scipy.stats.mstats.median_cihs.html
only,"The input should be 1D only,
or axis should be set to None.",https://docs.scipy.org/doc/scipy/reference/generated/scipy.stats.mstats.median_cihs.html
should,"The input should be 1D only,
or axis should be set to None.",https://docs.scipy.org/doc/scipy/reference/generated/scipy.stats.mstats.median_cihs.html
note,Release notes,https://docs.scipy.org/doc/scipy/reference/generated/scipy.stats.mstats.mjci.html
note,Release notes,https://docs.scipy.org/doc/scipy/reference/generated/scipy.stats.mstats.mquantiles_cimj.html
note,Release notes,https://docs.scipy.org/doc/scipy/reference/generated/scipy.stats.mstats.rsh.html
should,"Input data, should be 1-D.",https://docs.scipy.org/doc/scipy/reference/generated/scipy.stats.mstats.rsh.html
note,Release notes,https://docs.scipy.org/doc/scipy/reference/generated/scipy.stats.boxcox.html#scipy.stats.boxcox
must,"If lmbda is None, array must be positive, 1-dimensional, and
non-constant.",https://docs.scipy.org/doc/scipy/reference/generated/scipy.stats.boxcox.html#scipy.stats.boxcox
must,Must be between 0.,https://docs.scipy.org/doc/scipy/reference/generated/scipy.stats.boxcox.html#scipy.stats.boxcox
note,Notes,https://docs.scipy.org/doc/scipy/reference/generated/scipy.stats.boxcox.html#scipy.stats.boxcox
note,Release notes,https://docs.scipy.org/doc/scipy/reference/generated/scipy.stats.boxcox_normmax.html#scipy.stats.boxcox_normmax
must,"All entries must be positive, finite, real numbers.",https://docs.scipy.org/doc/scipy/reference/generated/scipy.stats.boxcox_normmax.html#scipy.stats.boxcox_normmax
note,"Note that this is in most cases not
critical; the final result is allowed to be outside this bracket.",https://docs.scipy.org/doc/scipy/reference/generated/scipy.stats.boxcox_normmax.html#scipy.stats.boxcox_normmax
must,"If optimizer is passed, brack must be None.",https://docs.scipy.org/doc/scipy/reference/generated/scipy.stats.boxcox_normmax.html#scipy.stats.boxcox_normmax
only,"Suppose we
are only interested in values of lmbda on the interval [6, 7], we
want to use scipy.",https://docs.scipy.org/doc/scipy/reference/generated/scipy.stats.boxcox_normmax.html#scipy.stats.boxcox_normmax
note,Release notes,https://docs.scipy.org/doc/scipy/reference/generated/scipy.stats.boxcox_llf.html#scipy.stats.boxcox_llf
note,Notes,https://docs.scipy.org/doc/scipy/reference/generated/scipy.stats.boxcox_llf.html#scipy.stats.boxcox_llf
note,Release notes,https://docs.scipy.org/doc/scipy/reference/generated/scipy.stats.yeojohnson.html#scipy.stats.yeojohnson
should,Should be 1-dimensional.,https://docs.scipy.org/doc/scipy/reference/generated/scipy.stats.yeojohnson.html#scipy.stats.yeojohnson
note,Notes,https://docs.scipy.org/doc/scipy/reference/generated/scipy.stats.yeojohnson.html#scipy.stats.yeojohnson
note,Release notes,https://docs.scipy.org/doc/scipy/reference/generated/scipy.stats.yeojohnson_normmax.html#scipy.stats.yeojohnson_normmax
note,"Note that this is in most cases not critical; the
final result is allowed to be outside this bracket.",https://docs.scipy.org/doc/scipy/reference/generated/scipy.stats.yeojohnson_normmax.html#scipy.stats.yeojohnson_normmax
note,Notes,https://docs.scipy.org/doc/scipy/reference/generated/scipy.stats.yeojohnson_normmax.html#scipy.stats.yeojohnson_normmax
note,Release notes,https://docs.scipy.org/doc/scipy/reference/generated/scipy.stats.yeojohnson_llf.html#scipy.stats.yeojohnson_llf
note,Notes,https://docs.scipy.org/doc/scipy/reference/generated/scipy.stats.yeojohnson_llf.html#scipy.stats.yeojohnson_llf
note,Release notes,https://docs.scipy.org/doc/scipy/reference/generated/scipy.stats.obrientransform.html#scipy.stats.obrientransform
note,Release notes,https://docs.scipy.org/doc/scipy/reference/generated/scipy.stats.sigmaclip.html#scipy.stats.sigmaclip
note,Release notes,https://docs.scipy.org/doc/scipy/reference/generated/scipy.stats.trimboth.html#scipy.stats.trimboth
note,"Note that the elements of the input array are trimmed by value, but the
output array is not necessarily sorted.",https://docs.scipy.org/doc/scipy/reference/generated/scipy.stats.trimboth.html#scipy.stats.trimboth
note,Release notes,https://docs.scipy.org/doc/scipy/reference/generated/scipy.stats.trim1.html#scipy.stats.trim1
note,"Note that the elements of the input array are trimmed by value, but the
output array is not necessarily sorted.",https://docs.scipy.org/doc/scipy/reference/generated/scipy.stats.trim1.html#scipy.stats.trim1
note,Release notes,https://docs.scipy.org/doc/scipy/reference/generated/scipy.stats.zmap.html#scipy.stats.zmap
note,"Note that when the value is ‘omit’, nans in scores
also propagate to the output, but they do not affect the z-scores
computed for the non-nan values.",https://docs.scipy.org/doc/scipy/reference/generated/scipy.stats.zmap.html#scipy.stats.zmap
note,Notes,https://docs.scipy.org/doc/scipy/reference/generated/scipy.stats.zmap.html#scipy.stats.zmap
note,Release notes,https://docs.scipy.org/doc/scipy/reference/generated/scipy.stats.zscore.html#scipy.stats.zscore
note,"Note that when the value is ‘omit’,
nans in the input also propagate to the output, but they do not affect
the z-scores computed for the non-nan values.",https://docs.scipy.org/doc/scipy/reference/generated/scipy.stats.zscore.html#scipy.stats.zscore
note,Notes,https://docs.scipy.org/doc/scipy/reference/generated/scipy.stats.zscore.html#scipy.stats.zscore
note,Release notes,https://docs.scipy.org/doc/scipy/reference/generated/scipy.stats.gzscore.html#scipy.stats.gzscore
note,"Note that when the value is ‘omit’,
nans in the input also propagate to the output, but they do not affect
the geometric z scores computed for the non-nan values.",https://docs.scipy.org/doc/scipy/reference/generated/scipy.stats.gzscore.html#scipy.stats.gzscore
note,Notes,https://docs.scipy.org/doc/scipy/reference/generated/scipy.stats.gzscore.html#scipy.stats.gzscore
note,Release notes,https://docs.scipy.org/doc/scipy/reference/generated/scipy.stats.wasserstein_distance.html#scipy.stats.wasserstein_distance
must,"This distance is also known as the earth mover’s distance, since it can be
seen as the minimum amount of “work” required to transform \(u\) into
\(v\), where “work” is measured as the amount of distribution weight
that must be moved, multiplied by the distance it has to be moved.",https://docs.scipy.org/doc/scipy/reference/generated/scipy.stats.wasserstein_distance.html#scipy.stats.wasserstein_distance
must,"v_weights) must have the same length as
u_values (resp.",https://docs.scipy.org/doc/scipy/reference/generated/scipy.stats.wasserstein_distance.html#scipy.stats.wasserstein_distance
must,"If the weight sum differs from 1, it
must still be positive and finite so that the weights can be normalized
to sum to 1.",https://docs.scipy.org/doc/scipy/reference/generated/scipy.stats.wasserstein_distance.html#scipy.stats.wasserstein_distance
note,Notes,https://docs.scipy.org/doc/scipy/reference/generated/scipy.stats.wasserstein_distance.html#scipy.stats.wasserstein_distance
note,Release notes,https://docs.scipy.org/doc/scipy/reference/generated/scipy.stats.energy_distance.html#scipy.stats.energy_distance
must,"v_weights) must have the same length as
u_values (resp.",https://docs.scipy.org/doc/scipy/reference/generated/scipy.stats.energy_distance.html#scipy.stats.energy_distance
must,"If the weight sum differs from 1, it
must still be positive and finite so that the weights can be normalized
to sum to 1.",https://docs.scipy.org/doc/scipy/reference/generated/scipy.stats.energy_distance.html#scipy.stats.energy_distance
note,Notes,https://docs.scipy.org/doc/scipy/reference/generated/scipy.stats.energy_distance.html#scipy.stats.energy_distance
note,"in [2], [4]), but as noted in [1] and [3], only the
definition above satisfies the axioms of a distance function (metric).",https://docs.scipy.org/doc/scipy/reference/generated/scipy.stats.energy_distance.html#scipy.stats.energy_distance
only,"in [2], [4]), but as noted in [1] and [3], only the
definition above satisfies the axioms of a distance function (metric).",https://docs.scipy.org/doc/scipy/reference/generated/scipy.stats.energy_distance.html#scipy.stats.energy_distance
note,"Note that the common Cramér-von Mises criterion uses the distribution-free
version of the distance.",https://docs.scipy.org/doc/scipy/reference/generated/scipy.stats.energy_distance.html#scipy.stats.energy_distance
note,Release notes,https://docs.scipy.org/doc/scipy/reference/generated/scipy.stats.sampling.NumericalInverseHermite.html
only,For linear interpolation only the CDF is required.,https://docs.scipy.org/doc/scipy/reference/generated/scipy.stats.sampling.NumericalInverseHermite.html
only,"However, it only works for
distributions with bounded domain; for distributions with unbounded domain the tails
are chopped off such that the probability for the tail regions is small compared to
the given u-resolution.",https://docs.scipy.org/doc/scipy/reference/generated/scipy.stats.sampling.NumericalInverseHermite.html
only,"The method is not exact, as it only produces random variates of the approximated
distribution.",https://docs.scipy.org/doc/scipy/reference/generated/scipy.stats.sampling.NumericalInverseHermite.html
should,"the CDF should accept a Python
float and return a Python float.",https://docs.scipy.org/doc/scipy/reference/generated/scipy.stats.sampling.NumericalInverseHermite.html
should,"the CDF should accept a Python
float and return a Python float.",https://docs.scipy.org/doc/scipy/reference/generated/scipy.stats.sampling.NumericalInverseHermite.html
must,Must have the same signature as the PDF.,https://docs.scipy.org/doc/scipy/reference/generated/scipy.stats.sampling.NumericalInverseHermite.html
must,Must have the same signature as the PDF.,https://docs.scipy.org/doc/scipy/reference/generated/scipy.stats.sampling.NumericalInverseHermite.html
must,Must have the same signature as the CDF.,https://docs.scipy.org/doc/scipy/reference/generated/scipy.stats.sampling.NumericalInverseHermite.html
must,Must have the same signature as the CDF.,https://docs.scipy.org/doc/scipy/reference/generated/scipy.stats.sampling.NumericalInverseHermite.html
only,"As the possible
maximal error is only estimated in the setup it may be necessary to set some
special design points for computing the Hermite interpolation to guarantee that the
maximal u-error can not be bigger than desired.",https://docs.scipy.org/doc/scipy/reference/generated/scipy.stats.sampling.NumericalInverseHermite.html
note,Notes,https://docs.scipy.org/doc/scipy/reference/generated/scipy.stats.sampling.NumericalInverseHermite.html
note,Note that this comes at the cost of increased setup time and number of intervals.,https://docs.scipy.org/doc/scipy/reference/generated/scipy.stats.sampling.NumericalInverseHermite.html
note,Release notes,https://docs.scipy.org/doc/scipy/reference/generated/scipy.stats.sampling.NumericalInversePolynomial.html
only,"The method is not exact, as it only produces random variates of the approximated
distribution.",https://docs.scipy.org/doc/scipy/reference/generated/scipy.stats.sampling.NumericalInversePolynomial.html
note,"Note that very small values of the u-resolution are possible but increase the cost
for the setup step.",https://docs.scipy.org/doc/scipy/reference/generated/scipy.stats.sampling.NumericalInversePolynomial.html
only,"However, it only
works for distributions with bounded domain; for distributions with unbounded domain
the tails are cut off such that the probability for the tail regions is small compared
to the given u-resolution.",https://docs.scipy.org/doc/scipy/reference/generated/scipy.stats.sampling.NumericalInversePolynomial.html
only,"The construction of the interpolation polynomial only works when the PDF is unimodal
or when the PDF does not vanish between two modes.",https://docs.scipy.org/doc/scipy/reference/generated/scipy.stats.sampling.NumericalInversePolynomial.html
must,", the region where the PDF is strictly
positive) must be connected.",https://docs.scipy.org/doc/scipy/reference/generated/scipy.stats.sampling.NumericalInversePolynomial.html
must,"In practice this means, that the region where PDF
is “not too small” must be connected.",https://docs.scipy.org/doc/scipy/reference/generated/scipy.stats.sampling.NumericalInversePolynomial.html
must,", the region where the PDF is strictly
positive) must be connected.",https://docs.scipy.org/doc/scipy/reference/generated/scipy.stats.sampling.NumericalInversePolynomial.html
must,"In practice this means, that the region where PDF
is “not too small” must be connected.",https://docs.scipy.org/doc/scipy/reference/generated/scipy.stats.sampling.NumericalInversePolynomial.html
must,"When the PDF is integrated numerically, then the given PDF must be continuous
and should be smooth.",https://docs.scipy.org/doc/scipy/reference/generated/scipy.stats.sampling.NumericalInversePolynomial.html
should,"When the PDF is integrated numerically, then the given PDF must be continuous
and should be smooth.",https://docs.scipy.org/doc/scipy/reference/generated/scipy.stats.sampling.NumericalInversePolynomial.html
must,"When the PDF is integrated numerically, then the given PDF must be continuous
and should be smooth.",https://docs.scipy.org/doc/scipy/reference/generated/scipy.stats.sampling.NumericalInversePolynomial.html
should,"When the PDF is integrated numerically, then the given PDF must be continuous
and should be smooth.",https://docs.scipy.org/doc/scipy/reference/generated/scipy.stats.sampling.NumericalInversePolynomial.html
must,The PDF must be bounded.,https://docs.scipy.org/doc/scipy/reference/generated/scipy.stats.sampling.NumericalInversePolynomial.html
must,The PDF must be bounded.,https://docs.scipy.org/doc/scipy/reference/generated/scipy.stats.sampling.NumericalInversePolynomial.html
should,", the PDF should accept a Python
float and return a Python float.",https://docs.scipy.org/doc/scipy/reference/generated/scipy.stats.sampling.NumericalInversePolynomial.html
should,", the PDF should accept a Python
float and return a Python float.",https://docs.scipy.org/doc/scipy/reference/generated/scipy.stats.sampling.NumericalInversePolynomial.html
must,"Must have the same
signature as the PDF.",https://docs.scipy.org/doc/scipy/reference/generated/scipy.stats.sampling.NumericalInversePolynomial.html
must,"Must have the same
signature as the PDF.",https://docs.scipy.org/doc/scipy/reference/generated/scipy.stats.sampling.NumericalInversePolynomial.html
must,Values of u_resolution must at least 1.,https://docs.scipy.org/doc/scipy/reference/generated/scipy.stats.sampling.NumericalInversePolynomial.html
only,"“Random variate
generation by numerical inversion when only the density is known.",https://docs.scipy.org/doc/scipy/reference/generated/scipy.stats.sampling.NumericalInversePolynomial.html
note,Note that this comes at the cost of increased setup time.,https://docs.scipy.org/doc/scipy/reference/generated/scipy.stats.sampling.NumericalInversePolynomial.html
note,Release notes,https://docs.scipy.org/doc/scipy/reference/generated/scipy.stats.sampling.TransformedDensityRejection.html
only,"The aim of this universal method is to
provide an algorithm that is not too slow and needs only a short setup.",https://docs.scipy.org/doc/scipy/reference/generated/scipy.stats.sampling.TransformedDensityRejection.html
should,"the PDF should accept a Python float and
return a Python float.",https://docs.scipy.org/doc/scipy/reference/generated/scipy.stats.sampling.TransformedDensityRejection.html
should,"the PDF should accept a Python float and
return a Python float.",https://docs.scipy.org/doc/scipy/reference/generated/scipy.stats.sampling.TransformedDensityRejection.html
must,"Must
have the same signature as the PDF.",https://docs.scipy.org/doc/scipy/reference/generated/scipy.stats.sampling.TransformedDensityRejection.html
must,"Must
have the same signature as the PDF.",https://docs.scipy.org/doc/scipy/reference/generated/scipy.stats.sampling.TransformedDensityRejection.html
must,"The transformation of the PDF must be concave in
order to construct the hat function.",https://docs.scipy.org/doc/scipy/reference/generated/scipy.stats.sampling.TransformedDensityRejection.html
must,It must be a number between 0 and 1.,https://docs.scipy.org/doc/scipy/reference/generated/scipy.stats.sampling.TransformedDensityRejection.html
note,Release notes,https://docs.scipy.org/doc/scipy/reference/generated/scipy.stats.sampling.SimpleRatioUniforms.html
should,"the PDF should accept a Python float and
return a Python float.",https://docs.scipy.org/doc/scipy/reference/generated/scipy.stats.sampling.SimpleRatioUniforms.html
should,"If not normalized, pdf_area
should be set to the area under the PDF.",https://docs.scipy.org/doc/scipy/reference/generated/scipy.stats.sampling.SimpleRatioUniforms.html
should,"the PDF should accept a Python float and
return a Python float.",https://docs.scipy.org/doc/scipy/reference/generated/scipy.stats.sampling.SimpleRatioUniforms.html
should,"If not normalized, pdf_area
should be set to the area under the PDF.",https://docs.scipy.org/doc/scipy/reference/generated/scipy.stats.sampling.SimpleRatioUniforms.html
note,Release notes,https://docs.scipy.org/doc/scipy/reference/generated/scipy.stats.sampling.RatioUniforms.html
note,"Shift parameter of ratio-of-uniforms method, see Notes.",https://docs.scipy.org/doc/scipy/reference/generated/scipy.stats.sampling.RatioUniforms.html
note,Notes,https://docs.scipy.org/doc/scipy/reference/generated/scipy.stats.sampling.RatioUniforms.html
only,"The above result (see [1], [2]) can be used to sample random variables
using only the PDF, i.",https://docs.scipy.org/doc/scipy/reference/generated/scipy.stats.sampling.RatioUniforms.html
note,"To be more precise, note that
the expected number of iterations to draw (U, V) uniformly
distributed on R such that (U, V) is also in A is given by
the ratio area(R) / area(A) = 2 * umax * (vmax - vmin) / area(pdf),
where area(pdf) is the integral of pdf (which is equal to one if the
probability density function is used but can take on other values if a
function proportional to the density is used).",https://docs.scipy.org/doc/scipy/reference/generated/scipy.stats.sampling.RatioUniforms.html
note,Release notes,https://docs.scipy.org/doc/scipy/reference/generated/scipy.stats.sampling.DiscreteAliasUrn.html
should,"it
should accept a Python integer and return a Python float.",https://docs.scipy.org/doc/scipy/reference/generated/scipy.stats.sampling.DiscreteAliasUrn.html
must,"If a probability vector (pv) is not available, a
finite domain must be given.",https://docs.scipy.org/doc/scipy/reference/generated/scipy.stats.sampling.DiscreteAliasUrn.html
must,the PMF must have a finite support.,https://docs.scipy.org/doc/scipy/reference/generated/scipy.stats.sampling.DiscreteAliasUrn.html
note,"See Notes
and tutorial for a more detailed explanation.",https://docs.scipy.org/doc/scipy/reference/generated/scipy.stats.sampling.DiscreteAliasUrn.html
note,"See Notes
and tutorial for a more detailed explanation.",https://docs.scipy.org/doc/scipy/reference/generated/scipy.stats.sampling.DiscreteAliasUrn.html
must,It must not be less than 1.,https://docs.scipy.org/doc/scipy/reference/generated/scipy.stats.sampling.DiscreteAliasUrn.html
note,Notes,https://docs.scipy.org/doc/scipy/reference/generated/scipy.stats.sampling.DiscreteAliasUrn.html
must,"In case a PMF is only available,
the finite support (domain) of the PMF must also be given.",https://docs.scipy.org/doc/scipy/reference/generated/scipy.stats.sampling.DiscreteAliasUrn.html
only,"In case a PMF is only available,
the finite support (domain) of the PMF must also be given.",https://docs.scipy.org/doc/scipy/reference/generated/scipy.stats.sampling.DiscreteAliasUrn.html
must,"If a probability vector is given, it must be a 1-dimensional array of
non-negative floats without any inf or nan values.",https://docs.scipy.org/doc/scipy/reference/generated/scipy.stats.sampling.DiscreteAliasUrn.html
must,"Also, there
must be at least one non-zero entry otherwise an exception is raised.",https://docs.scipy.org/doc/scipy/reference/generated/scipy.stats.sampling.DiscreteAliasUrn.html
note,"Note that this just gives the correctness of the algorithm
and not the quality of the samples.",https://docs.scipy.org/doc/scipy/reference/generated/scipy.stats.sampling.DiscreteAliasUrn.html
note,Release notes,https://docs.scipy.org/doc/scipy/reference/generated/scipy.stats.sampling.DiscreteGuideTable.html
should,"it
should accept a Python integer and return a Python float.",https://docs.scipy.org/doc/scipy/reference/generated/scipy.stats.sampling.DiscreteGuideTable.html
must,"If a probability vector (pv) is not available, a
finite domain must be given.",https://docs.scipy.org/doc/scipy/reference/generated/scipy.stats.sampling.DiscreteGuideTable.html
must,the PMF must have a finite support.,https://docs.scipy.org/doc/scipy/reference/generated/scipy.stats.sampling.DiscreteGuideTable.html
note,"See Notes
and tutorial for a more detailed explanation.",https://docs.scipy.org/doc/scipy/reference/generated/scipy.stats.sampling.DiscreteGuideTable.html
note,"See Notes
and tutorial for a more detailed explanation.",https://docs.scipy.org/doc/scipy/reference/generated/scipy.stats.sampling.DiscreteGuideTable.html
note,Notes,https://docs.scipy.org/doc/scipy/reference/generated/scipy.stats.sampling.DiscreteGuideTable.html
must,"In case a PMF is only available,
the finite support (domain) of the PMF must also be given.",https://docs.scipy.org/doc/scipy/reference/generated/scipy.stats.sampling.DiscreteGuideTable.html
only,"In case a PMF is only available,
the finite support (domain) of the PMF must also be given.",https://docs.scipy.org/doc/scipy/reference/generated/scipy.stats.sampling.DiscreteGuideTable.html
note,"On the other hand the setup time for guide table is O(N), where N denotes
the length of the probability vector (for size 1 no preprocessing is
required).",https://docs.scipy.org/doc/scipy/reference/generated/scipy.stats.sampling.DiscreteGuideTable.html
only,"If only a few random numbers have to be generated, (much) smaller
table sizes are better.",https://docs.scipy.org/doc/scipy/reference/generated/scipy.stats.sampling.DiscreteGuideTable.html
must,"If a probability vector is given, it must be a 1-dimensional array of
non-negative floats without any inf or nan values.",https://docs.scipy.org/doc/scipy/reference/generated/scipy.stats.sampling.DiscreteGuideTable.html
must,"Also, there
must be at least one non-zero entry otherwise an exception is raised.",https://docs.scipy.org/doc/scipy/reference/generated/scipy.stats.sampling.DiscreteGuideTable.html
note,"Note that this just gives the correctness of the algorithm
and not the quality of the samples.",https://docs.scipy.org/doc/scipy/reference/generated/scipy.stats.sampling.DiscreteGuideTable.html
note,Release notes,https://docs.scipy.org/doc/scipy/reference/generated/scipy.stats.sampling.UNURANError.html
note,Release notes,https://docs.scipy.org/doc/scipy/reference/generated/scipy.stats.sampling.FastGeneratorInversion.html
note,"The list of supported
distributions can be found in the Notes section.",https://docs.scipy.org/doc/scipy/reference/generated/scipy.stats.sampling.FastGeneratorInversion.html
must,"The shape parameters,
loc and scale used to create the distributions must be scalars.",https://docs.scipy.org/doc/scipy/reference/generated/scipy.stats.sampling.FastGeneratorInversion.html
note,"If False, shape parameters that are outside of the valid range
of values to ensure that the numerical accuracy (see Notes) is
high, raise a ValueError.",https://docs.scipy.org/doc/scipy/reference/generated/scipy.stats.sampling.FastGeneratorInversion.html
note,Notes,https://docs.scipy.org/doc/scipy/reference/generated/scipy.stats.sampling.FastGeneratorInversion.html
should,"The u-error should not exceed 1e-10 for all
valid parameters.",https://docs.scipy.org/doc/scipy/reference/generated/scipy.stats.sampling.FastGeneratorInversion.html
note,"Note that warnings might be raised even if parameters
are within the valid range when the object is instantiated.",https://docs.scipy.org/doc/scipy/reference/generated/scipy.stats.sampling.FastGeneratorInversion.html
warning,"Note that warnings might be raised even if parameters
are within the valid range when the object is instantiated.",https://docs.scipy.org/doc/scipy/reference/generated/scipy.stats.sampling.FastGeneratorInversion.html
note,Note that all implemented distributions are also part of scipy.,https://docs.scipy.org/doc/scipy/reference/generated/scipy.stats.sampling.FastGeneratorInversion.html
only,"“Random variate  generation by numerical inversion when only the
density is known.",https://docs.scipy.org/doc/scipy/reference/generated/scipy.stats.sampling.FastGeneratorInversion.html
should,The mean should be approximately equal to the shape parameter 1.,https://docs.scipy.org/doc/scipy/reference/generated/scipy.stats.sampling.FastGeneratorInversion.html
should,"To confirm that the numerical inversion is accurate, we evaluate the
approximation error (u-error), which should be below 1e-10 (for more
details, refer to the documentation of evaluate_error):",https://docs.scipy.org/doc/scipy/reference/generated/scipy.stats.sampling.FastGeneratorInversion.html
note,"Note that the location and scale can be changed without instantiating a
new generator:",https://docs.scipy.org/doc/scipy/reference/generated/scipy.stats.sampling.FastGeneratorInversion.html
should,The mean should be approximately 2 + 3*1.,https://docs.scipy.org/doc/scipy/reference/generated/scipy.stats.sampling.FastGeneratorInversion.html
note,Release notes,https://docs.scipy.org/doc/scipy/reference/generated/scipy.stats.sampling.FastGeneratorInversion.evaluate_error.html
note,Notes,https://docs.scipy.org/doc/scipy/reference/generated/scipy.stats.sampling.FastGeneratorInversion.evaluate_error.html
note,"Note that if ppf was exact, the u-error would be zero.",https://docs.scipy.org/doc/scipy/reference/generated/scipy.stats.sampling.FastGeneratorInversion.evaluate_error.html
note,"Note that it is important to consider the relative x-error in the case
that PPF(u) is close to zero or very large.",https://docs.scipy.org/doc/scipy/reference/generated/scipy.stats.sampling.FastGeneratorInversion.evaluate_error.html
only,"By default, only the u-error is evaluated and the x-error is set to
np.",https://docs.scipy.org/doc/scipy/reference/generated/scipy.stats.sampling.FastGeneratorInversion.evaluate_error.html
note,"Note that the evaluation of the x-error will be very slow
if the implementation of the PPF is slow.",https://docs.scipy.org/doc/scipy/reference/generated/scipy.stats.sampling.FastGeneratorInversion.evaluate_error.html
only,"“Random variate  generation by numerical inversion when only the
density is known.",https://docs.scipy.org/doc/scipy/reference/generated/scipy.stats.sampling.FastGeneratorInversion.evaluate_error.html
should,The u-error should be below 1e-10:,https://docs.scipy.org/doc/scipy/reference/generated/scipy.stats.sampling.FastGeneratorInversion.evaluate_error.html
note,Release notes,https://docs.scipy.org/doc/scipy/reference/generated/scipy.stats.sampling.FastGeneratorInversion.ppf.html
note,Notes,https://docs.scipy.org/doc/scipy/reference/generated/scipy.stats.sampling.FastGeneratorInversion.ppf.html
note,Note that this PPF is designed to generate random samples.,https://docs.scipy.org/doc/scipy/reference/generated/scipy.stats.sampling.FastGeneratorInversion.ppf.html
note,Release notes,https://docs.scipy.org/doc/scipy/reference/generated/scipy.stats.sampling.FastGeneratorInversion.qrvs.html
note,See Notes for shape information.,https://docs.scipy.org/doc/scipy/reference/generated/scipy.stats.sampling.FastGeneratorInversion.qrvs.html
note,Notes,https://docs.scipy.org/doc/scipy/reference/generated/scipy.stats.sampling.FastGeneratorInversion.qrvs.html
note,"Note that when d > 1, the samples returned are still those
of the provided univariate distribution, not a multivariate
generalization of that distribution.",https://docs.scipy.org/doc/scipy/reference/generated/scipy.stats.sampling.FastGeneratorInversion.qrvs.html
note,Release notes,https://docs.scipy.org/doc/scipy/reference/generated/scipy.stats.sampling.FastGeneratorInversion.rvs.html
note,Notes,https://docs.scipy.org/doc/scipy/reference/generated/scipy.stats.sampling.FastGeneratorInversion.rvs.html
note,"Note that the
default rvs method of the rv_continuous class is
overwritten.",https://docs.scipy.org/doc/scipy/reference/generated/scipy.stats.sampling.FastGeneratorInversion.rvs.html
note,Release notes,https://docs.scipy.org/doc/scipy/reference/generated/scipy.stats.sampling.FastGeneratorInversion.support.html
note,Notes,https://docs.scipy.org/doc/scipy/reference/generated/scipy.stats.sampling.FastGeneratorInversion.support.html
note,"Note that the support of the distribution depends on loc,
scale and domain.",https://docs.scipy.org/doc/scipy/reference/generated/scipy.stats.sampling.FastGeneratorInversion.support.html
note,Release notes,https://docs.scipy.org/doc/scipy/reference/generated/scipy.stats.rvs_ratio_uniforms.html#scipy.stats.rvs_ratio_uniforms
note,"Shift parameter of ratio-of-uniforms method, see Notes.",https://docs.scipy.org/doc/scipy/reference/generated/scipy.stats.rvs_ratio_uniforms.html#scipy.stats.rvs_ratio_uniforms
note,Notes,https://docs.scipy.org/doc/scipy/reference/generated/scipy.stats.rvs_ratio_uniforms.html#scipy.stats.rvs_ratio_uniforms
note,Release notes,https://docs.scipy.org/doc/scipy/reference/generated/scipy.stats.fit.html#scipy.stats.fit
only,"If the distribution is
defined only for a finite range of values of that parameter, no entry
for that parameter is required; e.",https://docs.scipy.org/doc/scipy/reference/generated/scipy.stats.fit.html#scipy.stats.fit
must,", some distributions have
parameters which must be on the interval [0, 1].",https://docs.scipy.org/doc/scipy/reference/generated/scipy.stats.fit.html#scipy.stats.fit
must,"In this case,
bounds for all distribution shape parameters must be provided.",https://docs.scipy.org/doc/scipy/reference/generated/scipy.stats.fit.html#scipy.stats.fit
must,"Similarly, parameters which must be integral
will be constrained to integral values within the user-provided bounds.",https://docs.scipy.org/doc/scipy/reference/generated/scipy.stats.fit.html#scipy.stats.fit
must,"In this case, guesses for all distribution shape
parameters must be provided.",https://docs.scipy.org/doc/scipy/reference/generated/scipy.stats.fit.html#scipy.stats.fit
must,"Guesses for parameters which must be integral will be
rounded to integral values, and guesses that lie outside the
intersection of the user-provided bounds and the domain of the
distribution will be clipped.",https://docs.scipy.org/doc/scipy/reference/generated/scipy.stats.fit.html#scipy.stats.fit
must,optimizer must also accept the following keyword argument.,https://docs.scipy.org/doc/scipy/reference/generated/scipy.stats.fit.html#scipy.stats.fit
must,"If guess is provided, optimizer must also accept the following
keyword argument.",https://docs.scipy.org/doc/scipy/reference/generated/scipy.stats.fit.html#scipy.stats.fit
must,"If the distribution has any shape parameters that must be integral or
if the distribution is discrete and the location parameter is not
fixed, optimizer must also accept the following keyword argument.",https://docs.scipy.org/doc/scipy/reference/generated/scipy.stats.fit.html#scipy.stats.fit
must,"For each decision variable, True if the decision variable
must be constrained to integer values and False if the decision
variable is continuous.",https://docs.scipy.org/doc/scipy/reference/generated/scipy.stats.fit.html#scipy.stats.fit
must,"optimizer must return an object, such as an instance of
scipy.",https://docs.scipy.org/doc/scipy/reference/generated/scipy.stats.fit.html#scipy.stats.fit
note,Notes,https://docs.scipy.org/doc/scipy/reference/generated/scipy.stats.fit.html#scipy.stats.fit
must,") We believe that the parameter n was fewer
than 30, and we know that the parameter p must lie on the interval
[0, 1].",https://docs.scipy.org/doc/scipy/reference/generated/scipy.stats.fit.html#scipy.stats.fit
note,"Note that the estimate for n was exactly integral; this is because
the domain of the nbinom PMF includes only integral n, and the nbinom
object “knows” that.",https://docs.scipy.org/doc/scipy/reference/generated/scipy.stats.fit.html#scipy.stats.fit
only,"Note that the estimate for n was exactly integral; this is because
the domain of the nbinom PMF includes only integral n, and the nbinom
object “knows” that.",https://docs.scipy.org/doc/scipy/reference/generated/scipy.stats.fit.html#scipy.stats.fit
must,"nbinom also knows that the shape p must be a
value between 0 and 1.",https://docs.scipy.org/doc/scipy/reference/generated/scipy.stats.fit.html#scipy.stats.fit
note,"Note, however, that the
value of the objective function being optimized is typically worse (higher)
in this case.",https://docs.scipy.org/doc/scipy/reference/generated/scipy.stats.fit.html#scipy.stats.fit
note,"Note that the numerical results of the previous examples are typical, but
they may vary because the default optimizer used by fit,
scipy.",https://docs.scipy.org/doc/scipy/reference/generated/scipy.stats.fit.html#scipy.stats.fit
note,Release notes,https://docs.scipy.org/doc/scipy/reference/generated/scipy.stats.ecdf.html#scipy.stats.ecdf
note,Notes,https://docs.scipy.org/doc/scipy/reference/generated/scipy.stats.ecdf.html#scipy.stats.ecdf
not support,"For right-censored data, the ECDF is given by the Kaplan-Meier estimator
[2]; other forms of censoring are not supported at this time.",https://docs.scipy.org/doc/scipy/reference/generated/scipy.stats.ecdf.html#scipy.stats.ecdf
note,Release notes,https://docs.scipy.org/doc/scipy/reference/generated/scipy.stats.logrank.html#scipy.stats.logrank
note,Notes,https://docs.scipy.org/doc/scipy/reference/generated/scipy.stats.logrank.html#scipy.stats.logrank
note,\(i\) denotes the group (i.,https://docs.scipy.org/doc/scipy/reference/generated/scipy.stats.logrank.html#scipy.stats.logrank
note,"it may assume values \(x\) or
\(y\), or it may be omitted to refer to the combined sample)
\(j\) denotes the time (at which an event occurred),
\(N\) is the number of subjects at risk just before an event occurred,
and \(O\) is the observed number of events at that time.",https://docs.scipy.org/doc/scipy/reference/generated/scipy.stats.logrank.html#scipy.stats.logrank
note,Release notes,https://docs.scipy.org/doc/scipy/reference/generated/scipy.stats.directional_stats.html#scipy.stats.directional_stats
must,"Must be at least two-dimensional, and the last axis of the
input must correspond with the dimensionality of the vector space.",https://docs.scipy.org/doc/scipy/reference/generated/scipy.stats.directional_stats.html#scipy.stats.directional_stats
note,Notes,https://docs.scipy.org/doc/scipy/reference/generated/scipy.stats.directional_stats.html#scipy.stats.directional_stats
note,Release notes,https://docs.scipy.org/doc/scipy/reference/generated/scipy.stats.circmean.html#scipy.stats.circmean
note,Notes,https://docs.scipy.org/doc/scipy/reference/generated/scipy.stats.circmean.html#scipy.stats.circmean
note,Release notes,https://docs.scipy.org/doc/scipy/reference/generated/scipy.stats.circvar.html#scipy.stats.circvar
note,Notes,https://docs.scipy.org/doc/scipy/reference/generated/scipy.stats.circvar.html#scipy.stats.circvar
note,Release notes,https://docs.scipy.org/doc/scipy/reference/generated/scipy.stats.circstd.html#scipy.stats.circstd
note,Notes,https://docs.scipy.org/doc/scipy/reference/generated/scipy.stats.circstd.html#scipy.stats.circstd
note,Release notes,https://docs.scipy.org/doc/scipy/reference/generated/scipy.stats.sobol_indices.html#scipy.stats.sobol_indices
must,Function evaluation values must be finite.,https://docs.scipy.org/doc/scipy/reference/generated/scipy.stats.sobol_indices.html#scipy.stats.sobol_indices
must,"Keys must be: f_A, f_B and f_AB.",https://docs.scipy.org/doc/scipy/reference/generated/scipy.stats.sobol_indices.html#scipy.stats.sobol_indices
should,"f_A and f_B should have a shape (s, n) and f_AB
should have a shape (d, s, n).",https://docs.scipy.org/doc/scipy/reference/generated/scipy.stats.sobol_indices.html#scipy.stats.sobol_indices
must,Must be a power of 2.,https://docs.scipy.org/doc/scipy/reference/generated/scipy.stats.sobol_indices.html#scipy.stats.sobol_indices
should,"The distribution of parameters
depends on the application and should be carefully chosen.",https://docs.scipy.org/doc/scipy/reference/generated/scipy.stats.sobol_indices.html#scipy.stats.sobol_indices
must,"Distributions must be an instance of a class with a ppf
method.",https://docs.scipy.org/doc/scipy/reference/generated/scipy.stats.sobol_indices.html#scipy.stats.sobol_indices
must,"Must be specified if func is a callable, and ignored otherwise.",https://docs.scipy.org/doc/scipy/reference/generated/scipy.stats.sobol_indices.html#scipy.stats.sobol_indices
must,"If a callable, its signature must be:",https://docs.scipy.org/doc/scipy/reference/generated/scipy.stats.sobol_indices.html#scipy.stats.sobol_indices
note,Notes,https://docs.scipy.org/doc/scipy/reference/generated/scipy.stats.sobol_indices.html#scipy.stats.sobol_indices
note,Note,https://docs.scipy.org/doc/scipy/reference/generated/scipy.stats.sobol_indices.html#scipy.stats.sobol_indices
should,"In fact, the distribution
is very important and should match the real distribution of the
parameters.",https://docs.scipy.org/doc/scipy/reference/generated/scipy.stats.sobol_indices.html#scipy.stats.sobol_indices
only,This is why only first order indices are provided.,https://docs.scipy.org/doc/scipy/reference/generated/scipy.stats.sobol_indices.html#scipy.stats.sobol_indices
warning,Warning,https://docs.scipy.org/doc/scipy/reference/generated/scipy.stats.sobol_indices.html#scipy.stats.sobol_indices
should,"Increasing the
number of points n should help.",https://docs.scipy.org/doc/scipy/reference/generated/scipy.stats.sobol_indices.html#scipy.stats.sobol_indices
note,Note,https://docs.scipy.org/doc/scipy/reference/generated/scipy.stats.sobol_indices.html#scipy.stats.sobol_indices
only,"This case is fairly simple to analyse visually—although it is only a
qualitative analysis.",https://docs.scipy.org/doc/scipy/reference/generated/scipy.stats.sobol_indices.html#scipy.stats.sobol_indices
note,Release notes,https://docs.scipy.org/doc/scipy/reference/generated/scipy.stats.ppcc_max.html#scipy.stats.ppcc_max
note,Notes,https://docs.scipy.org/doc/scipy/reference/generated/scipy.stats.ppcc_max.html#scipy.stats.ppcc_max
should,"We calculate the value where the shape should reach its maximum and a
red line is drawn there.",https://docs.scipy.org/doc/scipy/reference/generated/scipy.stats.ppcc_max.html#scipy.stats.ppcc_max
should,"The line should coincide with the highest
point in the PPCC graph.",https://docs.scipy.org/doc/scipy/reference/generated/scipy.stats.ppcc_max.html#scipy.stats.ppcc_max
note,Release notes,https://docs.scipy.org/doc/scipy/reference/generated/scipy.stats.ppcc_plot.html#scipy.stats.ppcc_plot
note,Release notes,https://docs.scipy.org/doc/scipy/reference/generated/scipy.stats.probplot.html#scipy.stats.probplot
note,For details on how osm is calculated see the Notes section.,https://docs.scipy.org/doc/scipy/reference/generated/scipy.stats.probplot.html#scipy.stats.probplot
note,Notes,https://docs.scipy.org/doc/scipy/reference/generated/scipy.stats.probplot.html#scipy.stats.probplot
should,"png') should be used after
calling probplot.",https://docs.scipy.org/doc/scipy/reference/generated/scipy.stats.probplot.html#scipy.stats.probplot
should,"probplot generates a probability plot, which should not be confused with
a Q-Q or a P-P plot.",https://docs.scipy.org/doc/scipy/reference/generated/scipy.stats.probplot.html#scipy.stats.probplot
note,Release notes,https://docs.scipy.org/doc/scipy/reference/generated/scipy.stats.boxcox_normplot.html#scipy.stats.boxcox_normplot
note,Notes,https://docs.scipy.org/doc/scipy/reference/generated/scipy.stats.boxcox_normplot.html#scipy.stats.boxcox_normplot
should,"png')
should be used after calling probplot.",https://docs.scipy.org/doc/scipy/reference/generated/scipy.stats.boxcox_normplot.html#scipy.stats.boxcox_normplot
note,Release notes,https://docs.scipy.org/doc/scipy/reference/generated/scipy.stats.yeojohnson_normplot.html#scipy.stats.yeojohnson_normplot
note,Notes,https://docs.scipy.org/doc/scipy/reference/generated/scipy.stats.yeojohnson_normplot.html#scipy.stats.yeojohnson_normplot
should,"png')
should be used after calling probplot.",https://docs.scipy.org/doc/scipy/reference/generated/scipy.stats.yeojohnson_normplot.html#scipy.stats.yeojohnson_normplot
note,Release notes,https://docs.scipy.org/doc/scipy/reference/generated/scipy.stats.DegenerateDataWarning.html#scipy.stats.DegenerateDataWarning
warning,"DegenerateDataWarning
    
   
  
  
   
    
     
      
       DegenerateDataWarning.",https://docs.scipy.org/doc/scipy/reference/generated/scipy.stats.DegenerateDataWarning.html#scipy.stats.DegenerateDataWarning
warning,DegenerateDataWarning.,https://docs.scipy.org/doc/scipy/reference/generated/scipy.stats.DegenerateDataWarning.html#scipy.stats.DegenerateDataWarning
note,Release notes,https://docs.scipy.org/doc/scipy/reference/generated/scipy.stats.ConstantInputWarning.html#scipy.stats.ConstantInputWarning
warning,"ConstantInputWarning
    
   
  
  
   
    
     
      
       ConstantInputWarning.",https://docs.scipy.org/doc/scipy/reference/generated/scipy.stats.ConstantInputWarning.html#scipy.stats.ConstantInputWarning
warning,ConstantInputWarning.,https://docs.scipy.org/doc/scipy/reference/generated/scipy.stats.ConstantInputWarning.html#scipy.stats.ConstantInputWarning
note,Release notes,https://docs.scipy.org/doc/scipy/reference/generated/scipy.stats.NearConstantInputWarning.html#scipy.stats.NearConstantInputWarning
warning,"NearConstantInputWarning
    
   
  
  
   
    
     
      
       NearConstantInputWarning.",https://docs.scipy.org/doc/scipy/reference/generated/scipy.stats.NearConstantInputWarning.html#scipy.stats.NearConstantInputWarning
warning,NearConstantInputWarning.,https://docs.scipy.org/doc/scipy/reference/generated/scipy.stats.NearConstantInputWarning.html#scipy.stats.NearConstantInputWarning
note,Release notes,https://docs.scipy.org/doc/scipy/reference/generated/scipy.stats.FitError.html#scipy.stats.FitError
note,Release notes,https://docs.scipy.org/doc/scipy/reference/stats._result_classes.html
note,Release notes,https://docs.scipy.org/doc/scipy/reference/generated/scipy.stats._result_classes.RelativeRiskResult.html
note,Release notes,https://docs.scipy.org/doc/scipy/reference/generated/scipy.stats._result_classes.BinomTestResult.html
note,Release notes,https://docs.scipy.org/doc/scipy/reference/generated/scipy.stats._result_classes.TukeyHSDResult.html
note,Notes,https://docs.scipy.org/doc/scipy/reference/generated/scipy.stats._result_classes.TukeyHSDResult.html
note,Release notes,https://docs.scipy.org/doc/scipy/reference/generated/scipy.stats._result_classes.DunnettResult.html
note,Release notes,https://docs.scipy.org/doc/scipy/reference/generated/scipy.stats._result_classes.PearsonRResult.html
note,Release notes,https://docs.scipy.org/doc/scipy/reference/generated/scipy.stats._result_classes.FitResult.html
note,Release notes,https://docs.scipy.org/doc/scipy/reference/generated/scipy.stats._result_classes.OddsRatioResult.html
note,Release notes,https://docs.scipy.org/doc/scipy/reference/generated/scipy.stats._result_classes.TtestResult.html
note,Release notes,https://docs.scipy.org/doc/scipy/reference/generated/scipy.stats._result_classes.ECDFResult.html
note,Release notes,https://docs.scipy.org/doc/scipy/reference/generated/scipy.stats._result_classes.EmpiricalDistributionFunction.html
note,Release notes,https://docs.scipy.org/doc/scipy/reference/generated/scipy.show_config.html#scipy.show_config
note,Notes,https://docs.scipy.org/doc/scipy/reference/generated/scipy.show_config.html#scipy.show_config
note,Release notes,https://docs.scipy.org/doc/scipy/reference/generated/scipy.datasets.ascent.html#scipy.datasets.ascent
note,Release notes,https://docs.scipy.org/doc/scipy/reference/generated/scipy.datasets.electrocardiogram.html#scipy.datasets.electrocardiogram
note,Notes,https://docs.scipy.org/doc/scipy/reference/generated/scipy.datasets.electrocardiogram.html#scipy.datasets.electrocardiogram
note,Release notes,https://docs.scipy.org/doc/scipy/reference/generated/scipy.datasets.download_all.html#scipy.datasets.download_all
note,Release notes,https://docs.scipy.org/doc/scipy/reference/generated/scipy.datasets.clear_cache.html#scipy.datasets.clear_cache
note,Release notes,https://docs.scipy.org/doc/scipy/reference/generated/scipy.fft.hfft.html#scipy.fft.hfft
note,Notes,https://docs.scipy.org/doc/scipy/reference/generated/scipy.fft.hfft.html#scipy.fft.hfft
must,"So, here, it’s hfft, for
which you must supply the length of the result if it is to be odd.",https://docs.scipy.org/doc/scipy/reference/generated/scipy.fft.hfft.html#scipy.fft.hfft
note,Release notes,https://docs.scipy.org/doc/scipy/reference/generated/scipy.fft.ihfft.html#scipy.fft.ihfft
note,Notes,https://docs.scipy.org/doc/scipy/reference/generated/scipy.fft.ihfft.html#scipy.fft.ihfft
must,"So, here, it’s hfft, for
which you must supply the length of the result if it is to be odd:
* even: ihfft(hfft(a, 2*len(a) - 2) == a, within roundoff error,
* odd: ihfft(hfft(a, 2*len(a) - 1) == a, within roundoff error.",https://docs.scipy.org/doc/scipy/reference/generated/scipy.fft.ihfft.html#scipy.fft.ihfft
note,Release notes,https://docs.scipy.org/doc/scipy/reference/generated/scipy.fft.hfft2.html#scipy.fft.hfft2
note,Notes,https://docs.scipy.org/doc/scipy/reference/generated/scipy.fft.hfft2.html#scipy.fft.hfft2
note,Release notes,https://docs.scipy.org/doc/scipy/reference/generated/scipy.fft.ihfft2.html#scipy.fft.ihfft2
note,Notes,https://docs.scipy.org/doc/scipy/reference/generated/scipy.fft.ihfft2.html#scipy.fft.ihfft2
note,Release notes,https://docs.scipy.org/doc/scipy/reference/generated/scipy.fft.hfftn.html#scipy.fft.hfftn
must,"To get an odd
number of output points in the final axis, s must be specified.",https://docs.scipy.org/doc/scipy/reference/generated/scipy.fft.hfftn.html#scipy.fft.hfftn
note,Notes,https://docs.scipy.org/doc/scipy/reference/generated/scipy.fft.hfftn.html#scipy.fft.hfftn
must,"For a 1-D signal x to have a real spectrum, it must satisfy
the Hermitian property:",https://docs.scipy.org/doc/scipy/reference/generated/scipy.fft.hfftn.html#scipy.fft.hfftn
should,"This should not be confused with a Hermitian matrix, for which the
transpose is its own conjugate:",https://docs.scipy.org/doc/scipy/reference/generated/scipy.fft.hfftn.html#scipy.fft.hfftn
must,"When performing the final complex to real
transformation, the Hermitian symmetry requires that the last imaginary
component along that axis must be 0 and so it is ignored.",https://docs.scipy.org/doc/scipy/reference/generated/scipy.fft.hfftn.html#scipy.fft.hfftn
must,"To avoid losing
information, the correct length of the real input must be given.",https://docs.scipy.org/doc/scipy/reference/generated/scipy.fft.hfftn.html#scipy.fft.hfftn
note,Release notes,https://docs.scipy.org/doc/scipy/reference/generated/scipy.fft.ihfftn.html#scipy.fft.ihfftn
note,Notes,https://docs.scipy.org/doc/scipy/reference/generated/scipy.fft.ihfftn.html#scipy.fft.ihfftn
note,Release notes,https://docs.scipy.org/doc/scipy/reference/generated/scipy.fft.dctn.html#scipy.fft.dctn
note,Type of the DCT (see Notes).,https://docs.scipy.org/doc/scipy/reference/generated/scipy.fft.dctn.html#scipy.fft.dctn
note,Normalization mode (see Notes).,https://docs.scipy.org/doc/scipy/reference/generated/scipy.fft.dctn.html#scipy.fft.dctn
note,Whether to use the orthogonalized DCT variant (see Notes).,https://docs.scipy.org/doc/scipy/reference/generated/scipy.fft.dctn.html#scipy.fft.dctn
note,Notes,https://docs.scipy.org/doc/scipy/reference/generated/scipy.fft.dctn.html#scipy.fft.dctn
note,Release notes,https://docs.scipy.org/doc/scipy/reference/generated/scipy.fft.idctn.html#scipy.fft.idctn
note,Type of the DCT (see Notes).,https://docs.scipy.org/doc/scipy/reference/generated/scipy.fft.idctn.html#scipy.fft.idctn
note,Normalization mode (see Notes).,https://docs.scipy.org/doc/scipy/reference/generated/scipy.fft.idctn.html#scipy.fft.idctn
note,Whether to use the orthogonalized IDCT variant (see Notes).,https://docs.scipy.org/doc/scipy/reference/generated/scipy.fft.idctn.html#scipy.fft.idctn
note,Notes,https://docs.scipy.org/doc/scipy/reference/generated/scipy.fft.idctn.html#scipy.fft.idctn
note,Release notes,https://docs.scipy.org/doc/scipy/reference/generated/scipy.fft.dstn.html#scipy.fft.dstn
note,Type of the DST (see Notes).,https://docs.scipy.org/doc/scipy/reference/generated/scipy.fft.dstn.html#scipy.fft.dstn
note,Normalization mode (see Notes).,https://docs.scipy.org/doc/scipy/reference/generated/scipy.fft.dstn.html#scipy.fft.dstn
note,Whether to use the orthogonalized DST variant (see Notes).,https://docs.scipy.org/doc/scipy/reference/generated/scipy.fft.dstn.html#scipy.fft.dstn
note,Notes,https://docs.scipy.org/doc/scipy/reference/generated/scipy.fft.dstn.html#scipy.fft.dstn
note,Release notes,https://docs.scipy.org/doc/scipy/reference/generated/scipy.fft.idstn.html#scipy.fft.idstn
note,Type of the DST (see Notes).,https://docs.scipy.org/doc/scipy/reference/generated/scipy.fft.idstn.html#scipy.fft.idstn
note,Normalization mode (see Notes).,https://docs.scipy.org/doc/scipy/reference/generated/scipy.fft.idstn.html#scipy.fft.idstn
note,Whether to use the orthogonalized IDST variant (see Notes).,https://docs.scipy.org/doc/scipy/reference/generated/scipy.fft.idstn.html#scipy.fft.idstn
note,Notes,https://docs.scipy.org/doc/scipy/reference/generated/scipy.fft.idstn.html#scipy.fft.idstn
note,Release notes,https://docs.scipy.org/doc/scipy/reference/generated/scipy.fft.fht.html#scipy.fft.fht
note,Notes,https://docs.scipy.org/doc/scipy/reference/generated/scipy.fft.fht.html#scipy.fft.fht
note,"Note that the central index
\(j_c = (n-1)/2\) is half-integral if \(n\) is even, so that
\(r_c\) falls between two input elements.",https://docs.scipy.org/doc/scipy/reference/generated/scipy.fft.fht.html#scipy.fft.fht
note,Release notes,https://docs.scipy.org/doc/scipy/reference/generated/scipy.fft.ifht.html#scipy.fft.ifht
note,Notes,https://docs.scipy.org/doc/scipy/reference/generated/scipy.fft.ifht.html#scipy.fft.ifht
note,Release notes,https://docs.scipy.org/doc/scipy/reference/generated/scipy.fft.ifftshift.html#scipy.fft.ifftshift
note,Release notes,https://docs.scipy.org/doc/scipy/reference/generated/scipy.fft.rfftfreq.html#scipy.fft.rfftfreq
only,Only valid when xp.,https://docs.scipy.org/doc/scipy/reference/generated/scipy.fft.rfftfreq.html#scipy.fft.rfftfreq
note,Release notes,https://docs.scipy.org/doc/scipy/reference/generated/scipy.fft.fhtoffset.html#scipy.fft.fhtoffset
note,Release notes,https://docs.scipy.org/doc/scipy/reference/generated/scipy.fft.next_fast_len.html#scipy.fft.next_fast_len
only,"If there are efficient
functions for all radices <= n, then the result will be a number x
>= target with only prime factors < n.",https://docs.scipy.org/doc/scipy/reference/generated/scipy.fft.next_fast_len.html#scipy.fft.next_fast_len
must,Must be a positive integer.,https://docs.scipy.org/doc/scipy/reference/generated/scipy.fft.next_fast_len.html#scipy.fft.next_fast_len
note,Notes,https://docs.scipy.org/doc/scipy/reference/generated/scipy.fft.next_fast_len.html#scipy.fft.next_fast_len
note,Release notes,https://docs.scipy.org/doc/scipy/reference/generated/scipy.fft.set_workers.html#scipy.fft.set_workers
note,Release notes,https://docs.scipy.org/doc/scipy/reference/generated/scipy.fft.get_workers.html#scipy.fft.get_workers
note,Release notes,https://docs.scipy.org/doc/scipy/reference/generated/scipy.fft.set_backend.html#scipy.fft.set_backend
only,Implies only.,https://docs.scipy.org/doc/scipy/reference/generated/scipy.fft.set_backend.html#scipy.fft.set_backend
only,"If only is True and this backend returns NotImplemented, then a
BackendNotImplemented error will be raised immediately.",https://docs.scipy.org/doc/scipy/reference/generated/scipy.fft.set_backend.html#scipy.fft.set_backend
note,Release notes,https://docs.scipy.org/doc/scipy/reference/generated/scipy.fft.skip_backend.html#scipy.fft.skip_backend
note,Release notes,https://docs.scipy.org/doc/scipy/reference/generated/scipy.fft.set_global_backend.html#scipy.fft.set_global_backend
only,"It
will be tried in the list of backends automatically, unless the
only flag is set on a backend.",https://docs.scipy.org/doc/scipy/reference/generated/scipy.fft.set_global_backend.html#scipy.fft.set_global_backend
note,Notes,https://docs.scipy.org/doc/scipy/reference/generated/scipy.fft.set_global_backend.html#scipy.fft.set_global_backend
note,Release notes,https://docs.scipy.org/doc/scipy/reference/generated/scipy.misc.ascent.html#scipy.misc.ascent
note,Release notes,https://docs.scipy.org/doc/scipy/reference/generated/scipy.misc.central_diff_weights.html#scipy.misc.central_diff_weights
note,Notes,https://docs.scipy.org/doc/scipy/reference/generated/scipy.misc.central_diff_weights.html#scipy.misc.central_diff_weights
note,Release notes,https://docs.scipy.org/doc/scipy/reference/generated/scipy.misc.derivative.html#scipy.misc.derivative
must,"Number of points to use, must be odd.",https://docs.scipy.org/doc/scipy/reference/generated/scipy.misc.derivative.html#scipy.misc.derivative
note,Notes,https://docs.scipy.org/doc/scipy/reference/generated/scipy.misc.derivative.html#scipy.misc.derivative
note,Release notes,https://docs.scipy.org/doc/scipy/reference/generated/scipy.misc.face.html#scipy.misc.face
note,Release notes,https://docs.scipy.org/doc/scipy/reference/generated/scipy.cluster.vq.whiten.html#scipy.cluster.vq.whiten
only,Whether to check that the input matrices contain only finite numbers.,https://docs.scipy.org/doc/scipy/reference/generated/scipy.cluster.vq.whiten.html#scipy.cluster.vq.whiten
note,Release notes,https://docs.scipy.org/doc/scipy/reference/generated/scipy.cluster.vq.vq.html#scipy.cluster.vq.vq
should,"The features in obs should have unit variance, which can be
achieved by passing them through the whiten function.",https://docs.scipy.org/doc/scipy/reference/generated/scipy.cluster.vq.vq.html#scipy.cluster.vq.vq
must,"The features must be
whitened first using the whiten function or something equivalent.",https://docs.scipy.org/doc/scipy/reference/generated/scipy.cluster.vq.vq.html#scipy.cluster.vq.vq
only,Whether to check that the input matrices contain only finite numbers.,https://docs.scipy.org/doc/scipy/reference/generated/scipy.cluster.vq.vq.html#scipy.cluster.vq.vq
note,Release notes,https://docs.scipy.org/doc/scipy/reference/generated/scipy.cluster.vq.kmeans.html#scipy.cluster.vq.kmeans
must,The features must be whitened first with the whiten function.,https://docs.scipy.org/doc/scipy/reference/generated/scipy.cluster.vq.kmeans.html#scipy.cluster.vq.kmeans
only,Whether to check that the input matrices contain only finite numbers.,https://docs.scipy.org/doc/scipy/reference/generated/scipy.cluster.vq.kmeans.html#scipy.cluster.vq.kmeans
note,"Note that the number of centroids is not necessarily the same as the
k_or_guess parameter, because centroids assigned to no observations
are removed during iterations.",https://docs.scipy.org/doc/scipy/reference/generated/scipy.cluster.vq.kmeans.html#scipy.cluster.vq.kmeans
note,"Note the difference to the standard
definition of distortion in the context of the k-means algorithm, which
is the sum of the squared distances.",https://docs.scipy.org/doc/scipy/reference/generated/scipy.cluster.vq.kmeans.html#scipy.cluster.vq.kmeans
must,must be called prior to passing an observation matrix to kmeans.,https://docs.scipy.org/doc/scipy/reference/generated/scipy.cluster.vq.kmeans.html#scipy.cluster.vq.kmeans
note,Notes,https://docs.scipy.org/doc/scipy/reference/generated/scipy.cluster.vq.kmeans.html#scipy.cluster.vq.kmeans
note,Release notes,https://docs.scipy.org/doc/scipy/reference/generated/scipy.cluster.vq.kmeans2.html#scipy.cluster.vq.kmeans2
note,"Note
that this differs in meaning from the iters parameter to
the kmeans function.",https://docs.scipy.org/doc/scipy/reference/generated/scipy.cluster.vq.kmeans2.html#scipy.cluster.vq.kmeans2
warning,‘warn’: give a warning and continue.,https://docs.scipy.org/doc/scipy/reference/generated/scipy.cluster.vq.kmeans2.html#scipy.cluster.vq.kmeans2
only,Whether to check that the input matrices contain only finite numbers.,https://docs.scipy.org/doc/scipy/reference/generated/scipy.cluster.vq.kmeans2.html#scipy.cluster.vq.kmeans2
note,Release notes,https://docs.scipy.org/doc/scipy/reference/generated/scipy.cluster.hierarchy.fcluster.html#scipy.cluster.hierarchy.fcluster
must,"monocrit must be
monotonic.",https://docs.scipy.org/doc/scipy/reference/generated/scipy.cluster.hierarchy.fcluster.html#scipy.cluster.hierarchy.fcluster
must,"The
monocrit vector must be monotonic, i.",https://docs.scipy.org/doc/scipy/reference/generated/scipy.cluster.hierarchy.fcluster.html#scipy.cluster.hierarchy.fcluster
only,"So, here, only 8
clusters are returned.",https://docs.scipy.org/doc/scipy/reference/generated/scipy.cluster.hierarchy.fcluster.html#scipy.cluster.hierarchy.fcluster
note,Release notes,https://docs.scipy.org/doc/scipy/reference/generated/scipy.cluster.hierarchy.fclusterdata.html#scipy.cluster.hierarchy.fclusterdata
note,Notes,https://docs.scipy.org/doc/scipy/reference/generated/scipy.cluster.hierarchy.fclusterdata.html#scipy.cluster.hierarchy.fclusterdata
note,Release notes,https://docs.scipy.org/doc/scipy/reference/generated/scipy.cluster.hierarchy.leaders.html#scipy.cluster.hierarchy.leaders
only,"leaf descendants belong only to flat cluster j
(i.",https://docs.scipy.org/doc/scipy/reference/generated/scipy.cluster.hierarchy.leaders.html#scipy.cluster.hierarchy.leaders
only,"leaf descendants belong only to flat cluster j
(i.",https://docs.scipy.org/doc/scipy/reference/generated/scipy.cluster.hierarchy.leaders.html#scipy.cluster.hierarchy.leaders
note,Release notes,https://docs.scipy.org/doc/scipy/reference/generated/scipy.cluster.hierarchy.linkage.html#scipy.cluster.hierarchy.linkage
must,"If y is a 1-D condensed distance matrix,
then y must be a \(\binom{n}{2}\) sized
vector, where n is the number of original observations paired
in the distance matrix.",https://docs.scipy.org/doc/scipy/reference/generated/scipy.cluster.hierarchy.linkage.html#scipy.cluster.hierarchy.linkage
only,"When only one cluster remains in the forest, the algorithm
stops, and this cluster becomes the root.",https://docs.scipy.org/doc/scipy/reference/generated/scipy.cluster.hierarchy.linkage.html#scipy.cluster.hierarchy.linkage
must,"At each iteration, the algorithm must update the distance matrix
to reflect the distance of the newly formed cluster u with the
remaining clusters in the forest.",https://docs.scipy.org/doc/scipy/reference/generated/scipy.cluster.hierarchy.linkage.html#scipy.cluster.hierarchy.linkage
warning,"Warning: When the minimum distance pair in the forest is chosen, there
may be two or more pairs with the same minimum distance.",https://docs.scipy.org/doc/scipy/reference/generated/scipy.cluster.hierarchy.linkage.html#scipy.cluster.hierarchy.linkage
must,"All elements of the condensed distance
matrix must be finite, i.",https://docs.scipy.org/doc/scipy/reference/generated/scipy.cluster.hierarchy.linkage.html#scipy.cluster.hierarchy.linkage
note,Notes,https://docs.scipy.org/doc/scipy/reference/generated/scipy.cluster.hierarchy.linkage.html#scipy.cluster.hierarchy.linkage
only,"Methods ‘centroid’, ‘median’, and ‘ward’ are correctly defined only if
Euclidean pairwise metric is used.",https://docs.scipy.org/doc/scipy/reference/generated/scipy.cluster.hierarchy.linkage.html#scipy.cluster.hierarchy.linkage
only,"Methods ‘centroid’, ‘median’, and ‘ward’ are correctly defined only if
Euclidean pairwise metric is used.",https://docs.scipy.org/doc/scipy/reference/generated/scipy.cluster.hierarchy.linkage.html#scipy.cluster.hierarchy.linkage
note,Release notes,https://docs.scipy.org/doc/scipy/reference/generated/scipy.cluster.hierarchy.single.html#scipy.cluster.hierarchy.single
note,Release notes,https://docs.scipy.org/doc/scipy/reference/generated/scipy.cluster.hierarchy.complete.html#scipy.cluster.hierarchy.complete
note,Release notes,https://docs.scipy.org/doc/scipy/reference/generated/scipy.cluster.hierarchy.average.html#scipy.cluster.hierarchy.average
note,Release notes,https://docs.scipy.org/doc/scipy/reference/generated/scipy.cluster.hierarchy.weighted.html#scipy.cluster.hierarchy.weighted
note,Release notes,https://docs.scipy.org/doc/scipy/reference/generated/scipy.cluster.hierarchy.centroid.html#scipy.cluster.hierarchy.centroid
note,Release notes,https://docs.scipy.org/doc/scipy/reference/generated/scipy.cluster.hierarchy.median.html#scipy.cluster.hierarchy.median
note,Release notes,https://docs.scipy.org/doc/scipy/reference/generated/scipy.cluster.hierarchy.ward.html#scipy.cluster.hierarchy.ward
note,Release notes,https://docs.scipy.org/doc/scipy/reference/generated/scipy.cluster.hierarchy.cophenet.html#scipy.cluster.hierarchy.cophenet
note,Release notes,https://docs.scipy.org/doc/scipy/reference/generated/scipy.cluster.hierarchy.from_mlab_linkage.html#scipy.cluster.hierarchy.from_mlab_linkage
note,Release notes,https://docs.scipy.org/doc/scipy/reference/generated/scipy.cluster.hierarchy.inconsistent.html#scipy.cluster.hierarchy.inconsistent
note,Notes,https://docs.scipy.org/doc/scipy/reference/generated/scipy.cluster.hierarchy.inconsistent.html#scipy.cluster.hierarchy.inconsistent
note,Release notes,https://docs.scipy.org/doc/scipy/reference/generated/scipy.cluster.hierarchy.maxinconsts.html#scipy.cluster.hierarchy.maxinconsts
note,Release notes,https://docs.scipy.org/doc/scipy/reference/generated/scipy.cluster.hierarchy.maxdists.html#scipy.cluster.hierarchy.maxdists
note,"Note that while the distance between the two clusters merged when creating the
last cluster is 3.",https://docs.scipy.org/doc/scipy/reference/generated/scipy.cluster.hierarchy.maxdists.html#scipy.cluster.hierarchy.maxdists
note,Release notes,https://docs.scipy.org/doc/scipy/reference/generated/scipy.cluster.hierarchy.maxRstat.html#scipy.cluster.hierarchy.maxRstat
note,Release notes,https://docs.scipy.org/doc/scipy/reference/generated/scipy.cluster.hierarchy.to_mlab_linkage.html#scipy.cluster.hierarchy.to_mlab_linkage
note,Release notes,https://docs.scipy.org/doc/scipy/reference/generated/scipy.cluster.hierarchy.dendrogram.html#scipy.cluster.hierarchy.dendrogram
note,"Note: 'none' is an alias for None that’s kept for
backward compatibility.",https://docs.scipy.org/doc/scipy/reference/generated/scipy.cluster.hierarchy.dendrogram.html#scipy.cluster.hierarchy.dendrogram
only,"The last p non-singleton clusters formed in the linkage are the
only non-leaf nodes in the linkage; they correspond to rows
Z[n-p-2:end] in Z.",https://docs.scipy.org/doc/scipy/reference/generated/scipy.cluster.hierarchy.dendrogram.html#scipy.cluster.hierarchy.dendrogram
note,"Note: 'mtica' is an alias for 'level' that’s kept for
backward compatibility.",https://docs.scipy.org/doc/scipy/reference/generated/scipy.cluster.hierarchy.dendrogram.html#scipy.cluster.hierarchy.dendrogram
only,"The labels[i] value is the
text to put under the \(i\) th leaf node only if it corresponds to
an original observation and not a non-singleton cluster.",https://docs.scipy.org/doc/scipy/reference/generated/scipy.cluster.hierarchy.dendrogram.html#scipy.cluster.hierarchy.dendrogram
note,"Note, distance_sort and count_sort cannot both be True.",https://docs.scipy.org/doc/scipy/reference/generated/scipy.cluster.hierarchy.dendrogram.html#scipy.cluster.hierarchy.dendrogram
note,Note distance_sort and count_sort cannot both be True.,https://docs.scipy.org/doc/scipy/reference/generated/scipy.cluster.hierarchy.dendrogram.html#scipy.cluster.hierarchy.dendrogram
only,"This is
useful if only the data structures computed for the rendering
are needed or if matplotlib is not available.",https://docs.scipy.org/doc/scipy/reference/generated/scipy.cluster.hierarchy.dendrogram.html#scipy.cluster.hierarchy.dendrogram
only,"This really is only useful when
truncation is used (see truncate_mode parameter).",https://docs.scipy.org/doc/scipy/reference/generated/scipy.cluster.hierarchy.dendrogram.html#scipy.cluster.hierarchy.dendrogram
note,Notes,https://docs.scipy.org/doc/scipy/reference/generated/scipy.cluster.hierarchy.dendrogram.html#scipy.cluster.hierarchy.dendrogram
note,Release notes,https://docs.scipy.org/doc/scipy/reference/generated/scipy.cluster.hierarchy.ClusterNode.html#scipy.cluster.hierarchy.ClusterNode
note,Release notes,https://docs.scipy.org/doc/scipy/reference/generated/scipy.cluster.hierarchy.leaves_list.html#scipy.cluster.hierarchy.leaves_list
note,Release notes,https://docs.scipy.org/doc/scipy/reference/generated/scipy.cluster.hierarchy.to_tree.html#scipy.cluster.hierarchy.to_tree
must,"If both are None then the ClusterNode object is a leaf node, its count
must be 1, and its distance is meaningless but set to 0.",https://docs.scipy.org/doc/scipy/reference/generated/scipy.cluster.hierarchy.to_tree.html#scipy.cluster.hierarchy.to_tree
note,"Note: This function is provided for the convenience of the library
user.",https://docs.scipy.org/doc/scipy/reference/generated/scipy.cluster.hierarchy.to_tree.html#scipy.cluster.hierarchy.to_tree
note,Release notes,https://docs.scipy.org/doc/scipy/reference/generated/scipy.cluster.hierarchy.cut_tree.html#scipy.cluster.hierarchy.cut_tree
only,"Only possible for ultrametric
trees.",https://docs.scipy.org/doc/scipy/reference/generated/scipy.cluster.hierarchy.cut_tree.html#scipy.cluster.hierarchy.cut_tree
note,Release notes,https://docs.scipy.org/doc/scipy/reference/generated/scipy.cluster.hierarchy.optimal_leaf_ordering.html#scipy.cluster.hierarchy.optimal_leaf_ordering
note,Release notes,https://docs.scipy.org/doc/scipy/reference/generated/scipy.cluster.hierarchy.is_valid_im.html#scipy.cluster.hierarchy.is_valid_im
must,It must be a \(n\) by 4 array of doubles.,https://docs.scipy.org/doc/scipy/reference/generated/scipy.cluster.hierarchy.is_valid_im.html#scipy.cluster.hierarchy.is_valid_im
must,"The standard
deviations R[:,1] must be nonnegative.",https://docs.scipy.org/doc/scipy/reference/generated/scipy.cluster.hierarchy.is_valid_im.html#scipy.cluster.hierarchy.is_valid_im
must,"The link counts
R[:,2] must be positive and no greater than \(n-1\).",https://docs.scipy.org/doc/scipy/reference/generated/scipy.cluster.hierarchy.is_valid_im.html#scipy.cluster.hierarchy.is_valid_im
warning,"When True, issues a Python warning if the linkage
matrix passed is invalid.",https://docs.scipy.org/doc/scipy/reference/generated/scipy.cluster.hierarchy.is_valid_im.html#scipy.cluster.hierarchy.is_valid_im
note,Release notes,https://docs.scipy.org/doc/scipy/reference/generated/scipy.cluster.hierarchy.is_valid_linkage.html#scipy.cluster.hierarchy.is_valid_linkage
must,"The first two columns must contain
indices between 0 and \(2n-1\).",https://docs.scipy.org/doc/scipy/reference/generated/scipy.cluster.hierarchy.is_valid_linkage.html#scipy.cluster.hierarchy.is_valid_linkage
warning,"When True, issues a Python warning if the linkage
matrix passed is invalid.",https://docs.scipy.org/doc/scipy/reference/generated/scipy.cluster.hierarchy.is_valid_linkage.html#scipy.cluster.hierarchy.is_valid_linkage
note,Release notes,https://docs.scipy.org/doc/scipy/reference/generated/scipy.cluster.hierarchy.is_isomorphic.html#scipy.cluster.hierarchy.is_isomorphic
only,"As we can see, in both cases we obtain four clusters and all the data
points are distributed in the same way - the only thing that changes
are the flat cluster labels (3 => 1, 4 =>2, 2 =>3 and 4 =>1), so both
cluster assignments are isomorphic:",https://docs.scipy.org/doc/scipy/reference/generated/scipy.cluster.hierarchy.is_isomorphic.html#scipy.cluster.hierarchy.is_isomorphic
note,Release notes,https://docs.scipy.org/doc/scipy/reference/generated/scipy.cluster.hierarchy.is_monotonic.html#scipy.cluster.hierarchy.is_monotonic
note,"Note that this method is equivalent to just verifying that the distances
in the third column of the linkage matrix appear in a monotonically
increasing order.",https://docs.scipy.org/doc/scipy/reference/generated/scipy.cluster.hierarchy.is_monotonic.html#scipy.cluster.hierarchy.is_monotonic
note,Release notes,https://docs.scipy.org/doc/scipy/reference/generated/scipy.cluster.hierarchy.correspond.html#scipy.cluster.hierarchy.correspond
must,"They must have the same number of original observations for
the check to succeed.",https://docs.scipy.org/doc/scipy/reference/generated/scipy.cluster.hierarchy.correspond.html#scipy.cluster.hierarchy.correspond
must,"This function is useful as a sanity check in algorithms that make
extensive use of linkage and distance matrices that must
correspond to the same set of original observations.",https://docs.scipy.org/doc/scipy/reference/generated/scipy.cluster.hierarchy.correspond.html#scipy.cluster.hierarchy.correspond
note,Release notes,https://docs.scipy.org/doc/scipy/reference/generated/scipy.cluster.hierarchy.num_obs_linkage.html#scipy.cluster.hierarchy.num_obs_linkage
note,Release notes,https://docs.scipy.org/doc/scipy/reference/generated/scipy.cluster.hierarchy.set_link_color_palette.html#scipy.cluster.hierarchy.set_link_color_palette
note,Note that this palette is global (i.,https://docs.scipy.org/doc/scipy/reference/generated/scipy.cluster.hierarchy.set_link_color_palette.html#scipy.cluster.hierarchy.set_link_color_palette
only,", setting it once changes the colors
for all subsequent calls to dendrogram) and that it affects only the
the colors below color_threshold.",https://docs.scipy.org/doc/scipy/reference/generated/scipy.cluster.hierarchy.set_link_color_palette.html#scipy.cluster.hierarchy.set_link_color_palette
note,"Note that dendrogram also accepts a custom coloring function through its
link_color_func keyword, which is more flexible and non-global.",https://docs.scipy.org/doc/scipy/reference/generated/scipy.cluster.hierarchy.set_link_color_palette.html#scipy.cluster.hierarchy.set_link_color_palette
note,Notes,https://docs.scipy.org/doc/scipy/reference/generated/scipy.cluster.hierarchy.set_link_color_palette.html#scipy.cluster.hierarchy.set_link_color_palette
note,Release notes,https://docs.scipy.org/doc/scipy/reference/generated/scipy.cluster.hierarchy.DisjointSet.html#scipy.cluster.hierarchy.DisjointSet
note,Notes,https://docs.scipy.org/doc/scipy/reference/generated/scipy.cluster.hierarchy.DisjointSet.html#scipy.cluster.hierarchy.DisjointSet
note,Release notes,https://docs.scipy.org/doc/scipy/reference/generated/scipy.io.matlab.matfile_version.html#scipy.io.matlab.matfile_version
note,Notes,https://docs.scipy.org/doc/scipy/reference/generated/scipy.io.matlab.matfile_version.html#scipy.io.matlab.matfile_version
note,Release notes,https://docs.scipy.org/doc/scipy/reference/generated/scipy.io.matlab.MatReadError.html#scipy.io.matlab.MatReadError
note,Release notes,https://docs.scipy.org/doc/scipy/reference/generated/scipy.io.matlab.MatReadWarning.html#scipy.io.matlab.MatReadWarning
warning,"MatReadWarning
    
   
  
  
   
    
     
      
       MatReadWarning.",https://docs.scipy.org/doc/scipy/reference/generated/scipy.io.matlab.MatReadWarning.html#scipy.io.matlab.MatReadWarning
warning,MatReadWarning.,https://docs.scipy.org/doc/scipy/reference/generated/scipy.io.matlab.MatReadWarning.html#scipy.io.matlab.MatReadWarning
warning,Warning class for read issues.,https://docs.scipy.org/doc/scipy/reference/generated/scipy.io.matlab.MatReadWarning.html#scipy.io.matlab.MatReadWarning
note,Release notes,https://docs.scipy.org/doc/scipy/reference/generated/scipy.io.matlab.MatWriteError.html#scipy.io.matlab.MatWriteError
note,Release notes,https://docs.scipy.org/doc/scipy/reference/generated/scipy.io.matlab.mat_struct.html#scipy.io.matlab.mat_struct
note,Release notes,https://docs.scipy.org/doc/scipy/reference/generated/scipy.io.matlab.MatlabObject.html#scipy.io.matlab.MatlabObject
note,Release notes,https://docs.scipy.org/doc/scipy/reference/generated/scipy.io.matlab.MatlabOpaque.html#scipy.io.matlab.MatlabOpaque
note,Release notes,https://docs.scipy.org/doc/scipy/reference/generated/scipy.io.matlab.MatlabFunction.html#scipy.io.matlab.MatlabFunction
note,Release notes,https://docs.scipy.org/doc/scipy/reference/generated/scipy.io.matlab.loadmat.html#scipy.io.matlab.loadmat
should,"Whether the length of compressed sequences in the MATLAB file
should be checked, to ensure that they are not longer than we expect.",https://docs.scipy.org/doc/scipy/reference/generated/scipy.io.matlab.loadmat.html#scipy.io.matlab.loadmat
should,"Otherwise,
variable_names should be a sequence of strings, giving names of the
MATLAB variables to read from the file.",https://docs.scipy.org/doc/scipy/reference/generated/scipy.io.matlab.loadmat.html#scipy.io.matlab.loadmat
note,"Note that this only affects the structure
of the result and not its contents (which is identical for both output
structures).",https://docs.scipy.org/doc/scipy/reference/generated/scipy.io.matlab.loadmat.html#scipy.io.matlab.loadmat
only,"Note that this only affects the structure
of the result and not its contents (which is identical for both output
structures).",https://docs.scipy.org/doc/scipy/reference/generated/scipy.io.matlab.loadmat.html#scipy.io.matlab.loadmat
note,Notes,https://docs.scipy.org/doc/scipy/reference/generated/scipy.io.matlab.loadmat.html#scipy.io.matlab.loadmat
note,Release notes,https://docs.scipy.org/doc/scipy/reference/generated/scipy.io.matlab.savemat.html#scipy.io.matlab.savemat
note,Release notes,https://docs.scipy.org/doc/scipy/reference/generated/scipy.io.matlab.whosmat.html#scipy.io.matlab.whosmat
note,Notes,https://docs.scipy.org/doc/scipy/reference/generated/scipy.io.matlab.whosmat.html#scipy.io.matlab.whosmat
note,Release notes,https://docs.scipy.org/doc/scipy/reference/generated/scipy.linalg.blas.get_blas_funcs.html#scipy.linalg.blas.get_blas_funcs
note,Notes,https://docs.scipy.org/doc/scipy/reference/generated/scipy.linalg.blas.get_blas_funcs.html#scipy.linalg.blas.get_blas_funcs
note,Release notes,https://docs.scipy.org/doc/scipy/reference/generated/scipy.linalg.blas.find_best_blas_type.html#scipy.linalg.blas.find_best_blas_type
note,Release notes,https://docs.scipy.org/doc/scipy/reference/generated/scipy.linalg.blas.caxpy.html#scipy.linalg.blas.caxpy
note,Release notes,https://docs.scipy.org/doc/scipy/reference/generated/scipy.linalg.blas.ccopy.html#scipy.linalg.blas.ccopy
note,Release notes,https://docs.scipy.org/doc/scipy/reference/generated/scipy.linalg.blas.cdotc.html#scipy.linalg.blas.cdotc
note,Release notes,https://docs.scipy.org/doc/scipy/reference/generated/scipy.linalg.blas.cdotu.html#scipy.linalg.blas.cdotu
note,Release notes,https://docs.scipy.org/doc/scipy/reference/generated/scipy.linalg.blas.crotg.html#scipy.linalg.blas.crotg
note,Release notes,https://docs.scipy.org/doc/scipy/reference/generated/scipy.linalg.blas.cscal.html#scipy.linalg.blas.cscal
note,Release notes,https://docs.scipy.org/doc/scipy/reference/generated/scipy.linalg.blas.csrot.html#scipy.linalg.blas.csrot
note,Release notes,https://docs.scipy.org/doc/scipy/reference/generated/scipy.linalg.blas.csscal.html#scipy.linalg.blas.csscal
note,Release notes,https://docs.scipy.org/doc/scipy/reference/generated/scipy.linalg.blas.cswap.html#scipy.linalg.blas.cswap
note,Release notes,https://docs.scipy.org/doc/scipy/reference/generated/scipy.linalg.blas.dasum.html#scipy.linalg.blas.dasum
note,Release notes,https://docs.scipy.org/doc/scipy/reference/generated/scipy.linalg.blas.daxpy.html#scipy.linalg.blas.daxpy
note,Release notes,https://docs.scipy.org/doc/scipy/reference/generated/scipy.linalg.blas.dcopy.html#scipy.linalg.blas.dcopy
note,Release notes,https://docs.scipy.org/doc/scipy/reference/generated/scipy.linalg.blas.ddot.html#scipy.linalg.blas.ddot
note,Release notes,https://docs.scipy.org/doc/scipy/reference/generated/scipy.linalg.blas.dnrm2.html#scipy.linalg.blas.dnrm2
note,Release notes,https://docs.scipy.org/doc/scipy/reference/generated/scipy.linalg.blas.drot.html#scipy.linalg.blas.drot
note,Release notes,https://docs.scipy.org/doc/scipy/reference/generated/scipy.linalg.blas.drotg.html#scipy.linalg.blas.drotg
note,Release notes,https://docs.scipy.org/doc/scipy/reference/generated/scipy.linalg.blas.drotm.html#scipy.linalg.blas.drotm
note,Release notes,https://docs.scipy.org/doc/scipy/reference/generated/scipy.linalg.blas.drotmg.html#scipy.linalg.blas.drotmg
note,Release notes,https://docs.scipy.org/doc/scipy/reference/generated/scipy.linalg.blas.dscal.html#scipy.linalg.blas.dscal
note,Release notes,https://docs.scipy.org/doc/scipy/reference/generated/scipy.linalg.blas.dswap.html#scipy.linalg.blas.dswap
note,Release notes,https://docs.scipy.org/doc/scipy/reference/generated/scipy.linalg.blas.dzasum.html#scipy.linalg.blas.dzasum
note,Release notes,https://docs.scipy.org/doc/scipy/reference/generated/scipy.linalg.blas.dznrm2.html#scipy.linalg.blas.dznrm2
note,Release notes,https://docs.scipy.org/doc/scipy/reference/generated/scipy.linalg.blas.icamax.html#scipy.linalg.blas.icamax
note,Release notes,https://docs.scipy.org/doc/scipy/reference/generated/scipy.linalg.blas.idamax.html#scipy.linalg.blas.idamax
note,Release notes,https://docs.scipy.org/doc/scipy/reference/generated/scipy.linalg.blas.isamax.html#scipy.linalg.blas.isamax
note,Release notes,https://docs.scipy.org/doc/scipy/reference/generated/scipy.linalg.blas.izamax.html#scipy.linalg.blas.izamax
note,Release notes,https://docs.scipy.org/doc/scipy/reference/generated/scipy.linalg.blas.sasum.html#scipy.linalg.blas.sasum
note,Release notes,https://docs.scipy.org/doc/scipy/reference/generated/scipy.linalg.blas.saxpy.html#scipy.linalg.blas.saxpy
note,Release notes,https://docs.scipy.org/doc/scipy/reference/generated/scipy.linalg.blas.scasum.html#scipy.linalg.blas.scasum
note,Release notes,https://docs.scipy.org/doc/scipy/reference/generated/scipy.linalg.blas.scnrm2.html#scipy.linalg.blas.scnrm2
note,Release notes,https://docs.scipy.org/doc/scipy/reference/generated/scipy.linalg.blas.scopy.html#scipy.linalg.blas.scopy
note,Release notes,https://docs.scipy.org/doc/scipy/reference/generated/scipy.linalg.blas.sdot.html#scipy.linalg.blas.sdot
note,Release notes,https://docs.scipy.org/doc/scipy/reference/generated/scipy.linalg.blas.snrm2.html#scipy.linalg.blas.snrm2
note,Release notes,https://docs.scipy.org/doc/scipy/reference/generated/scipy.linalg.blas.srot.html#scipy.linalg.blas.srot
note,Release notes,https://docs.scipy.org/doc/scipy/reference/generated/scipy.linalg.blas.srotg.html#scipy.linalg.blas.srotg
note,Release notes,https://docs.scipy.org/doc/scipy/reference/generated/scipy.linalg.blas.srotm.html#scipy.linalg.blas.srotm
note,Release notes,https://docs.scipy.org/doc/scipy/reference/generated/scipy.linalg.blas.srotmg.html#scipy.linalg.blas.srotmg
note,Release notes,https://docs.scipy.org/doc/scipy/reference/generated/scipy.linalg.blas.sscal.html#scipy.linalg.blas.sscal
note,Release notes,https://docs.scipy.org/doc/scipy/reference/generated/scipy.linalg.blas.sswap.html#scipy.linalg.blas.sswap
note,Release notes,https://docs.scipy.org/doc/scipy/reference/generated/scipy.linalg.blas.zaxpy.html#scipy.linalg.blas.zaxpy
note,Release notes,https://docs.scipy.org/doc/scipy/reference/generated/scipy.linalg.blas.zcopy.html#scipy.linalg.blas.zcopy
note,Release notes,https://docs.scipy.org/doc/scipy/reference/generated/scipy.linalg.blas.zdotc.html#scipy.linalg.blas.zdotc
note,Release notes,https://docs.scipy.org/doc/scipy/reference/generated/scipy.linalg.blas.zdotu.html#scipy.linalg.blas.zdotu
note,Release notes,https://docs.scipy.org/doc/scipy/reference/generated/scipy.linalg.blas.zdrot.html#scipy.linalg.blas.zdrot
note,Release notes,https://docs.scipy.org/doc/scipy/reference/generated/scipy.linalg.blas.zdscal.html#scipy.linalg.blas.zdscal
note,Release notes,https://docs.scipy.org/doc/scipy/reference/generated/scipy.linalg.blas.zrotg.html#scipy.linalg.blas.zrotg
note,Release notes,https://docs.scipy.org/doc/scipy/reference/generated/scipy.linalg.blas.zscal.html#scipy.linalg.blas.zscal
note,Release notes,https://docs.scipy.org/doc/scipy/reference/generated/scipy.linalg.blas.zswap.html#scipy.linalg.blas.zswap
note,Release notes,https://docs.scipy.org/doc/scipy/reference/generated/scipy.linalg.blas.sgbmv.html#scipy.linalg.blas.sgbmv
note,Release notes,https://docs.scipy.org/doc/scipy/reference/generated/scipy.linalg.blas.sgemv.html#scipy.linalg.blas.sgemv
note,Release notes,https://docs.scipy.org/doc/scipy/reference/generated/scipy.linalg.blas.sger.html#scipy.linalg.blas.sger
note,Release notes,https://docs.scipy.org/doc/scipy/reference/generated/scipy.linalg.blas.ssbmv.html#scipy.linalg.blas.ssbmv
note,Release notes,https://docs.scipy.org/doc/scipy/reference/generated/scipy.linalg.blas.sspr.html#scipy.linalg.blas.sspr
note,Release notes,https://docs.scipy.org/doc/scipy/reference/generated/scipy.linalg.blas.sspr2.html#scipy.linalg.blas.sspr2
note,Release notes,https://docs.scipy.org/doc/scipy/reference/generated/scipy.linalg.blas.ssymv.html#scipy.linalg.blas.ssymv
note,Release notes,https://docs.scipy.org/doc/scipy/reference/generated/scipy.linalg.blas.ssyr.html#scipy.linalg.blas.ssyr
note,Release notes,https://docs.scipy.org/doc/scipy/reference/generated/scipy.linalg.blas.ssyr2.html#scipy.linalg.blas.ssyr2
note,Release notes,https://docs.scipy.org/doc/scipy/reference/generated/scipy.linalg.blas.stbmv.html#scipy.linalg.blas.stbmv
note,Release notes,https://docs.scipy.org/doc/scipy/reference/generated/scipy.linalg.blas.stpsv.html#scipy.linalg.blas.stpsv
note,Release notes,https://docs.scipy.org/doc/scipy/reference/generated/scipy.linalg.blas.strmv.html#scipy.linalg.blas.strmv
note,Release notes,https://docs.scipy.org/doc/scipy/reference/generated/scipy.linalg.blas.strsv.html#scipy.linalg.blas.strsv
note,Release notes,https://docs.scipy.org/doc/scipy/reference/generated/scipy.linalg.blas.dgbmv.html#scipy.linalg.blas.dgbmv
note,Release notes,https://docs.scipy.org/doc/scipy/reference/generated/scipy.linalg.blas.dgemv.html#scipy.linalg.blas.dgemv
note,Release notes,https://docs.scipy.org/doc/scipy/reference/generated/scipy.linalg.blas.dger.html#scipy.linalg.blas.dger
note,Release notes,https://docs.scipy.org/doc/scipy/reference/generated/scipy.linalg.blas.dsbmv.html#scipy.linalg.blas.dsbmv
note,Release notes,https://docs.scipy.org/doc/scipy/reference/generated/scipy.linalg.blas.dspr.html#scipy.linalg.blas.dspr
note,Release notes,https://docs.scipy.org/doc/scipy/reference/generated/scipy.linalg.blas.dspr2.html#scipy.linalg.blas.dspr2
note,Release notes,https://docs.scipy.org/doc/scipy/reference/generated/scipy.linalg.blas.dsymv.html#scipy.linalg.blas.dsymv
note,Release notes,https://docs.scipy.org/doc/scipy/reference/generated/scipy.linalg.blas.dsyr.html#scipy.linalg.blas.dsyr
note,Release notes,https://docs.scipy.org/doc/scipy/reference/generated/scipy.linalg.blas.dsyr2.html#scipy.linalg.blas.dsyr2
note,Release notes,https://docs.scipy.org/doc/scipy/reference/generated/scipy.linalg.blas.dtbmv.html#scipy.linalg.blas.dtbmv
note,Release notes,https://docs.scipy.org/doc/scipy/reference/generated/scipy.linalg.blas.dtpsv.html#scipy.linalg.blas.dtpsv
note,Release notes,https://docs.scipy.org/doc/scipy/reference/generated/scipy.linalg.blas.dtrmv.html#scipy.linalg.blas.dtrmv
note,Release notes,https://docs.scipy.org/doc/scipy/reference/generated/scipy.linalg.blas.dtrsv.html#scipy.linalg.blas.dtrsv
note,Release notes,https://docs.scipy.org/doc/scipy/reference/generated/scipy.linalg.blas.cgbmv.html#scipy.linalg.blas.cgbmv
note,Release notes,https://docs.scipy.org/doc/scipy/reference/generated/scipy.linalg.blas.cgemv.html#scipy.linalg.blas.cgemv
note,Release notes,https://docs.scipy.org/doc/scipy/reference/generated/scipy.linalg.blas.cgerc.html#scipy.linalg.blas.cgerc
note,Release notes,https://docs.scipy.org/doc/scipy/reference/generated/scipy.linalg.blas.cgeru.html#scipy.linalg.blas.cgeru
note,Release notes,https://docs.scipy.org/doc/scipy/reference/generated/scipy.linalg.blas.chbmv.html#scipy.linalg.blas.chbmv
note,Release notes,https://docs.scipy.org/doc/scipy/reference/generated/scipy.linalg.blas.chemv.html#scipy.linalg.blas.chemv
note,Release notes,https://docs.scipy.org/doc/scipy/reference/generated/scipy.linalg.blas.cher.html#scipy.linalg.blas.cher
note,Release notes,https://docs.scipy.org/doc/scipy/reference/generated/scipy.linalg.blas.cher2.html#scipy.linalg.blas.cher2
note,Release notes,https://docs.scipy.org/doc/scipy/reference/generated/scipy.linalg.blas.chpmv.html#scipy.linalg.blas.chpmv
note,Release notes,https://docs.scipy.org/doc/scipy/reference/generated/scipy.linalg.blas.chpr.html#scipy.linalg.blas.chpr
note,Release notes,https://docs.scipy.org/doc/scipy/reference/generated/scipy.linalg.blas.chpr2.html#scipy.linalg.blas.chpr2
note,Release notes,https://docs.scipy.org/doc/scipy/reference/generated/scipy.linalg.blas.ctbmv.html#scipy.linalg.blas.ctbmv
note,Release notes,https://docs.scipy.org/doc/scipy/reference/generated/scipy.linalg.blas.ctbsv.html#scipy.linalg.blas.ctbsv
note,Release notes,https://docs.scipy.org/doc/scipy/reference/generated/scipy.linalg.blas.ctpmv.html#scipy.linalg.blas.ctpmv
note,Release notes,https://docs.scipy.org/doc/scipy/reference/generated/scipy.linalg.blas.ctpsv.html#scipy.linalg.blas.ctpsv
note,Release notes,https://docs.scipy.org/doc/scipy/reference/generated/scipy.linalg.blas.ctrmv.html#scipy.linalg.blas.ctrmv
note,Release notes,https://docs.scipy.org/doc/scipy/reference/generated/scipy.linalg.blas.ctrsv.html#scipy.linalg.blas.ctrsv
note,Release notes,https://docs.scipy.org/doc/scipy/reference/generated/scipy.linalg.blas.csyr.html#scipy.linalg.blas.csyr
note,Release notes,https://docs.scipy.org/doc/scipy/reference/generated/scipy.linalg.blas.zgbmv.html#scipy.linalg.blas.zgbmv
note,Release notes,https://docs.scipy.org/doc/scipy/reference/generated/scipy.linalg.blas.zgemv.html#scipy.linalg.blas.zgemv
note,Release notes,https://docs.scipy.org/doc/scipy/reference/generated/scipy.linalg.blas.zgerc.html#scipy.linalg.blas.zgerc
note,Release notes,https://docs.scipy.org/doc/scipy/reference/generated/scipy.linalg.blas.zgeru.html#scipy.linalg.blas.zgeru
note,Release notes,https://docs.scipy.org/doc/scipy/reference/generated/scipy.linalg.blas.zhbmv.html#scipy.linalg.blas.zhbmv
note,Release notes,https://docs.scipy.org/doc/scipy/reference/generated/scipy.linalg.blas.zhemv.html#scipy.linalg.blas.zhemv
note,Release notes,https://docs.scipy.org/doc/scipy/reference/generated/scipy.linalg.blas.zher.html#scipy.linalg.blas.zher
note,Release notes,https://docs.scipy.org/doc/scipy/reference/generated/scipy.linalg.blas.zher2.html#scipy.linalg.blas.zher2
note,Release notes,https://docs.scipy.org/doc/scipy/reference/generated/scipy.linalg.blas.zhpmv.html#scipy.linalg.blas.zhpmv
note,Release notes,https://docs.scipy.org/doc/scipy/reference/generated/scipy.linalg.blas.zhpr.html#scipy.linalg.blas.zhpr
note,Release notes,https://docs.scipy.org/doc/scipy/reference/generated/scipy.linalg.blas.zhpr2.html#scipy.linalg.blas.zhpr2
note,Release notes,https://docs.scipy.org/doc/scipy/reference/generated/scipy.linalg.blas.ztbmv.html#scipy.linalg.blas.ztbmv
note,Release notes,https://docs.scipy.org/doc/scipy/reference/generated/scipy.linalg.blas.ztbsv.html#scipy.linalg.blas.ztbsv
note,Release notes,https://docs.scipy.org/doc/scipy/reference/generated/scipy.linalg.blas.ztpmv.html#scipy.linalg.blas.ztpmv
note,Release notes,https://docs.scipy.org/doc/scipy/reference/generated/scipy.linalg.blas.ztrmv.html#scipy.linalg.blas.ztrmv
note,Release notes,https://docs.scipy.org/doc/scipy/reference/generated/scipy.linalg.blas.ztrsv.html#scipy.linalg.blas.ztrsv
note,Release notes,https://docs.scipy.org/doc/scipy/reference/generated/scipy.linalg.blas.zsyr.html#scipy.linalg.blas.zsyr
note,Release notes,https://docs.scipy.org/doc/scipy/reference/generated/scipy.linalg.blas.sgemm.html#scipy.linalg.blas.sgemm
note,Release notes,https://docs.scipy.org/doc/scipy/reference/generated/scipy.linalg.blas.ssymm.html#scipy.linalg.blas.ssymm
note,Release notes,https://docs.scipy.org/doc/scipy/reference/generated/scipy.linalg.blas.ssyr2k.html#scipy.linalg.blas.ssyr2k
note,Release notes,https://docs.scipy.org/doc/scipy/reference/generated/scipy.linalg.blas.ssyrk.html#scipy.linalg.blas.ssyrk
note,Release notes,https://docs.scipy.org/doc/scipy/reference/generated/scipy.linalg.blas.strmm.html#scipy.linalg.blas.strmm
note,Release notes,https://docs.scipy.org/doc/scipy/reference/generated/scipy.linalg.blas.strsm.html#scipy.linalg.blas.strsm
note,Release notes,https://docs.scipy.org/doc/scipy/reference/generated/scipy.linalg.blas.dgemm.html#scipy.linalg.blas.dgemm
note,Release notes,https://docs.scipy.org/doc/scipy/reference/generated/scipy.linalg.blas.dsymm.html#scipy.linalg.blas.dsymm
note,Release notes,https://docs.scipy.org/doc/scipy/reference/generated/scipy.linalg.blas.dsyr2k.html#scipy.linalg.blas.dsyr2k
note,Release notes,https://docs.scipy.org/doc/scipy/reference/generated/scipy.linalg.blas.dsyrk.html#scipy.linalg.blas.dsyrk
note,Release notes,https://docs.scipy.org/doc/scipy/reference/generated/scipy.linalg.blas.dtrmm.html#scipy.linalg.blas.dtrmm
note,Release notes,https://docs.scipy.org/doc/scipy/reference/generated/scipy.linalg.blas.dtrsm.html#scipy.linalg.blas.dtrsm
note,Release notes,https://docs.scipy.org/doc/scipy/reference/generated/scipy.linalg.blas.cgemm.html#scipy.linalg.blas.cgemm
note,Release notes,https://docs.scipy.org/doc/scipy/reference/generated/scipy.linalg.blas.chemm.html#scipy.linalg.blas.chemm
note,Release notes,https://docs.scipy.org/doc/scipy/reference/generated/scipy.linalg.blas.cher2k.html#scipy.linalg.blas.cher2k
note,Release notes,https://docs.scipy.org/doc/scipy/reference/generated/scipy.linalg.blas.cherk.html#scipy.linalg.blas.cherk
note,Release notes,https://docs.scipy.org/doc/scipy/reference/generated/scipy.linalg.blas.csymm.html#scipy.linalg.blas.csymm
note,Release notes,https://docs.scipy.org/doc/scipy/reference/generated/scipy.linalg.blas.csyr2k.html#scipy.linalg.blas.csyr2k
note,Release notes,https://docs.scipy.org/doc/scipy/reference/generated/scipy.linalg.blas.csyrk.html#scipy.linalg.blas.csyrk
note,Release notes,https://docs.scipy.org/doc/scipy/reference/generated/scipy.linalg.blas.ctrmm.html#scipy.linalg.blas.ctrmm
note,Release notes,https://docs.scipy.org/doc/scipy/reference/generated/scipy.linalg.blas.ctrsm.html#scipy.linalg.blas.ctrsm
note,Release notes,https://docs.scipy.org/doc/scipy/reference/generated/scipy.linalg.blas.zgemm.html#scipy.linalg.blas.zgemm
note,Release notes,https://docs.scipy.org/doc/scipy/reference/generated/scipy.linalg.blas.zhemm.html#scipy.linalg.blas.zhemm
note,Release notes,https://docs.scipy.org/doc/scipy/reference/generated/scipy.linalg.blas.zher2k.html#scipy.linalg.blas.zher2k
note,Release notes,https://docs.scipy.org/doc/scipy/reference/generated/scipy.linalg.blas.zherk.html#scipy.linalg.blas.zherk
note,Release notes,https://docs.scipy.org/doc/scipy/reference/generated/scipy.linalg.blas.zsymm.html#scipy.linalg.blas.zsymm
note,Release notes,https://docs.scipy.org/doc/scipy/reference/generated/scipy.linalg.blas.zsyr2k.html#scipy.linalg.blas.zsyr2k
note,Release notes,https://docs.scipy.org/doc/scipy/reference/generated/scipy.linalg.blas.zsyrk.html#scipy.linalg.blas.zsyrk
note,Release notes,https://docs.scipy.org/doc/scipy/reference/generated/scipy.linalg.blas.ztrmm.html#scipy.linalg.blas.ztrmm
note,Release notes,https://docs.scipy.org/doc/scipy/reference/generated/scipy.linalg.blas.ztrsm.html#scipy.linalg.blas.ztrsm
note,Release notes,https://docs.scipy.org/doc/scipy/reference/generated/scipy.linalg.lapack.get_lapack_funcs.html#scipy.linalg.lapack.get_lapack_funcs
note,Notes,https://docs.scipy.org/doc/scipy/reference/generated/scipy.linalg.lapack.get_lapack_funcs.html#scipy.linalg.lapack.get_lapack_funcs
note,"This size is determined also by a dedicated query
to the function which is often wrapped as a standalone function and
commonly denoted as ###_lwork.",https://docs.scipy.org/doc/scipy/reference/generated/scipy.linalg.lapack.get_lapack_funcs.html#scipy.linalg.lapack.get_lapack_funcs
only,"This size is determined also by a dedicated query
to the function which is often wrapped as a standalone function and
commonly denoted as ###_lwork.",https://docs.scipy.org/doc/scipy/reference/generated/scipy.linalg.lapack.get_lapack_funcs.html#scipy.linalg.lapack.get_lapack_funcs
note,Release notes,https://docs.scipy.org/doc/scipy/reference/generated/scipy.linalg.lapack.sgbsv.html#scipy.linalg.lapack.sgbsv
note,Release notes,https://docs.scipy.org/doc/scipy/reference/generated/scipy.linalg.lapack.dgbsv.html#scipy.linalg.lapack.dgbsv
note,Release notes,https://docs.scipy.org/doc/scipy/reference/generated/scipy.linalg.lapack.cgbsv.html#scipy.linalg.lapack.cgbsv
note,Release notes,https://docs.scipy.org/doc/scipy/reference/generated/scipy.linalg.lapack.zgbsv.html#scipy.linalg.lapack.zgbsv
note,Release notes,https://docs.scipy.org/doc/scipy/reference/generated/scipy.linalg.lapack.sgbtrf.html#scipy.linalg.lapack.sgbtrf
note,Release notes,https://docs.scipy.org/doc/scipy/reference/generated/scipy.linalg.lapack.dgbtrf.html#scipy.linalg.lapack.dgbtrf
note,Release notes,https://docs.scipy.org/doc/scipy/reference/generated/scipy.linalg.lapack.cgbtrf.html#scipy.linalg.lapack.cgbtrf
note,Release notes,https://docs.scipy.org/doc/scipy/reference/generated/scipy.linalg.lapack.zgbtrf.html#scipy.linalg.lapack.zgbtrf
note,Release notes,https://docs.scipy.org/doc/scipy/reference/generated/scipy.linalg.lapack.sgbtrs.html#scipy.linalg.lapack.sgbtrs
note,Release notes,https://docs.scipy.org/doc/scipy/reference/generated/scipy.linalg.lapack.dgbtrs.html#scipy.linalg.lapack.dgbtrs
note,Release notes,https://docs.scipy.org/doc/scipy/reference/generated/scipy.linalg.lapack.cgbtrs.html#scipy.linalg.lapack.cgbtrs
note,Release notes,https://docs.scipy.org/doc/scipy/reference/generated/scipy.linalg.lapack.zgbtrs.html#scipy.linalg.lapack.zgbtrs
note,Release notes,https://docs.scipy.org/doc/scipy/reference/generated/scipy.linalg.lapack.sgebal.html#scipy.linalg.lapack.sgebal
note,Release notes,https://docs.scipy.org/doc/scipy/reference/generated/scipy.linalg.lapack.dgebal.html#scipy.linalg.lapack.dgebal
note,Release notes,https://docs.scipy.org/doc/scipy/reference/generated/scipy.linalg.lapack.cgebal.html#scipy.linalg.lapack.cgebal
note,Release notes,https://docs.scipy.org/doc/scipy/reference/generated/scipy.linalg.lapack.zgebal.html#scipy.linalg.lapack.zgebal
note,Release notes,https://docs.scipy.org/doc/scipy/reference/generated/scipy.linalg.lapack.sgecon.html#scipy.linalg.lapack.sgecon
note,Release notes,https://docs.scipy.org/doc/scipy/reference/generated/scipy.linalg.lapack.dgecon.html#scipy.linalg.lapack.dgecon
note,Release notes,https://docs.scipy.org/doc/scipy/reference/generated/scipy.linalg.lapack.cgecon.html#scipy.linalg.lapack.cgecon
note,Release notes,https://docs.scipy.org/doc/scipy/reference/generated/scipy.linalg.lapack.zgecon.html#scipy.linalg.lapack.zgecon
note,Release notes,https://docs.scipy.org/doc/scipy/reference/generated/scipy.linalg.lapack.sgeequ.html#scipy.linalg.lapack.sgeequ
note,Release notes,https://docs.scipy.org/doc/scipy/reference/generated/scipy.linalg.lapack.dgeequ.html#scipy.linalg.lapack.dgeequ
note,Release notes,https://docs.scipy.org/doc/scipy/reference/generated/scipy.linalg.lapack.cgeequ.html#scipy.linalg.lapack.cgeequ
note,Release notes,https://docs.scipy.org/doc/scipy/reference/generated/scipy.linalg.lapack.zgeequ.html#scipy.linalg.lapack.zgeequ
note,Release notes,https://docs.scipy.org/doc/scipy/reference/generated/scipy.linalg.lapack.sgeequb.html#scipy.linalg.lapack.sgeequb
note,Release notes,https://docs.scipy.org/doc/scipy/reference/generated/scipy.linalg.lapack.dgeequb.html#scipy.linalg.lapack.dgeequb
note,Release notes,https://docs.scipy.org/doc/scipy/reference/generated/scipy.linalg.lapack.cgeequb.html#scipy.linalg.lapack.cgeequb
note,Release notes,https://docs.scipy.org/doc/scipy/reference/generated/scipy.linalg.lapack.zgeequb.html#scipy.linalg.lapack.zgeequb
note,Release notes,https://docs.scipy.org/doc/scipy/reference/generated/scipy.linalg.lapack.sgees.html#scipy.linalg.lapack.sgees
note,Notes,https://docs.scipy.org/doc/scipy/reference/generated/scipy.linalg.lapack.sgees.html#scipy.linalg.lapack.sgees
note,Release notes,https://docs.scipy.org/doc/scipy/reference/generated/scipy.linalg.lapack.dgees.html#scipy.linalg.lapack.dgees
note,Notes,https://docs.scipy.org/doc/scipy/reference/generated/scipy.linalg.lapack.dgees.html#scipy.linalg.lapack.dgees
note,Release notes,https://docs.scipy.org/doc/scipy/reference/generated/scipy.linalg.lapack.cgees.html#scipy.linalg.lapack.cgees
note,Notes,https://docs.scipy.org/doc/scipy/reference/generated/scipy.linalg.lapack.cgees.html#scipy.linalg.lapack.cgees
note,Release notes,https://docs.scipy.org/doc/scipy/reference/generated/scipy.linalg.lapack.zgees.html#scipy.linalg.lapack.zgees
note,Notes,https://docs.scipy.org/doc/scipy/reference/generated/scipy.linalg.lapack.zgees.html#scipy.linalg.lapack.zgees
note,Release notes,https://docs.scipy.org/doc/scipy/reference/generated/scipy.linalg.lapack.sgeev.html#scipy.linalg.lapack.sgeev
note,Release notes,https://docs.scipy.org/doc/scipy/reference/generated/scipy.linalg.lapack.dgeev.html#scipy.linalg.lapack.dgeev
note,Release notes,https://docs.scipy.org/doc/scipy/reference/generated/scipy.linalg.lapack.cgeev.html#scipy.linalg.lapack.cgeev
note,Release notes,https://docs.scipy.org/doc/scipy/reference/generated/scipy.linalg.lapack.zgeev.html#scipy.linalg.lapack.zgeev
note,Release notes,https://docs.scipy.org/doc/scipy/reference/generated/scipy.linalg.lapack.sgeev_lwork.html#scipy.linalg.lapack.sgeev_lwork
note,Release notes,https://docs.scipy.org/doc/scipy/reference/generated/scipy.linalg.lapack.dgeev_lwork.html#scipy.linalg.lapack.dgeev_lwork
note,Release notes,https://docs.scipy.org/doc/scipy/reference/generated/scipy.linalg.lapack.cgeev_lwork.html#scipy.linalg.lapack.cgeev_lwork
note,Release notes,https://docs.scipy.org/doc/scipy/reference/generated/scipy.linalg.lapack.zgeev_lwork.html#scipy.linalg.lapack.zgeev_lwork
note,Release notes,https://docs.scipy.org/doc/scipy/reference/generated/scipy.linalg.lapack.sgehrd.html#scipy.linalg.lapack.sgehrd
note,Release notes,https://docs.scipy.org/doc/scipy/reference/generated/scipy.linalg.lapack.dgehrd.html#scipy.linalg.lapack.dgehrd
note,Release notes,https://docs.scipy.org/doc/scipy/reference/generated/scipy.linalg.lapack.cgehrd.html#scipy.linalg.lapack.cgehrd
note,Release notes,https://docs.scipy.org/doc/scipy/reference/generated/scipy.linalg.lapack.zgehrd.html#scipy.linalg.lapack.zgehrd
note,Release notes,https://docs.scipy.org/doc/scipy/reference/generated/scipy.linalg.lapack.sgehrd_lwork.html#scipy.linalg.lapack.sgehrd_lwork
note,Release notes,https://docs.scipy.org/doc/scipy/reference/generated/scipy.linalg.lapack.dgehrd_lwork.html#scipy.linalg.lapack.dgehrd_lwork
note,Release notes,https://docs.scipy.org/doc/scipy/reference/generated/scipy.linalg.lapack.cgehrd_lwork.html#scipy.linalg.lapack.cgehrd_lwork
note,Release notes,https://docs.scipy.org/doc/scipy/reference/generated/scipy.linalg.lapack.zgehrd_lwork.html#scipy.linalg.lapack.zgehrd_lwork
note,Release notes,https://docs.scipy.org/doc/scipy/reference/generated/scipy.linalg.lapack.sgejsv.html#scipy.linalg.lapack.sgejsv
note,Release notes,https://docs.scipy.org/doc/scipy/reference/generated/scipy.linalg.lapack.dgejsv.html#scipy.linalg.lapack.dgejsv
note,Release notes,https://docs.scipy.org/doc/scipy/reference/generated/scipy.linalg.lapack.sgels.html#scipy.linalg.lapack.sgels
note,Release notes,https://docs.scipy.org/doc/scipy/reference/generated/scipy.linalg.lapack.dgels.html#scipy.linalg.lapack.dgels
note,Release notes,https://docs.scipy.org/doc/scipy/reference/generated/scipy.linalg.lapack.cgels.html#scipy.linalg.lapack.cgels
note,Release notes,https://docs.scipy.org/doc/scipy/reference/generated/scipy.linalg.lapack.zgels.html#scipy.linalg.lapack.zgels
note,Release notes,https://docs.scipy.org/doc/scipy/reference/generated/scipy.linalg.lapack.sgels_lwork.html#scipy.linalg.lapack.sgels_lwork
note,Release notes,https://docs.scipy.org/doc/scipy/reference/generated/scipy.linalg.lapack.dgels_lwork.html#scipy.linalg.lapack.dgels_lwork
note,Release notes,https://docs.scipy.org/doc/scipy/reference/generated/scipy.linalg.lapack.cgels_lwork.html#scipy.linalg.lapack.cgels_lwork
note,Release notes,https://docs.scipy.org/doc/scipy/reference/generated/scipy.linalg.lapack.zgels_lwork.html#scipy.linalg.lapack.zgels_lwork
note,Release notes,https://docs.scipy.org/doc/scipy/reference/generated/scipy.linalg.lapack.sgelsd.html#scipy.linalg.lapack.sgelsd
note,Release notes,https://docs.scipy.org/doc/scipy/reference/generated/scipy.linalg.lapack.dgelsd.html#scipy.linalg.lapack.dgelsd
note,Release notes,https://docs.scipy.org/doc/scipy/reference/generated/scipy.linalg.lapack.cgelsd.html#scipy.linalg.lapack.cgelsd
note,Release notes,https://docs.scipy.org/doc/scipy/reference/generated/scipy.linalg.lapack.zgelsd.html#scipy.linalg.lapack.zgelsd
note,Release notes,https://docs.scipy.org/doc/scipy/reference/generated/scipy.linalg.lapack.sgelsd_lwork.html#scipy.linalg.lapack.sgelsd_lwork
note,Release notes,https://docs.scipy.org/doc/scipy/reference/generated/scipy.linalg.lapack.dgelsd_lwork.html#scipy.linalg.lapack.dgelsd_lwork
note,Release notes,https://docs.scipy.org/doc/scipy/reference/generated/scipy.linalg.lapack.cgelsd_lwork.html#scipy.linalg.lapack.cgelsd_lwork
note,Release notes,https://docs.scipy.org/doc/scipy/reference/generated/scipy.linalg.lapack.zgelsd_lwork.html#scipy.linalg.lapack.zgelsd_lwork
note,Release notes,https://docs.scipy.org/doc/scipy/reference/generated/scipy.linalg.lapack.sgelss.html#scipy.linalg.lapack.sgelss
note,Release notes,https://docs.scipy.org/doc/scipy/reference/generated/scipy.linalg.lapack.dgelss.html#scipy.linalg.lapack.dgelss
note,Release notes,https://docs.scipy.org/doc/scipy/reference/generated/scipy.linalg.lapack.cgelss.html#scipy.linalg.lapack.cgelss
note,Release notes,https://docs.scipy.org/doc/scipy/reference/generated/scipy.linalg.lapack.zgelss.html#scipy.linalg.lapack.zgelss
note,Release notes,https://docs.scipy.org/doc/scipy/reference/generated/scipy.linalg.lapack.sgelss_lwork.html#scipy.linalg.lapack.sgelss_lwork
note,Release notes,https://docs.scipy.org/doc/scipy/reference/generated/scipy.linalg.lapack.dgelss_lwork.html#scipy.linalg.lapack.dgelss_lwork
note,Release notes,https://docs.scipy.org/doc/scipy/reference/generated/scipy.linalg.lapack.cgelss_lwork.html#scipy.linalg.lapack.cgelss_lwork
note,Release notes,https://docs.scipy.org/doc/scipy/reference/generated/scipy.linalg.lapack.zgelss_lwork.html#scipy.linalg.lapack.zgelss_lwork
note,Release notes,https://docs.scipy.org/doc/scipy/reference/generated/scipy.linalg.lapack.sgelsy.html#scipy.linalg.lapack.sgelsy
note,Release notes,https://docs.scipy.org/doc/scipy/reference/generated/scipy.linalg.lapack.dgelsy.html#scipy.linalg.lapack.dgelsy
note,Release notes,https://docs.scipy.org/doc/scipy/reference/generated/scipy.linalg.lapack.cgelsy.html#scipy.linalg.lapack.cgelsy
note,Release notes,https://docs.scipy.org/doc/scipy/reference/generated/scipy.linalg.lapack.zgelsy.html#scipy.linalg.lapack.zgelsy
note,Release notes,https://docs.scipy.org/doc/scipy/reference/generated/scipy.linalg.lapack.sgelsy_lwork.html#scipy.linalg.lapack.sgelsy_lwork
note,Release notes,https://docs.scipy.org/doc/scipy/reference/generated/scipy.linalg.lapack.dgelsy_lwork.html#scipy.linalg.lapack.dgelsy_lwork
note,Release notes,https://docs.scipy.org/doc/scipy/reference/generated/scipy.linalg.lapack.cgelsy_lwork.html#scipy.linalg.lapack.cgelsy_lwork
note,Release notes,https://docs.scipy.org/doc/scipy/reference/generated/scipy.linalg.lapack.zgelsy_lwork.html#scipy.linalg.lapack.zgelsy_lwork
note,Release notes,https://docs.scipy.org/doc/scipy/reference/generated/scipy.linalg.lapack.sgeqp3.html#scipy.linalg.lapack.sgeqp3
note,Release notes,https://docs.scipy.org/doc/scipy/reference/generated/scipy.linalg.lapack.dgeqp3.html#scipy.linalg.lapack.dgeqp3
note,Release notes,https://docs.scipy.org/doc/scipy/reference/generated/scipy.linalg.lapack.cgeqp3.html#scipy.linalg.lapack.cgeqp3
note,Release notes,https://docs.scipy.org/doc/scipy/reference/generated/scipy.linalg.lapack.zgeqp3.html#scipy.linalg.lapack.zgeqp3
note,Release notes,https://docs.scipy.org/doc/scipy/reference/generated/scipy.linalg.lapack.sgeqrf.html#scipy.linalg.lapack.sgeqrf
note,Release notes,https://docs.scipy.org/doc/scipy/reference/generated/scipy.linalg.lapack.dgeqrf.html#scipy.linalg.lapack.dgeqrf
note,Release notes,https://docs.scipy.org/doc/scipy/reference/generated/scipy.linalg.lapack.cgeqrf.html#scipy.linalg.lapack.cgeqrf
note,Release notes,https://docs.scipy.org/doc/scipy/reference/generated/scipy.linalg.lapack.zgeqrf.html#scipy.linalg.lapack.zgeqrf
note,Release notes,https://docs.scipy.org/doc/scipy/reference/generated/scipy.linalg.lapack.sgeqrf_lwork.html#scipy.linalg.lapack.sgeqrf_lwork
note,Release notes,https://docs.scipy.org/doc/scipy/reference/generated/scipy.linalg.lapack.dgeqrf_lwork.html#scipy.linalg.lapack.dgeqrf_lwork
note,Release notes,https://docs.scipy.org/doc/scipy/reference/generated/scipy.linalg.lapack.cgeqrf_lwork.html#scipy.linalg.lapack.cgeqrf_lwork
note,Release notes,https://docs.scipy.org/doc/scipy/reference/generated/scipy.linalg.lapack.zgeqrf_lwork.html#scipy.linalg.lapack.zgeqrf_lwork
note,Release notes,https://docs.scipy.org/doc/scipy/reference/generated/scipy.linalg.lapack.sgeqrfp.html#scipy.linalg.lapack.sgeqrfp
note,Release notes,https://docs.scipy.org/doc/scipy/reference/generated/scipy.linalg.lapack.dgeqrfp.html#scipy.linalg.lapack.dgeqrfp
note,Release notes,https://docs.scipy.org/doc/scipy/reference/generated/scipy.linalg.lapack.cgeqrfp.html#scipy.linalg.lapack.cgeqrfp
note,Release notes,https://docs.scipy.org/doc/scipy/reference/generated/scipy.linalg.lapack.zgeqrfp.html#scipy.linalg.lapack.zgeqrfp
note,Release notes,https://docs.scipy.org/doc/scipy/reference/generated/scipy.linalg.lapack.sgeqrfp_lwork.html#scipy.linalg.lapack.sgeqrfp_lwork
note,Release notes,https://docs.scipy.org/doc/scipy/reference/generated/scipy.linalg.lapack.dgeqrfp_lwork.html#scipy.linalg.lapack.dgeqrfp_lwork
note,Release notes,https://docs.scipy.org/doc/scipy/reference/generated/scipy.linalg.lapack.cgeqrfp_lwork.html#scipy.linalg.lapack.cgeqrfp_lwork
note,Release notes,https://docs.scipy.org/doc/scipy/reference/generated/scipy.linalg.lapack.zgeqrfp_lwork.html#scipy.linalg.lapack.zgeqrfp_lwork
note,Release notes,https://docs.scipy.org/doc/scipy/reference/generated/scipy.linalg.lapack.sgerqf.html#scipy.linalg.lapack.sgerqf
note,Release notes,https://docs.scipy.org/doc/scipy/reference/generated/scipy.linalg.lapack.dgerqf.html#scipy.linalg.lapack.dgerqf
note,Release notes,https://docs.scipy.org/doc/scipy/reference/generated/scipy.linalg.lapack.cgerqf.html#scipy.linalg.lapack.cgerqf
note,Release notes,https://docs.scipy.org/doc/scipy/reference/generated/scipy.linalg.lapack.zgerqf.html#scipy.linalg.lapack.zgerqf
note,Release notes,https://docs.scipy.org/doc/scipy/reference/generated/scipy.linalg.lapack.sgesdd.html#scipy.linalg.lapack.sgesdd
note,Release notes,https://docs.scipy.org/doc/scipy/reference/generated/scipy.linalg.lapack.dgesdd.html#scipy.linalg.lapack.dgesdd
note,Release notes,https://docs.scipy.org/doc/scipy/reference/generated/scipy.linalg.lapack.cgesdd.html#scipy.linalg.lapack.cgesdd
note,Release notes,https://docs.scipy.org/doc/scipy/reference/generated/scipy.linalg.lapack.zgesdd.html#scipy.linalg.lapack.zgesdd
note,Release notes,https://docs.scipy.org/doc/scipy/reference/generated/scipy.linalg.lapack.sgesdd_lwork.html#scipy.linalg.lapack.sgesdd_lwork
note,Release notes,https://docs.scipy.org/doc/scipy/reference/generated/scipy.linalg.lapack.dgesdd_lwork.html#scipy.linalg.lapack.dgesdd_lwork
note,Release notes,https://docs.scipy.org/doc/scipy/reference/generated/scipy.linalg.lapack.cgesdd_lwork.html#scipy.linalg.lapack.cgesdd_lwork
note,Release notes,https://docs.scipy.org/doc/scipy/reference/generated/scipy.linalg.lapack.zgesdd_lwork.html#scipy.linalg.lapack.zgesdd_lwork
note,Release notes,https://docs.scipy.org/doc/scipy/reference/generated/scipy.linalg.lapack.sgesv.html#scipy.linalg.lapack.sgesv
note,Release notes,https://docs.scipy.org/doc/scipy/reference/generated/scipy.linalg.lapack.dgesv.html#scipy.linalg.lapack.dgesv
note,Release notes,https://docs.scipy.org/doc/scipy/reference/generated/scipy.linalg.lapack.cgesv.html#scipy.linalg.lapack.cgesv
note,Release notes,https://docs.scipy.org/doc/scipy/reference/generated/scipy.linalg.lapack.zgesv.html#scipy.linalg.lapack.zgesv
note,Release notes,https://docs.scipy.org/doc/scipy/reference/generated/scipy.linalg.lapack.sgesvd.html#scipy.linalg.lapack.sgesvd
note,Release notes,https://docs.scipy.org/doc/scipy/reference/generated/scipy.linalg.lapack.dgesvd.html#scipy.linalg.lapack.dgesvd
note,Release notes,https://docs.scipy.org/doc/scipy/reference/generated/scipy.linalg.lapack.cgesvd.html#scipy.linalg.lapack.cgesvd
note,Release notes,https://docs.scipy.org/doc/scipy/reference/generated/scipy.linalg.lapack.zgesvd.html#scipy.linalg.lapack.zgesvd
note,Release notes,https://docs.scipy.org/doc/scipy/reference/generated/scipy.linalg.lapack.sgesvd_lwork.html#scipy.linalg.lapack.sgesvd_lwork
note,Release notes,https://docs.scipy.org/doc/scipy/reference/generated/scipy.linalg.lapack.dgesvd_lwork.html#scipy.linalg.lapack.dgesvd_lwork
note,Release notes,https://docs.scipy.org/doc/scipy/reference/generated/scipy.linalg.lapack.cgesvd_lwork.html#scipy.linalg.lapack.cgesvd_lwork
note,Release notes,https://docs.scipy.org/doc/scipy/reference/generated/scipy.linalg.lapack.zgesvd_lwork.html#scipy.linalg.lapack.zgesvd_lwork
note,Release notes,https://docs.scipy.org/doc/scipy/reference/generated/scipy.linalg.lapack.sgesvx.html#scipy.linalg.lapack.sgesvx
note,Release notes,https://docs.scipy.org/doc/scipy/reference/generated/scipy.linalg.lapack.dgesvx.html#scipy.linalg.lapack.dgesvx
note,Release notes,https://docs.scipy.org/doc/scipy/reference/generated/scipy.linalg.lapack.cgesvx.html#scipy.linalg.lapack.cgesvx
note,Release notes,https://docs.scipy.org/doc/scipy/reference/generated/scipy.linalg.lapack.zgesvx.html#scipy.linalg.lapack.zgesvx
note,Release notes,https://docs.scipy.org/doc/scipy/reference/generated/scipy.linalg.lapack.sgetrf.html#scipy.linalg.lapack.sgetrf
note,Release notes,https://docs.scipy.org/doc/scipy/reference/generated/scipy.linalg.lapack.dgetrf.html#scipy.linalg.lapack.dgetrf
note,Release notes,https://docs.scipy.org/doc/scipy/reference/generated/scipy.linalg.lapack.cgetrf.html#scipy.linalg.lapack.cgetrf
note,Release notes,https://docs.scipy.org/doc/scipy/reference/generated/scipy.linalg.lapack.zgetrf.html#scipy.linalg.lapack.zgetrf
note,Release notes,https://docs.scipy.org/doc/scipy/reference/generated/scipy.linalg.lapack.sgetc2.html#scipy.linalg.lapack.sgetc2
note,Release notes,https://docs.scipy.org/doc/scipy/reference/generated/scipy.linalg.lapack.dgetc2.html#scipy.linalg.lapack.dgetc2
note,Release notes,https://docs.scipy.org/doc/scipy/reference/generated/scipy.linalg.lapack.cgetc2.html#scipy.linalg.lapack.cgetc2
note,Release notes,https://docs.scipy.org/doc/scipy/reference/generated/scipy.linalg.lapack.zgetc2.html#scipy.linalg.lapack.zgetc2
note,Release notes,https://docs.scipy.org/doc/scipy/reference/generated/scipy.linalg.lapack.sgetri.html#scipy.linalg.lapack.sgetri
note,Release notes,https://docs.scipy.org/doc/scipy/reference/generated/scipy.linalg.lapack.dgetri.html#scipy.linalg.lapack.dgetri
note,Release notes,https://docs.scipy.org/doc/scipy/reference/generated/scipy.linalg.lapack.cgetri.html#scipy.linalg.lapack.cgetri
note,Release notes,https://docs.scipy.org/doc/scipy/reference/generated/scipy.linalg.lapack.zgetri.html#scipy.linalg.lapack.zgetri
note,Release notes,https://docs.scipy.org/doc/scipy/reference/generated/scipy.linalg.lapack.sgetri_lwork.html#scipy.linalg.lapack.sgetri_lwork
note,Release notes,https://docs.scipy.org/doc/scipy/reference/generated/scipy.linalg.lapack.dgetri_lwork.html#scipy.linalg.lapack.dgetri_lwork
note,Release notes,https://docs.scipy.org/doc/scipy/reference/generated/scipy.linalg.lapack.cgetri_lwork.html#scipy.linalg.lapack.cgetri_lwork
note,Release notes,https://docs.scipy.org/doc/scipy/reference/generated/scipy.linalg.lapack.zgetri_lwork.html#scipy.linalg.lapack.zgetri_lwork
note,Release notes,https://docs.scipy.org/doc/scipy/reference/generated/scipy.linalg.lapack.sgetrs.html#scipy.linalg.lapack.sgetrs
note,Release notes,https://docs.scipy.org/doc/scipy/reference/generated/scipy.linalg.lapack.dgetrs.html#scipy.linalg.lapack.dgetrs
note,Release notes,https://docs.scipy.org/doc/scipy/reference/generated/scipy.linalg.lapack.cgetrs.html#scipy.linalg.lapack.cgetrs
note,Release notes,https://docs.scipy.org/doc/scipy/reference/generated/scipy.linalg.lapack.zgetrs.html#scipy.linalg.lapack.zgetrs
note,Release notes,https://docs.scipy.org/doc/scipy/reference/generated/scipy.linalg.lapack.sgesc2.html#scipy.linalg.lapack.sgesc2
note,Release notes,https://docs.scipy.org/doc/scipy/reference/generated/scipy.linalg.lapack.dgesc2.html#scipy.linalg.lapack.dgesc2
note,Release notes,https://docs.scipy.org/doc/scipy/reference/generated/scipy.linalg.lapack.cgesc2.html#scipy.linalg.lapack.cgesc2
note,Release notes,https://docs.scipy.org/doc/scipy/reference/generated/scipy.linalg.lapack.zgesc2.html#scipy.linalg.lapack.zgesc2
note,Release notes,https://docs.scipy.org/doc/scipy/reference/generated/scipy.linalg.lapack.sgges.html#scipy.linalg.lapack.sgges
note,Notes,https://docs.scipy.org/doc/scipy/reference/generated/scipy.linalg.lapack.sgges.html#scipy.linalg.lapack.sgges
note,Release notes,https://docs.scipy.org/doc/scipy/reference/generated/scipy.linalg.lapack.dgges.html#scipy.linalg.lapack.dgges
note,Notes,https://docs.scipy.org/doc/scipy/reference/generated/scipy.linalg.lapack.dgges.html#scipy.linalg.lapack.dgges
note,Release notes,https://docs.scipy.org/doc/scipy/reference/generated/scipy.linalg.lapack.cgges.html#scipy.linalg.lapack.cgges
note,Notes,https://docs.scipy.org/doc/scipy/reference/generated/scipy.linalg.lapack.cgges.html#scipy.linalg.lapack.cgges
note,Release notes,https://docs.scipy.org/doc/scipy/reference/generated/scipy.linalg.lapack.zgges.html#scipy.linalg.lapack.zgges
note,Notes,https://docs.scipy.org/doc/scipy/reference/generated/scipy.linalg.lapack.zgges.html#scipy.linalg.lapack.zgges
note,Release notes,https://docs.scipy.org/doc/scipy/reference/generated/scipy.linalg.lapack.sggev.html#scipy.linalg.lapack.sggev
note,Release notes,https://docs.scipy.org/doc/scipy/reference/generated/scipy.linalg.lapack.dggev.html#scipy.linalg.lapack.dggev
note,Release notes,https://docs.scipy.org/doc/scipy/reference/generated/scipy.linalg.lapack.cggev.html#scipy.linalg.lapack.cggev
note,Release notes,https://docs.scipy.org/doc/scipy/reference/generated/scipy.linalg.lapack.zggev.html#scipy.linalg.lapack.zggev
note,Release notes,https://docs.scipy.org/doc/scipy/reference/generated/scipy.linalg.lapack.sgglse.html#scipy.linalg.lapack.sgglse
note,Release notes,https://docs.scipy.org/doc/scipy/reference/generated/scipy.linalg.lapack.dgglse.html#scipy.linalg.lapack.dgglse
note,Release notes,https://docs.scipy.org/doc/scipy/reference/generated/scipy.linalg.lapack.cgglse.html#scipy.linalg.lapack.cgglse
note,Release notes,https://docs.scipy.org/doc/scipy/reference/generated/scipy.linalg.lapack.zgglse.html#scipy.linalg.lapack.zgglse
note,Release notes,https://docs.scipy.org/doc/scipy/reference/generated/scipy.linalg.lapack.sgglse_lwork.html#scipy.linalg.lapack.sgglse_lwork
note,Release notes,https://docs.scipy.org/doc/scipy/reference/generated/scipy.linalg.lapack.dgglse_lwork.html#scipy.linalg.lapack.dgglse_lwork
note,Release notes,https://docs.scipy.org/doc/scipy/reference/generated/scipy.linalg.lapack.cgglse_lwork.html#scipy.linalg.lapack.cgglse_lwork
note,Release notes,https://docs.scipy.org/doc/scipy/reference/generated/scipy.linalg.lapack.zgglse_lwork.html#scipy.linalg.lapack.zgglse_lwork
note,Release notes,https://docs.scipy.org/doc/scipy/reference/generated/scipy.linalg.lapack.sgtsv.html#scipy.linalg.lapack.sgtsv
note,Release notes,https://docs.scipy.org/doc/scipy/reference/generated/scipy.linalg.lapack.dgtsv.html#scipy.linalg.lapack.dgtsv
note,Release notes,https://docs.scipy.org/doc/scipy/reference/generated/scipy.linalg.lapack.cgtsv.html#scipy.linalg.lapack.cgtsv
note,Release notes,https://docs.scipy.org/doc/scipy/reference/generated/scipy.linalg.lapack.zgtsv.html#scipy.linalg.lapack.zgtsv
note,Release notes,https://docs.scipy.org/doc/scipy/reference/generated/scipy.linalg.lapack.sgtsvx.html#scipy.linalg.lapack.sgtsvx
note,Release notes,https://docs.scipy.org/doc/scipy/reference/generated/scipy.linalg.lapack.dgtsvx.html#scipy.linalg.lapack.dgtsvx
note,Release notes,https://docs.scipy.org/doc/scipy/reference/generated/scipy.linalg.lapack.cgtsvx.html#scipy.linalg.lapack.cgtsvx
note,Release notes,https://docs.scipy.org/doc/scipy/reference/generated/scipy.linalg.lapack.zgtsvx.html#scipy.linalg.lapack.zgtsvx
note,Release notes,https://docs.scipy.org/doc/scipy/reference/generated/scipy.linalg.lapack.chbevd.html#scipy.linalg.lapack.chbevd
note,Release notes,https://docs.scipy.org/doc/scipy/reference/generated/scipy.linalg.lapack.zhbevd.html#scipy.linalg.lapack.zhbevd
note,Release notes,https://docs.scipy.org/doc/scipy/reference/generated/scipy.linalg.lapack.chbevx.html#scipy.linalg.lapack.chbevx
note,Release notes,https://docs.scipy.org/doc/scipy/reference/generated/scipy.linalg.lapack.zhbevx.html#scipy.linalg.lapack.zhbevx
note,Release notes,https://docs.scipy.org/doc/scipy/reference/generated/scipy.linalg.lapack.checon.html#scipy.linalg.lapack.checon
note,Release notes,https://docs.scipy.org/doc/scipy/reference/generated/scipy.linalg.lapack.zhecon.html#scipy.linalg.lapack.zhecon
note,Release notes,https://docs.scipy.org/doc/scipy/reference/generated/scipy.linalg.lapack.cheequb.html#scipy.linalg.lapack.cheequb
note,Release notes,https://docs.scipy.org/doc/scipy/reference/generated/scipy.linalg.lapack.zheequb.html#scipy.linalg.lapack.zheequb
note,Release notes,https://docs.scipy.org/doc/scipy/reference/generated/scipy.linalg.lapack.cheev.html#scipy.linalg.lapack.cheev
note,Release notes,https://docs.scipy.org/doc/scipy/reference/generated/scipy.linalg.lapack.zheev.html#scipy.linalg.lapack.zheev
note,Release notes,https://docs.scipy.org/doc/scipy/reference/generated/scipy.linalg.lapack.cheev_lwork.html#scipy.linalg.lapack.cheev_lwork
note,Release notes,https://docs.scipy.org/doc/scipy/reference/generated/scipy.linalg.lapack.zheev_lwork.html#scipy.linalg.lapack.zheev_lwork
note,Release notes,https://docs.scipy.org/doc/scipy/reference/generated/scipy.linalg.lapack.cheevd.html#scipy.linalg.lapack.cheevd
note,Release notes,https://docs.scipy.org/doc/scipy/reference/generated/scipy.linalg.lapack.zheevd.html#scipy.linalg.lapack.zheevd
note,Release notes,https://docs.scipy.org/doc/scipy/reference/generated/scipy.linalg.lapack.cheevd_lwork.html#scipy.linalg.lapack.cheevd_lwork
note,Release notes,https://docs.scipy.org/doc/scipy/reference/generated/scipy.linalg.lapack.zheevd_lwork.html#scipy.linalg.lapack.zheevd_lwork
note,Release notes,https://docs.scipy.org/doc/scipy/reference/generated/scipy.linalg.lapack.cheevr.html#scipy.linalg.lapack.cheevr
note,Release notes,https://docs.scipy.org/doc/scipy/reference/generated/scipy.linalg.lapack.zheevr.html#scipy.linalg.lapack.zheevr
note,Release notes,https://docs.scipy.org/doc/scipy/reference/generated/scipy.linalg.lapack.cheevr_lwork.html#scipy.linalg.lapack.cheevr_lwork
note,Release notes,https://docs.scipy.org/doc/scipy/reference/generated/scipy.linalg.lapack.zheevr_lwork.html#scipy.linalg.lapack.zheevr_lwork
note,Release notes,https://docs.scipy.org/doc/scipy/reference/generated/scipy.linalg.lapack.cheevx.html#scipy.linalg.lapack.cheevx
note,Release notes,https://docs.scipy.org/doc/scipy/reference/generated/scipy.linalg.lapack.zheevx.html#scipy.linalg.lapack.zheevx
note,Release notes,https://docs.scipy.org/doc/scipy/reference/generated/scipy.linalg.lapack.cheevx_lwork.html#scipy.linalg.lapack.cheevx_lwork
note,Release notes,https://docs.scipy.org/doc/scipy/reference/generated/scipy.linalg.lapack.zheevx_lwork.html#scipy.linalg.lapack.zheevx_lwork
note,Release notes,https://docs.scipy.org/doc/scipy/reference/generated/scipy.linalg.lapack.chegst.html#scipy.linalg.lapack.chegst
note,Release notes,https://docs.scipy.org/doc/scipy/reference/generated/scipy.linalg.lapack.zhegst.html#scipy.linalg.lapack.zhegst
note,Release notes,https://docs.scipy.org/doc/scipy/reference/generated/scipy.linalg.lapack.chegv.html#scipy.linalg.lapack.chegv
note,Release notes,https://docs.scipy.org/doc/scipy/reference/generated/scipy.linalg.lapack.zhegv.html#scipy.linalg.lapack.zhegv
note,Release notes,https://docs.scipy.org/doc/scipy/reference/generated/scipy.linalg.lapack.chegv_lwork.html#scipy.linalg.lapack.chegv_lwork
note,Release notes,https://docs.scipy.org/doc/scipy/reference/generated/scipy.linalg.lapack.zhegv_lwork.html#scipy.linalg.lapack.zhegv_lwork
note,Release notes,https://docs.scipy.org/doc/scipy/reference/generated/scipy.linalg.lapack.chegvd.html#scipy.linalg.lapack.chegvd
note,Release notes,https://docs.scipy.org/doc/scipy/reference/generated/scipy.linalg.lapack.zhegvd.html#scipy.linalg.lapack.zhegvd
note,Release notes,https://docs.scipy.org/doc/scipy/reference/generated/scipy.linalg.lapack.chegvx.html#scipy.linalg.lapack.chegvx
note,Release notes,https://docs.scipy.org/doc/scipy/reference/generated/scipy.linalg.lapack.zhegvx.html#scipy.linalg.lapack.zhegvx
note,Release notes,https://docs.scipy.org/doc/scipy/reference/generated/scipy.linalg.lapack.chegvx_lwork.html#scipy.linalg.lapack.chegvx_lwork
note,Release notes,https://docs.scipy.org/doc/scipy/reference/generated/scipy.linalg.lapack.zhegvx_lwork.html#scipy.linalg.lapack.zhegvx_lwork
note,Release notes,https://docs.scipy.org/doc/scipy/reference/generated/scipy.linalg.lapack.chesv.html#scipy.linalg.lapack.chesv
note,Release notes,https://docs.scipy.org/doc/scipy/reference/generated/scipy.linalg.lapack.zhesv.html#scipy.linalg.lapack.zhesv
note,Release notes,https://docs.scipy.org/doc/scipy/reference/generated/scipy.linalg.lapack.chesv_lwork.html#scipy.linalg.lapack.chesv_lwork
note,Release notes,https://docs.scipy.org/doc/scipy/reference/generated/scipy.linalg.lapack.zhesv_lwork.html#scipy.linalg.lapack.zhesv_lwork
note,Release notes,https://docs.scipy.org/doc/scipy/reference/generated/scipy.linalg.lapack.chesvx.html#scipy.linalg.lapack.chesvx
note,Release notes,https://docs.scipy.org/doc/scipy/reference/generated/scipy.linalg.lapack.zhesvx.html#scipy.linalg.lapack.zhesvx
note,Release notes,https://docs.scipy.org/doc/scipy/reference/generated/scipy.linalg.lapack.chesvx_lwork.html#scipy.linalg.lapack.chesvx_lwork
note,Release notes,https://docs.scipy.org/doc/scipy/reference/generated/scipy.linalg.lapack.zhesvx_lwork.html#scipy.linalg.lapack.zhesvx_lwork
note,Release notes,https://docs.scipy.org/doc/scipy/reference/generated/scipy.linalg.lapack.chetrd.html#scipy.linalg.lapack.chetrd
note,Release notes,https://docs.scipy.org/doc/scipy/reference/generated/scipy.linalg.lapack.zhetrd.html#scipy.linalg.lapack.zhetrd
note,Release notes,https://docs.scipy.org/doc/scipy/reference/generated/scipy.linalg.lapack.chetrd_lwork.html#scipy.linalg.lapack.chetrd_lwork
note,Release notes,https://docs.scipy.org/doc/scipy/reference/generated/scipy.linalg.lapack.zhetrd_lwork.html#scipy.linalg.lapack.zhetrd_lwork
note,Release notes,https://docs.scipy.org/doc/scipy/reference/generated/scipy.linalg.lapack.chetrf.html#scipy.linalg.lapack.chetrf
note,Release notes,https://docs.scipy.org/doc/scipy/reference/generated/scipy.linalg.lapack.zhetrf.html#scipy.linalg.lapack.zhetrf
note,Release notes,https://docs.scipy.org/doc/scipy/reference/generated/scipy.linalg.lapack.chetrf_lwork.html#scipy.linalg.lapack.chetrf_lwork
note,Release notes,https://docs.scipy.org/doc/scipy/reference/generated/scipy.linalg.lapack.zhetrf_lwork.html#scipy.linalg.lapack.zhetrf_lwork
note,Release notes,https://docs.scipy.org/doc/scipy/reference/generated/scipy.linalg.lapack.chfrk.html#scipy.linalg.lapack.chfrk
note,Release notes,https://docs.scipy.org/doc/scipy/reference/generated/scipy.linalg.lapack.zhfrk.html#scipy.linalg.lapack.zhfrk
note,Release notes,https://docs.scipy.org/doc/scipy/reference/generated/scipy.linalg.lapack.slamch.html#scipy.linalg.lapack.slamch
note,Release notes,https://docs.scipy.org/doc/scipy/reference/generated/scipy.linalg.lapack.dlamch.html#scipy.linalg.lapack.dlamch
note,Release notes,https://docs.scipy.org/doc/scipy/reference/generated/scipy.linalg.lapack.slange.html#scipy.linalg.lapack.slange
note,Release notes,https://docs.scipy.org/doc/scipy/reference/generated/scipy.linalg.lapack.dlange.html#scipy.linalg.lapack.dlange
note,Release notes,https://docs.scipy.org/doc/scipy/reference/generated/scipy.linalg.lapack.clange.html#scipy.linalg.lapack.clange
note,Release notes,https://docs.scipy.org/doc/scipy/reference/generated/scipy.linalg.lapack.zlange.html#scipy.linalg.lapack.zlange
note,Release notes,https://docs.scipy.org/doc/scipy/reference/generated/scipy.linalg.lapack.slarf.html#scipy.linalg.lapack.slarf
note,Release notes,https://docs.scipy.org/doc/scipy/reference/generated/scipy.linalg.lapack.dlarf.html#scipy.linalg.lapack.dlarf
note,Release notes,https://docs.scipy.org/doc/scipy/reference/generated/scipy.linalg.lapack.clarf.html#scipy.linalg.lapack.clarf
note,Release notes,https://docs.scipy.org/doc/scipy/reference/generated/scipy.linalg.lapack.zlarf.html#scipy.linalg.lapack.zlarf
note,Release notes,https://docs.scipy.org/doc/scipy/reference/generated/scipy.linalg.lapack.slarfg.html#scipy.linalg.lapack.slarfg
note,Release notes,https://docs.scipy.org/doc/scipy/reference/generated/scipy.linalg.lapack.dlarfg.html#scipy.linalg.lapack.dlarfg
note,Release notes,https://docs.scipy.org/doc/scipy/reference/generated/scipy.linalg.lapack.clarfg.html#scipy.linalg.lapack.clarfg
note,Release notes,https://docs.scipy.org/doc/scipy/reference/generated/scipy.linalg.lapack.zlarfg.html#scipy.linalg.lapack.zlarfg
note,Release notes,https://docs.scipy.org/doc/scipy/reference/generated/scipy.linalg.lapack.slartg.html#scipy.linalg.lapack.slartg
note,Release notes,https://docs.scipy.org/doc/scipy/reference/generated/scipy.linalg.lapack.dlartg.html#scipy.linalg.lapack.dlartg
note,Release notes,https://docs.scipy.org/doc/scipy/reference/generated/scipy.linalg.lapack.clartg.html#scipy.linalg.lapack.clartg
note,Release notes,https://docs.scipy.org/doc/scipy/reference/generated/scipy.linalg.lapack.zlartg.html#scipy.linalg.lapack.zlartg
note,Release notes,https://docs.scipy.org/doc/scipy/reference/generated/scipy.linalg.lapack.slasd4.html#scipy.linalg.lapack.slasd4
note,Release notes,https://docs.scipy.org/doc/scipy/reference/generated/scipy.linalg.lapack.dlasd4.html#scipy.linalg.lapack.dlasd4
note,Release notes,https://docs.scipy.org/doc/scipy/reference/generated/scipy.linalg.lapack.slaswp.html#scipy.linalg.lapack.slaswp
note,Release notes,https://docs.scipy.org/doc/scipy/reference/generated/scipy.linalg.lapack.dlaswp.html#scipy.linalg.lapack.dlaswp
note,Release notes,https://docs.scipy.org/doc/scipy/reference/generated/scipy.linalg.lapack.claswp.html#scipy.linalg.lapack.claswp
note,Release notes,https://docs.scipy.org/doc/scipy/reference/generated/scipy.linalg.lapack.zlaswp.html#scipy.linalg.lapack.zlaswp
note,Release notes,https://docs.scipy.org/doc/scipy/reference/generated/scipy.linalg.lapack.slauum.html#scipy.linalg.lapack.slauum
note,Release notes,https://docs.scipy.org/doc/scipy/reference/generated/scipy.linalg.lapack.dlauum.html#scipy.linalg.lapack.dlauum
note,Release notes,https://docs.scipy.org/doc/scipy/reference/generated/scipy.linalg.lapack.clauum.html#scipy.linalg.lapack.clauum
note,Release notes,https://docs.scipy.org/doc/scipy/reference/generated/scipy.linalg.lapack.zlauum.html#scipy.linalg.lapack.zlauum
note,Release notes,https://docs.scipy.org/doc/scipy/reference/generated/scipy.linalg.lapack.sorcsd.html#scipy.linalg.lapack.sorcsd
note,Release notes,https://docs.scipy.org/doc/scipy/reference/generated/scipy.linalg.lapack.dorcsd.html#scipy.linalg.lapack.dorcsd
note,Release notes,https://docs.scipy.org/doc/scipy/reference/generated/scipy.linalg.lapack.sorcsd_lwork.html#scipy.linalg.lapack.sorcsd_lwork
note,Release notes,https://docs.scipy.org/doc/scipy/reference/generated/scipy.linalg.lapack.dorcsd_lwork.html#scipy.linalg.lapack.dorcsd_lwork
note,Release notes,https://docs.scipy.org/doc/scipy/reference/generated/scipy.linalg.lapack.sorghr.html#scipy.linalg.lapack.sorghr
note,Release notes,https://docs.scipy.org/doc/scipy/reference/generated/scipy.linalg.lapack.dorghr.html#scipy.linalg.lapack.dorghr
note,Release notes,https://docs.scipy.org/doc/scipy/reference/generated/scipy.linalg.lapack.sorghr_lwork.html#scipy.linalg.lapack.sorghr_lwork
note,Release notes,https://docs.scipy.org/doc/scipy/reference/generated/scipy.linalg.lapack.dorghr_lwork.html#scipy.linalg.lapack.dorghr_lwork
note,Release notes,https://docs.scipy.org/doc/scipy/reference/generated/scipy.linalg.lapack.sorgqr.html#scipy.linalg.lapack.sorgqr
note,Release notes,https://docs.scipy.org/doc/scipy/reference/generated/scipy.linalg.lapack.dorgqr.html#scipy.linalg.lapack.dorgqr
note,Release notes,https://docs.scipy.org/doc/scipy/reference/generated/scipy.linalg.lapack.sorgrq.html#scipy.linalg.lapack.sorgrq
note,Release notes,https://docs.scipy.org/doc/scipy/reference/generated/scipy.linalg.lapack.dorgrq.html#scipy.linalg.lapack.dorgrq
note,Release notes,https://docs.scipy.org/doc/scipy/reference/generated/scipy.linalg.lapack.sormqr.html#scipy.linalg.lapack.sormqr
note,Release notes,https://docs.scipy.org/doc/scipy/reference/generated/scipy.linalg.lapack.dormqr.html#scipy.linalg.lapack.dormqr
note,Release notes,https://docs.scipy.org/doc/scipy/reference/generated/scipy.linalg.lapack.sormrz.html#scipy.linalg.lapack.sormrz
note,Release notes,https://docs.scipy.org/doc/scipy/reference/generated/scipy.linalg.lapack.dormrz.html#scipy.linalg.lapack.dormrz
note,Release notes,https://docs.scipy.org/doc/scipy/reference/generated/scipy.linalg.lapack.sormrz_lwork.html#scipy.linalg.lapack.sormrz_lwork
note,Release notes,https://docs.scipy.org/doc/scipy/reference/generated/scipy.linalg.lapack.dormrz_lwork.html#scipy.linalg.lapack.dormrz_lwork
note,Release notes,https://docs.scipy.org/doc/scipy/reference/generated/scipy.linalg.lapack.spbsv.html#scipy.linalg.lapack.spbsv
note,Release notes,https://docs.scipy.org/doc/scipy/reference/generated/scipy.linalg.lapack.dpbsv.html#scipy.linalg.lapack.dpbsv
note,Release notes,https://docs.scipy.org/doc/scipy/reference/generated/scipy.linalg.lapack.cpbsv.html#scipy.linalg.lapack.cpbsv
note,Release notes,https://docs.scipy.org/doc/scipy/reference/generated/scipy.linalg.lapack.zpbsv.html#scipy.linalg.lapack.zpbsv
note,Release notes,https://docs.scipy.org/doc/scipy/reference/generated/scipy.linalg.lapack.spbtrf.html#scipy.linalg.lapack.spbtrf
note,Release notes,https://docs.scipy.org/doc/scipy/reference/generated/scipy.linalg.lapack.dpbtrf.html#scipy.linalg.lapack.dpbtrf
note,Release notes,https://docs.scipy.org/doc/scipy/reference/generated/scipy.linalg.lapack.cpbtrf.html#scipy.linalg.lapack.cpbtrf
note,Release notes,https://docs.scipy.org/doc/scipy/reference/generated/scipy.linalg.lapack.zpbtrf.html#scipy.linalg.lapack.zpbtrf
note,Release notes,https://docs.scipy.org/doc/scipy/reference/generated/scipy.linalg.lapack.spbtrs.html#scipy.linalg.lapack.spbtrs
note,Release notes,https://docs.scipy.org/doc/scipy/reference/generated/scipy.linalg.lapack.dpbtrs.html#scipy.linalg.lapack.dpbtrs
note,Release notes,https://docs.scipy.org/doc/scipy/reference/generated/scipy.linalg.lapack.cpbtrs.html#scipy.linalg.lapack.cpbtrs
note,Release notes,https://docs.scipy.org/doc/scipy/reference/generated/scipy.linalg.lapack.zpbtrs.html#scipy.linalg.lapack.zpbtrs
note,Release notes,https://docs.scipy.org/doc/scipy/reference/generated/scipy.linalg.lapack.spftrf.html#scipy.linalg.lapack.spftrf
note,Release notes,https://docs.scipy.org/doc/scipy/reference/generated/scipy.linalg.lapack.dpftrf.html#scipy.linalg.lapack.dpftrf
note,Release notes,https://docs.scipy.org/doc/scipy/reference/generated/scipy.linalg.lapack.cpftrf.html#scipy.linalg.lapack.cpftrf
note,Release notes,https://docs.scipy.org/doc/scipy/reference/generated/scipy.linalg.lapack.zpftrf.html#scipy.linalg.lapack.zpftrf
note,Release notes,https://docs.scipy.org/doc/scipy/reference/generated/scipy.linalg.lapack.spftri.html#scipy.linalg.lapack.spftri
note,Release notes,https://docs.scipy.org/doc/scipy/reference/generated/scipy.linalg.lapack.dpftri.html#scipy.linalg.lapack.dpftri
note,Release notes,https://docs.scipy.org/doc/scipy/reference/generated/scipy.linalg.lapack.cpftri.html#scipy.linalg.lapack.cpftri
note,Release notes,https://docs.scipy.org/doc/scipy/reference/generated/scipy.linalg.lapack.zpftri.html#scipy.linalg.lapack.zpftri
note,Release notes,https://docs.scipy.org/doc/scipy/reference/generated/scipy.linalg.lapack.spftrs.html#scipy.linalg.lapack.spftrs
note,Release notes,https://docs.scipy.org/doc/scipy/reference/generated/scipy.linalg.lapack.dpftrs.html#scipy.linalg.lapack.dpftrs
note,Release notes,https://docs.scipy.org/doc/scipy/reference/generated/scipy.linalg.lapack.cpftrs.html#scipy.linalg.lapack.cpftrs
note,Release notes,https://docs.scipy.org/doc/scipy/reference/generated/scipy.linalg.lapack.zpftrs.html#scipy.linalg.lapack.zpftrs
note,Release notes,https://docs.scipy.org/doc/scipy/reference/generated/scipy.linalg.lapack.spocon.html#scipy.linalg.lapack.spocon
note,Release notes,https://docs.scipy.org/doc/scipy/reference/generated/scipy.linalg.lapack.dpocon.html#scipy.linalg.lapack.dpocon
note,Release notes,https://docs.scipy.org/doc/scipy/reference/generated/scipy.linalg.lapack.cpocon.html#scipy.linalg.lapack.cpocon
note,Release notes,https://docs.scipy.org/doc/scipy/reference/generated/scipy.linalg.lapack.zpocon.html#scipy.linalg.lapack.zpocon
note,Release notes,https://docs.scipy.org/doc/scipy/reference/generated/scipy.linalg.lapack.spstrf.html#scipy.linalg.lapack.spstrf
note,Release notes,https://docs.scipy.org/doc/scipy/reference/generated/scipy.linalg.lapack.dpstrf.html#scipy.linalg.lapack.dpstrf
note,Release notes,https://docs.scipy.org/doc/scipy/reference/generated/scipy.linalg.lapack.cpstrf.html#scipy.linalg.lapack.cpstrf
note,Release notes,https://docs.scipy.org/doc/scipy/reference/generated/scipy.linalg.lapack.zpstrf.html#scipy.linalg.lapack.zpstrf
note,Release notes,https://docs.scipy.org/doc/scipy/reference/generated/scipy.linalg.lapack.spstf2.html#scipy.linalg.lapack.spstf2
note,Release notes,https://docs.scipy.org/doc/scipy/reference/generated/scipy.linalg.lapack.dpstf2.html#scipy.linalg.lapack.dpstf2
note,Release notes,https://docs.scipy.org/doc/scipy/reference/generated/scipy.linalg.lapack.cpstf2.html#scipy.linalg.lapack.cpstf2
note,Release notes,https://docs.scipy.org/doc/scipy/reference/generated/scipy.linalg.lapack.zpstf2.html#scipy.linalg.lapack.zpstf2
note,Release notes,https://docs.scipy.org/doc/scipy/reference/generated/scipy.linalg.lapack.sposv.html#scipy.linalg.lapack.sposv
note,Release notes,https://docs.scipy.org/doc/scipy/reference/generated/scipy.linalg.lapack.dposv.html#scipy.linalg.lapack.dposv
note,Release notes,https://docs.scipy.org/doc/scipy/reference/generated/scipy.linalg.lapack.cposv.html#scipy.linalg.lapack.cposv
note,Release notes,https://docs.scipy.org/doc/scipy/reference/generated/scipy.linalg.lapack.zposv.html#scipy.linalg.lapack.zposv
note,Release notes,https://docs.scipy.org/doc/scipy/reference/generated/scipy.linalg.lapack.sposvx.html#scipy.linalg.lapack.sposvx
note,Release notes,https://docs.scipy.org/doc/scipy/reference/generated/scipy.linalg.lapack.dposvx.html#scipy.linalg.lapack.dposvx
note,Release notes,https://docs.scipy.org/doc/scipy/reference/generated/scipy.linalg.lapack.cposvx.html#scipy.linalg.lapack.cposvx
note,Release notes,https://docs.scipy.org/doc/scipy/reference/generated/scipy.linalg.lapack.zposvx.html#scipy.linalg.lapack.zposvx
note,Release notes,https://docs.scipy.org/doc/scipy/reference/generated/scipy.linalg.lapack.spotrf.html#scipy.linalg.lapack.spotrf
note,Release notes,https://docs.scipy.org/doc/scipy/reference/generated/scipy.linalg.lapack.dpotrf.html#scipy.linalg.lapack.dpotrf
note,Release notes,https://docs.scipy.org/doc/scipy/reference/generated/scipy.linalg.lapack.cpotrf.html#scipy.linalg.lapack.cpotrf
note,Release notes,https://docs.scipy.org/doc/scipy/reference/generated/scipy.linalg.lapack.zpotrf.html#scipy.linalg.lapack.zpotrf
note,Release notes,https://docs.scipy.org/doc/scipy/reference/generated/scipy.linalg.lapack.spotri.html#scipy.linalg.lapack.spotri
note,Release notes,https://docs.scipy.org/doc/scipy/reference/generated/scipy.linalg.lapack.dpotri.html#scipy.linalg.lapack.dpotri
note,Release notes,https://docs.scipy.org/doc/scipy/reference/generated/scipy.linalg.lapack.cpotri.html#scipy.linalg.lapack.cpotri
note,Release notes,https://docs.scipy.org/doc/scipy/reference/generated/scipy.linalg.lapack.zpotri.html#scipy.linalg.lapack.zpotri
note,Release notes,https://docs.scipy.org/doc/scipy/reference/generated/scipy.linalg.lapack.spotrs.html#scipy.linalg.lapack.spotrs
note,Release notes,https://docs.scipy.org/doc/scipy/reference/generated/scipy.linalg.lapack.dpotrs.html#scipy.linalg.lapack.dpotrs
note,Release notes,https://docs.scipy.org/doc/scipy/reference/generated/scipy.linalg.lapack.cpotrs.html#scipy.linalg.lapack.cpotrs
note,Release notes,https://docs.scipy.org/doc/scipy/reference/generated/scipy.linalg.lapack.zpotrs.html#scipy.linalg.lapack.zpotrs
note,Release notes,https://docs.scipy.org/doc/scipy/reference/generated/scipy.linalg.lapack.sppcon.html#scipy.linalg.lapack.sppcon
note,Release notes,https://docs.scipy.org/doc/scipy/reference/generated/scipy.linalg.lapack.dppcon.html#scipy.linalg.lapack.dppcon
note,Release notes,https://docs.scipy.org/doc/scipy/reference/generated/scipy.linalg.lapack.cppcon.html#scipy.linalg.lapack.cppcon
note,Release notes,https://docs.scipy.org/doc/scipy/reference/generated/scipy.linalg.lapack.zppcon.html#scipy.linalg.lapack.zppcon
note,Release notes,https://docs.scipy.org/doc/scipy/reference/generated/scipy.linalg.lapack.sppsv.html#scipy.linalg.lapack.sppsv
note,Release notes,https://docs.scipy.org/doc/scipy/reference/generated/scipy.linalg.lapack.dppsv.html#scipy.linalg.lapack.dppsv
note,Release notes,https://docs.scipy.org/doc/scipy/reference/generated/scipy.linalg.lapack.cppsv.html#scipy.linalg.lapack.cppsv
note,Release notes,https://docs.scipy.org/doc/scipy/reference/generated/scipy.linalg.lapack.zppsv.html#scipy.linalg.lapack.zppsv
note,Release notes,https://docs.scipy.org/doc/scipy/reference/generated/scipy.linalg.lapack.spptrf.html#scipy.linalg.lapack.spptrf
note,Release notes,https://docs.scipy.org/doc/scipy/reference/generated/scipy.linalg.lapack.dpptrf.html#scipy.linalg.lapack.dpptrf
note,Release notes,https://docs.scipy.org/doc/scipy/reference/generated/scipy.linalg.lapack.cpptrf.html#scipy.linalg.lapack.cpptrf
note,Release notes,https://docs.scipy.org/doc/scipy/reference/generated/scipy.linalg.lapack.zpptrf.html#scipy.linalg.lapack.zpptrf
note,Release notes,https://docs.scipy.org/doc/scipy/reference/generated/scipy.linalg.lapack.spptri.html#scipy.linalg.lapack.spptri
note,Release notes,https://docs.scipy.org/doc/scipy/reference/generated/scipy.linalg.lapack.dpptri.html#scipy.linalg.lapack.dpptri
note,Release notes,https://docs.scipy.org/doc/scipy/reference/generated/scipy.linalg.lapack.cpptri.html#scipy.linalg.lapack.cpptri
note,Release notes,https://docs.scipy.org/doc/scipy/reference/generated/scipy.linalg.lapack.zpptri.html#scipy.linalg.lapack.zpptri
note,Release notes,https://docs.scipy.org/doc/scipy/reference/generated/scipy.linalg.lapack.spptrs.html#scipy.linalg.lapack.spptrs
note,Release notes,https://docs.scipy.org/doc/scipy/reference/generated/scipy.linalg.lapack.dpptrs.html#scipy.linalg.lapack.dpptrs
note,Release notes,https://docs.scipy.org/doc/scipy/reference/generated/scipy.linalg.lapack.cpptrs.html#scipy.linalg.lapack.cpptrs
note,Release notes,https://docs.scipy.org/doc/scipy/reference/generated/scipy.linalg.lapack.zpptrs.html#scipy.linalg.lapack.zpptrs
note,Release notes,https://docs.scipy.org/doc/scipy/reference/generated/scipy.linalg.lapack.sptsv.html#scipy.linalg.lapack.sptsv
note,Release notes,https://docs.scipy.org/doc/scipy/reference/generated/scipy.linalg.lapack.dptsv.html#scipy.linalg.lapack.dptsv
note,Release notes,https://docs.scipy.org/doc/scipy/reference/generated/scipy.linalg.lapack.cptsv.html#scipy.linalg.lapack.cptsv
note,Release notes,https://docs.scipy.org/doc/scipy/reference/generated/scipy.linalg.lapack.zptsv.html#scipy.linalg.lapack.zptsv
note,Release notes,https://docs.scipy.org/doc/scipy/reference/generated/scipy.linalg.lapack.sptsvx.html#scipy.linalg.lapack.sptsvx
note,Release notes,https://docs.scipy.org/doc/scipy/reference/generated/scipy.linalg.lapack.dptsvx.html#scipy.linalg.lapack.dptsvx
note,Release notes,https://docs.scipy.org/doc/scipy/reference/generated/scipy.linalg.lapack.cptsvx.html#scipy.linalg.lapack.cptsvx
note,Release notes,https://docs.scipy.org/doc/scipy/reference/generated/scipy.linalg.lapack.zptsvx.html#scipy.linalg.lapack.zptsvx
note,Release notes,https://docs.scipy.org/doc/scipy/reference/generated/scipy.linalg.lapack.spttrf.html#scipy.linalg.lapack.spttrf
note,Release notes,https://docs.scipy.org/doc/scipy/reference/generated/scipy.linalg.lapack.dpttrf.html#scipy.linalg.lapack.dpttrf
note,Release notes,https://docs.scipy.org/doc/scipy/reference/generated/scipy.linalg.lapack.cpttrf.html#scipy.linalg.lapack.cpttrf
note,Release notes,https://docs.scipy.org/doc/scipy/reference/generated/scipy.linalg.lapack.zpttrf.html#scipy.linalg.lapack.zpttrf
note,Release notes,https://docs.scipy.org/doc/scipy/reference/generated/scipy.linalg.lapack.spttrs.html#scipy.linalg.lapack.spttrs
note,Release notes,https://docs.scipy.org/doc/scipy/reference/generated/scipy.linalg.lapack.dpttrs.html#scipy.linalg.lapack.dpttrs
note,Release notes,https://docs.scipy.org/doc/scipy/reference/generated/scipy.linalg.lapack.cpttrs.html#scipy.linalg.lapack.cpttrs
note,Release notes,https://docs.scipy.org/doc/scipy/reference/generated/scipy.linalg.lapack.zpttrs.html#scipy.linalg.lapack.zpttrs
note,Release notes,https://docs.scipy.org/doc/scipy/reference/generated/scipy.linalg.lapack.spteqr.html#scipy.linalg.lapack.spteqr
note,Release notes,https://docs.scipy.org/doc/scipy/reference/generated/scipy.linalg.lapack.dpteqr.html#scipy.linalg.lapack.dpteqr
note,Release notes,https://docs.scipy.org/doc/scipy/reference/generated/scipy.linalg.lapack.cpteqr.html#scipy.linalg.lapack.cpteqr
note,Release notes,https://docs.scipy.org/doc/scipy/reference/generated/scipy.linalg.lapack.zpteqr.html#scipy.linalg.lapack.zpteqr
note,Release notes,https://docs.scipy.org/doc/scipy/reference/generated/scipy.linalg.lapack.crot.html#scipy.linalg.lapack.crot
note,Release notes,https://docs.scipy.org/doc/scipy/reference/generated/scipy.linalg.lapack.zrot.html#scipy.linalg.lapack.zrot
note,Release notes,https://docs.scipy.org/doc/scipy/reference/generated/scipy.linalg.lapack.ssbev.html#scipy.linalg.lapack.ssbev
note,Release notes,https://docs.scipy.org/doc/scipy/reference/generated/scipy.linalg.lapack.dsbev.html#scipy.linalg.lapack.dsbev
note,Release notes,https://docs.scipy.org/doc/scipy/reference/generated/scipy.linalg.lapack.ssbevd.html#scipy.linalg.lapack.ssbevd
note,Release notes,https://docs.scipy.org/doc/scipy/reference/generated/scipy.linalg.lapack.dsbevd.html#scipy.linalg.lapack.dsbevd
note,Release notes,https://docs.scipy.org/doc/scipy/reference/generated/scipy.linalg.lapack.ssbevx.html#scipy.linalg.lapack.ssbevx
note,Release notes,https://docs.scipy.org/doc/scipy/reference/generated/scipy.linalg.lapack.dsbevx.html#scipy.linalg.lapack.dsbevx
note,Release notes,https://docs.scipy.org/doc/scipy/reference/generated/scipy.linalg.lapack.ssfrk.html#scipy.linalg.lapack.ssfrk
note,Release notes,https://docs.scipy.org/doc/scipy/reference/generated/scipy.linalg.lapack.dsfrk.html#scipy.linalg.lapack.dsfrk
note,Release notes,https://docs.scipy.org/doc/scipy/reference/generated/scipy.linalg.lapack.sstebz.html#scipy.linalg.lapack.sstebz
note,Release notes,https://docs.scipy.org/doc/scipy/reference/generated/scipy.linalg.lapack.dstebz.html#scipy.linalg.lapack.dstebz
note,Release notes,https://docs.scipy.org/doc/scipy/reference/generated/scipy.linalg.lapack.sstein.html#scipy.linalg.lapack.sstein
note,Release notes,https://docs.scipy.org/doc/scipy/reference/generated/scipy.linalg.lapack.dstein.html#scipy.linalg.lapack.dstein
note,Release notes,https://docs.scipy.org/doc/scipy/reference/generated/scipy.linalg.lapack.sstemr.html#scipy.linalg.lapack.sstemr
note,Release notes,https://docs.scipy.org/doc/scipy/reference/generated/scipy.linalg.lapack.dstemr.html#scipy.linalg.lapack.dstemr
note,Release notes,https://docs.scipy.org/doc/scipy/reference/generated/scipy.linalg.lapack.sstemr_lwork.html#scipy.linalg.lapack.sstemr_lwork
note,Release notes,https://docs.scipy.org/doc/scipy/reference/generated/scipy.linalg.lapack.dstemr_lwork.html#scipy.linalg.lapack.dstemr_lwork
note,Release notes,https://docs.scipy.org/doc/scipy/reference/generated/scipy.linalg.lapack.ssterf.html#scipy.linalg.lapack.ssterf
note,Release notes,https://docs.scipy.org/doc/scipy/reference/generated/scipy.linalg.lapack.dsterf.html#scipy.linalg.lapack.dsterf
note,Release notes,https://docs.scipy.org/doc/scipy/reference/generated/scipy.linalg.lapack.sstev.html#scipy.linalg.lapack.sstev
note,Release notes,https://docs.scipy.org/doc/scipy/reference/generated/scipy.linalg.lapack.dstev.html#scipy.linalg.lapack.dstev
note,Release notes,https://docs.scipy.org/doc/scipy/reference/generated/scipy.linalg.lapack.ssycon.html#scipy.linalg.lapack.ssycon
note,Release notes,https://docs.scipy.org/doc/scipy/reference/generated/scipy.linalg.lapack.dsycon.html#scipy.linalg.lapack.dsycon
note,Release notes,https://docs.scipy.org/doc/scipy/reference/generated/scipy.linalg.lapack.csycon.html#scipy.linalg.lapack.csycon
note,Release notes,https://docs.scipy.org/doc/scipy/reference/generated/scipy.linalg.lapack.zsycon.html#scipy.linalg.lapack.zsycon
note,Release notes,https://docs.scipy.org/doc/scipy/reference/generated/scipy.linalg.lapack.ssyconv.html#scipy.linalg.lapack.ssyconv
note,Release notes,https://docs.scipy.org/doc/scipy/reference/generated/scipy.linalg.lapack.dsyconv.html#scipy.linalg.lapack.dsyconv
note,Release notes,https://docs.scipy.org/doc/scipy/reference/generated/scipy.linalg.lapack.csyconv.html#scipy.linalg.lapack.csyconv
note,Release notes,https://docs.scipy.org/doc/scipy/reference/generated/scipy.linalg.lapack.zsyconv.html#scipy.linalg.lapack.zsyconv
note,Release notes,https://docs.scipy.org/doc/scipy/reference/generated/scipy.linalg.lapack.ssyequb.html#scipy.linalg.lapack.ssyequb
note,Release notes,https://docs.scipy.org/doc/scipy/reference/generated/scipy.linalg.lapack.dsyequb.html#scipy.linalg.lapack.dsyequb
note,Release notes,https://docs.scipy.org/doc/scipy/reference/generated/scipy.linalg.lapack.csyequb.html#scipy.linalg.lapack.csyequb
note,Release notes,https://docs.scipy.org/doc/scipy/reference/generated/scipy.linalg.lapack.zsyequb.html#scipy.linalg.lapack.zsyequb
note,Release notes,https://docs.scipy.org/doc/scipy/reference/generated/scipy.linalg.lapack.ssyev.html#scipy.linalg.lapack.ssyev
note,Release notes,https://docs.scipy.org/doc/scipy/reference/generated/scipy.linalg.lapack.dsyev.html#scipy.linalg.lapack.dsyev
note,Release notes,https://docs.scipy.org/doc/scipy/reference/generated/scipy.linalg.lapack.ssyev_lwork.html#scipy.linalg.lapack.ssyev_lwork
note,Release notes,https://docs.scipy.org/doc/scipy/reference/generated/scipy.linalg.lapack.dsyev_lwork.html#scipy.linalg.lapack.dsyev_lwork
note,Release notes,https://docs.scipy.org/doc/scipy/reference/generated/scipy.linalg.lapack.ssyevd.html#scipy.linalg.lapack.ssyevd
note,Release notes,https://docs.scipy.org/doc/scipy/reference/generated/scipy.linalg.lapack.dsyevd.html#scipy.linalg.lapack.dsyevd
note,Release notes,https://docs.scipy.org/doc/scipy/reference/generated/scipy.linalg.lapack.ssyevd_lwork.html#scipy.linalg.lapack.ssyevd_lwork
note,Release notes,https://docs.scipy.org/doc/scipy/reference/generated/scipy.linalg.lapack.dsyevd_lwork.html#scipy.linalg.lapack.dsyevd_lwork
note,Release notes,https://docs.scipy.org/doc/scipy/reference/generated/scipy.linalg.lapack.ssyevr.html#scipy.linalg.lapack.ssyevr
note,Release notes,https://docs.scipy.org/doc/scipy/reference/generated/scipy.linalg.lapack.dsyevr.html#scipy.linalg.lapack.dsyevr
note,Release notes,https://docs.scipy.org/doc/scipy/reference/generated/scipy.linalg.lapack.ssyevr_lwork.html#scipy.linalg.lapack.ssyevr_lwork
note,Release notes,https://docs.scipy.org/doc/scipy/reference/generated/scipy.linalg.lapack.dsyevr_lwork.html#scipy.linalg.lapack.dsyevr_lwork
note,Release notes,https://docs.scipy.org/doc/scipy/reference/generated/scipy.linalg.lapack.ssyevx.html#scipy.linalg.lapack.ssyevx
note,Release notes,https://docs.scipy.org/doc/scipy/reference/generated/scipy.linalg.lapack.dsyevx.html#scipy.linalg.lapack.dsyevx
note,Release notes,https://docs.scipy.org/doc/scipy/reference/generated/scipy.linalg.lapack.ssyevx_lwork.html#scipy.linalg.lapack.ssyevx_lwork
note,Release notes,https://docs.scipy.org/doc/scipy/reference/generated/scipy.linalg.lapack.dsyevx_lwork.html#scipy.linalg.lapack.dsyevx_lwork
note,Release notes,https://docs.scipy.org/doc/scipy/reference/generated/scipy.linalg.lapack.ssygst.html#scipy.linalg.lapack.ssygst
note,Release notes,https://docs.scipy.org/doc/scipy/reference/generated/scipy.linalg.lapack.dsygst.html#scipy.linalg.lapack.dsygst
note,Release notes,https://docs.scipy.org/doc/scipy/reference/generated/scipy.linalg.lapack.ssygv.html#scipy.linalg.lapack.ssygv
note,Release notes,https://docs.scipy.org/doc/scipy/reference/generated/scipy.linalg.lapack.dsygv.html#scipy.linalg.lapack.dsygv
note,Release notes,https://docs.scipy.org/doc/scipy/reference/generated/scipy.linalg.lapack.ssygv_lwork.html#scipy.linalg.lapack.ssygv_lwork
note,Release notes,https://docs.scipy.org/doc/scipy/reference/generated/scipy.linalg.lapack.dsygv_lwork.html#scipy.linalg.lapack.dsygv_lwork
note,Release notes,https://docs.scipy.org/doc/scipy/reference/generated/scipy.linalg.lapack.ssygvd.html#scipy.linalg.lapack.ssygvd
note,Release notes,https://docs.scipy.org/doc/scipy/reference/generated/scipy.linalg.lapack.dsygvd.html#scipy.linalg.lapack.dsygvd
note,Release notes,https://docs.scipy.org/doc/scipy/reference/generated/scipy.linalg.lapack.ssygvx.html#scipy.linalg.lapack.ssygvx
note,Release notes,https://docs.scipy.org/doc/scipy/reference/generated/scipy.linalg.lapack.dsygvx.html#scipy.linalg.lapack.dsygvx
note,Release notes,https://docs.scipy.org/doc/scipy/reference/generated/scipy.linalg.lapack.ssygvx_lwork.html#scipy.linalg.lapack.ssygvx_lwork
note,Release notes,https://docs.scipy.org/doc/scipy/reference/generated/scipy.linalg.lapack.dsygvx_lwork.html#scipy.linalg.lapack.dsygvx_lwork
note,Release notes,https://docs.scipy.org/doc/scipy/reference/generated/scipy.linalg.lapack.ssysv.html#scipy.linalg.lapack.ssysv
note,Release notes,https://docs.scipy.org/doc/scipy/reference/generated/scipy.linalg.lapack.dsysv.html#scipy.linalg.lapack.dsysv
note,Release notes,https://docs.scipy.org/doc/scipy/reference/generated/scipy.linalg.lapack.csysv.html#scipy.linalg.lapack.csysv
note,Release notes,https://docs.scipy.org/doc/scipy/reference/generated/scipy.linalg.lapack.zsysv.html#scipy.linalg.lapack.zsysv
note,Release notes,https://docs.scipy.org/doc/scipy/reference/generated/scipy.linalg.lapack.ssysv_lwork.html#scipy.linalg.lapack.ssysv_lwork
note,Release notes,https://docs.scipy.org/doc/scipy/reference/generated/scipy.linalg.lapack.dsysv_lwork.html#scipy.linalg.lapack.dsysv_lwork
note,Release notes,https://docs.scipy.org/doc/scipy/reference/generated/scipy.linalg.lapack.csysv_lwork.html#scipy.linalg.lapack.csysv_lwork
note,Release notes,https://docs.scipy.org/doc/scipy/reference/generated/scipy.linalg.lapack.zsysv_lwork.html#scipy.linalg.lapack.zsysv_lwork
note,Release notes,https://docs.scipy.org/doc/scipy/reference/generated/scipy.linalg.lapack.ssysvx.html#scipy.linalg.lapack.ssysvx
note,Release notes,https://docs.scipy.org/doc/scipy/reference/generated/scipy.linalg.lapack.dsysvx.html#scipy.linalg.lapack.dsysvx
note,Release notes,https://docs.scipy.org/doc/scipy/reference/generated/scipy.linalg.lapack.csysvx.html#scipy.linalg.lapack.csysvx
note,Release notes,https://docs.scipy.org/doc/scipy/reference/generated/scipy.linalg.lapack.zsysvx.html#scipy.linalg.lapack.zsysvx
note,Release notes,https://docs.scipy.org/doc/scipy/reference/generated/scipy.linalg.lapack.ssysvx_lwork.html#scipy.linalg.lapack.ssysvx_lwork
note,Release notes,https://docs.scipy.org/doc/scipy/reference/generated/scipy.linalg.lapack.dsysvx_lwork.html#scipy.linalg.lapack.dsysvx_lwork
note,Release notes,https://docs.scipy.org/doc/scipy/reference/generated/scipy.linalg.lapack.csysvx_lwork.html#scipy.linalg.lapack.csysvx_lwork
note,Release notes,https://docs.scipy.org/doc/scipy/reference/generated/scipy.linalg.lapack.zsysvx_lwork.html#scipy.linalg.lapack.zsysvx_lwork
note,Release notes,https://docs.scipy.org/doc/scipy/reference/generated/scipy.linalg.lapack.ssytf2.html#scipy.linalg.lapack.ssytf2
note,Release notes,https://docs.scipy.org/doc/scipy/reference/generated/scipy.linalg.lapack.dsytf2.html#scipy.linalg.lapack.dsytf2
note,Release notes,https://docs.scipy.org/doc/scipy/reference/generated/scipy.linalg.lapack.csytf2.html#scipy.linalg.lapack.csytf2
note,Release notes,https://docs.scipy.org/doc/scipy/reference/generated/scipy.linalg.lapack.zsytf2.html#scipy.linalg.lapack.zsytf2
note,Release notes,https://docs.scipy.org/doc/scipy/reference/generated/scipy.linalg.lapack.ssytrd.html#scipy.linalg.lapack.ssytrd
note,Release notes,https://docs.scipy.org/doc/scipy/reference/generated/scipy.linalg.lapack.dsytrd.html#scipy.linalg.lapack.dsytrd
note,Release notes,https://docs.scipy.org/doc/scipy/reference/generated/scipy.linalg.lapack.ssytrd_lwork.html#scipy.linalg.lapack.ssytrd_lwork
note,Release notes,https://docs.scipy.org/doc/scipy/reference/generated/scipy.linalg.lapack.dsytrd_lwork.html#scipy.linalg.lapack.dsytrd_lwork
note,Release notes,https://docs.scipy.org/doc/scipy/reference/generated/scipy.linalg.lapack.ssytrf.html#scipy.linalg.lapack.ssytrf
note,Release notes,https://docs.scipy.org/doc/scipy/reference/generated/scipy.linalg.lapack.dsytrf.html#scipy.linalg.lapack.dsytrf
note,Release notes,https://docs.scipy.org/doc/scipy/reference/generated/scipy.linalg.lapack.csytrf.html#scipy.linalg.lapack.csytrf
note,Release notes,https://docs.scipy.org/doc/scipy/reference/generated/scipy.linalg.lapack.zsytrf.html#scipy.linalg.lapack.zsytrf
note,Release notes,https://docs.scipy.org/doc/scipy/reference/generated/scipy.linalg.lapack.ssytrf_lwork.html#scipy.linalg.lapack.ssytrf_lwork
note,Release notes,https://docs.scipy.org/doc/scipy/reference/generated/scipy.linalg.lapack.dsytrf_lwork.html#scipy.linalg.lapack.dsytrf_lwork
note,Release notes,https://docs.scipy.org/doc/scipy/reference/generated/scipy.linalg.lapack.csytrf_lwork.html#scipy.linalg.lapack.csytrf_lwork
note,Release notes,https://docs.scipy.org/doc/scipy/reference/generated/scipy.linalg.lapack.zsytrf_lwork.html#scipy.linalg.lapack.zsytrf_lwork
note,Release notes,https://docs.scipy.org/doc/scipy/reference/generated/scipy.linalg.lapack.stbtrs.html#scipy.linalg.lapack.stbtrs
note,Release notes,https://docs.scipy.org/doc/scipy/reference/generated/scipy.linalg.lapack.dtbtrs.html#scipy.linalg.lapack.dtbtrs
note,Release notes,https://docs.scipy.org/doc/scipy/reference/generated/scipy.linalg.lapack.ctbtrs.html#scipy.linalg.lapack.ctbtrs
note,Release notes,https://docs.scipy.org/doc/scipy/reference/generated/scipy.linalg.lapack.ztbtrs.html#scipy.linalg.lapack.ztbtrs
note,Release notes,https://docs.scipy.org/doc/scipy/reference/generated/scipy.linalg.lapack.stfsm.html#scipy.linalg.lapack.stfsm
note,Release notes,https://docs.scipy.org/doc/scipy/reference/generated/scipy.linalg.lapack.dtfsm.html#scipy.linalg.lapack.dtfsm
note,Release notes,https://docs.scipy.org/doc/scipy/reference/generated/scipy.linalg.lapack.ctfsm.html#scipy.linalg.lapack.ctfsm
note,Release notes,https://docs.scipy.org/doc/scipy/reference/generated/scipy.linalg.lapack.ztfsm.html#scipy.linalg.lapack.ztfsm
note,Release notes,https://docs.scipy.org/doc/scipy/reference/generated/scipy.linalg.lapack.stfttp.html#scipy.linalg.lapack.stfttp
note,Release notes,https://docs.scipy.org/doc/scipy/reference/generated/scipy.linalg.lapack.dtfttp.html#scipy.linalg.lapack.dtfttp
note,Release notes,https://docs.scipy.org/doc/scipy/reference/generated/scipy.linalg.lapack.ctfttp.html#scipy.linalg.lapack.ctfttp
note,Release notes,https://docs.scipy.org/doc/scipy/reference/generated/scipy.linalg.lapack.ztfttp.html#scipy.linalg.lapack.ztfttp
note,Release notes,https://docs.scipy.org/doc/scipy/reference/generated/scipy.linalg.lapack.stfttr.html#scipy.linalg.lapack.stfttr
note,Release notes,https://docs.scipy.org/doc/scipy/reference/generated/scipy.linalg.lapack.dtfttr.html#scipy.linalg.lapack.dtfttr
note,Release notes,https://docs.scipy.org/doc/scipy/reference/generated/scipy.linalg.lapack.ctfttr.html#scipy.linalg.lapack.ctfttr
note,Release notes,https://docs.scipy.org/doc/scipy/reference/generated/scipy.linalg.lapack.ztfttr.html#scipy.linalg.lapack.ztfttr
note,Release notes,https://docs.scipy.org/doc/scipy/reference/generated/scipy.linalg.lapack.stgexc.html#scipy.linalg.lapack.stgexc
note,Release notes,https://docs.scipy.org/doc/scipy/reference/generated/scipy.linalg.lapack.dtgexc.html#scipy.linalg.lapack.dtgexc
note,Release notes,https://docs.scipy.org/doc/scipy/reference/generated/scipy.linalg.lapack.ctgexc.html#scipy.linalg.lapack.ctgexc
note,Release notes,https://docs.scipy.org/doc/scipy/reference/generated/scipy.linalg.lapack.ztgexc.html#scipy.linalg.lapack.ztgexc
note,Release notes,https://docs.scipy.org/doc/scipy/reference/generated/scipy.linalg.lapack.stgsen.html#scipy.linalg.lapack.stgsen
note,Release notes,https://docs.scipy.org/doc/scipy/reference/generated/scipy.linalg.lapack.dtgsen.html#scipy.linalg.lapack.dtgsen
note,Release notes,https://docs.scipy.org/doc/scipy/reference/generated/scipy.linalg.lapack.ctgsen.html#scipy.linalg.lapack.ctgsen
note,Release notes,https://docs.scipy.org/doc/scipy/reference/generated/scipy.linalg.lapack.ztgsen.html#scipy.linalg.lapack.ztgsen
note,Release notes,https://docs.scipy.org/doc/scipy/reference/generated/scipy.linalg.lapack.stgsen_lwork.html#scipy.linalg.lapack.stgsen_lwork
note,Release notes,https://docs.scipy.org/doc/scipy/reference/generated/scipy.linalg.lapack.dtgsen_lwork.html#scipy.linalg.lapack.dtgsen_lwork
note,Release notes,https://docs.scipy.org/doc/scipy/reference/generated/scipy.linalg.lapack.ctgsen_lwork.html#scipy.linalg.lapack.ctgsen_lwork
note,Release notes,https://docs.scipy.org/doc/scipy/reference/generated/scipy.linalg.lapack.ztgsen_lwork.html#scipy.linalg.lapack.ztgsen_lwork
note,Release notes,https://docs.scipy.org/doc/scipy/reference/generated/scipy.linalg.lapack.stgsyl.html#scipy.linalg.lapack.stgsyl
note,Release notes,https://docs.scipy.org/doc/scipy/reference/generated/scipy.linalg.lapack.dtgsyl.html#scipy.linalg.lapack.dtgsyl
note,Release notes,https://docs.scipy.org/doc/scipy/reference/generated/scipy.linalg.lapack.stpttf.html#scipy.linalg.lapack.stpttf
note,Release notes,https://docs.scipy.org/doc/scipy/reference/generated/scipy.linalg.lapack.dtpttf.html#scipy.linalg.lapack.dtpttf
note,Release notes,https://docs.scipy.org/doc/scipy/reference/generated/scipy.linalg.lapack.ctpttf.html#scipy.linalg.lapack.ctpttf
note,Release notes,https://docs.scipy.org/doc/scipy/reference/generated/scipy.linalg.lapack.ztpttf.html#scipy.linalg.lapack.ztpttf
note,Release notes,https://docs.scipy.org/doc/scipy/reference/generated/scipy.linalg.lapack.stpttr.html#scipy.linalg.lapack.stpttr
note,Release notes,https://docs.scipy.org/doc/scipy/reference/generated/scipy.linalg.lapack.dtpttr.html#scipy.linalg.lapack.dtpttr
note,Release notes,https://docs.scipy.org/doc/scipy/reference/generated/scipy.linalg.lapack.ctpttr.html#scipy.linalg.lapack.ctpttr
note,Release notes,https://docs.scipy.org/doc/scipy/reference/generated/scipy.linalg.lapack.ztpttr.html#scipy.linalg.lapack.ztpttr
note,Release notes,https://docs.scipy.org/doc/scipy/reference/generated/scipy.linalg.lapack.strexc.html#scipy.linalg.lapack.strexc
note,Release notes,https://docs.scipy.org/doc/scipy/reference/generated/scipy.linalg.lapack.dtrexc.html#scipy.linalg.lapack.dtrexc
note,Release notes,https://docs.scipy.org/doc/scipy/reference/generated/scipy.linalg.lapack.ctrexc.html#scipy.linalg.lapack.ctrexc
note,Release notes,https://docs.scipy.org/doc/scipy/reference/generated/scipy.linalg.lapack.ztrexc.html#scipy.linalg.lapack.ztrexc
note,Release notes,https://docs.scipy.org/doc/scipy/reference/generated/scipy.linalg.lapack.strsen.html#scipy.linalg.lapack.strsen
note,Release notes,https://docs.scipy.org/doc/scipy/reference/generated/scipy.linalg.lapack.dtrsen.html#scipy.linalg.lapack.dtrsen
note,Release notes,https://docs.scipy.org/doc/scipy/reference/generated/scipy.linalg.lapack.ctrsen.html#scipy.linalg.lapack.ctrsen
note,Release notes,https://docs.scipy.org/doc/scipy/reference/generated/scipy.linalg.lapack.ztrsen.html#scipy.linalg.lapack.ztrsen
note,Release notes,https://docs.scipy.org/doc/scipy/reference/generated/scipy.linalg.lapack.strsen_lwork.html#scipy.linalg.lapack.strsen_lwork
note,Release notes,https://docs.scipy.org/doc/scipy/reference/generated/scipy.linalg.lapack.dtrsen_lwork.html#scipy.linalg.lapack.dtrsen_lwork
note,Release notes,https://docs.scipy.org/doc/scipy/reference/generated/scipy.linalg.lapack.ctrsen_lwork.html#scipy.linalg.lapack.ctrsen_lwork
note,Release notes,https://docs.scipy.org/doc/scipy/reference/generated/scipy.linalg.lapack.ztrsen_lwork.html#scipy.linalg.lapack.ztrsen_lwork
note,Release notes,https://docs.scipy.org/doc/scipy/reference/generated/scipy.linalg.lapack.strsyl.html#scipy.linalg.lapack.strsyl
note,Release notes,https://docs.scipy.org/doc/scipy/reference/generated/scipy.linalg.lapack.dtrsyl.html#scipy.linalg.lapack.dtrsyl
note,Release notes,https://docs.scipy.org/doc/scipy/reference/generated/scipy.linalg.lapack.ctrsyl.html#scipy.linalg.lapack.ctrsyl
note,Release notes,https://docs.scipy.org/doc/scipy/reference/generated/scipy.linalg.lapack.ztrsyl.html#scipy.linalg.lapack.ztrsyl
note,Release notes,https://docs.scipy.org/doc/scipy/reference/generated/scipy.linalg.lapack.strtri.html#scipy.linalg.lapack.strtri
note,Release notes,https://docs.scipy.org/doc/scipy/reference/generated/scipy.linalg.lapack.dtrtri.html#scipy.linalg.lapack.dtrtri
note,Release notes,https://docs.scipy.org/doc/scipy/reference/generated/scipy.linalg.lapack.ctrtri.html#scipy.linalg.lapack.ctrtri
note,Release notes,https://docs.scipy.org/doc/scipy/reference/generated/scipy.linalg.lapack.ztrtri.html#scipy.linalg.lapack.ztrtri
note,Release notes,https://docs.scipy.org/doc/scipy/reference/generated/scipy.linalg.lapack.strtrs.html#scipy.linalg.lapack.strtrs
note,Release notes,https://docs.scipy.org/doc/scipy/reference/generated/scipy.linalg.lapack.dtrtrs.html#scipy.linalg.lapack.dtrtrs
note,Release notes,https://docs.scipy.org/doc/scipy/reference/generated/scipy.linalg.lapack.ctrtrs.html#scipy.linalg.lapack.ctrtrs
note,Release notes,https://docs.scipy.org/doc/scipy/reference/generated/scipy.linalg.lapack.ztrtrs.html#scipy.linalg.lapack.ztrtrs
note,Release notes,https://docs.scipy.org/doc/scipy/reference/generated/scipy.linalg.lapack.strttf.html#scipy.linalg.lapack.strttf
note,Release notes,https://docs.scipy.org/doc/scipy/reference/generated/scipy.linalg.lapack.dtrttf.html#scipy.linalg.lapack.dtrttf
note,Release notes,https://docs.scipy.org/doc/scipy/reference/generated/scipy.linalg.lapack.ctrttf.html#scipy.linalg.lapack.ctrttf
note,Release notes,https://docs.scipy.org/doc/scipy/reference/generated/scipy.linalg.lapack.ztrttf.html#scipy.linalg.lapack.ztrttf
note,Release notes,https://docs.scipy.org/doc/scipy/reference/generated/scipy.linalg.lapack.strttp.html#scipy.linalg.lapack.strttp
note,Release notes,https://docs.scipy.org/doc/scipy/reference/generated/scipy.linalg.lapack.dtrttp.html#scipy.linalg.lapack.dtrttp
note,Release notes,https://docs.scipy.org/doc/scipy/reference/generated/scipy.linalg.lapack.ctrttp.html#scipy.linalg.lapack.ctrttp
note,Release notes,https://docs.scipy.org/doc/scipy/reference/generated/scipy.linalg.lapack.ztrttp.html#scipy.linalg.lapack.ztrttp
note,Release notes,https://docs.scipy.org/doc/scipy/reference/generated/scipy.linalg.lapack.stzrzf.html#scipy.linalg.lapack.stzrzf
note,Release notes,https://docs.scipy.org/doc/scipy/reference/generated/scipy.linalg.lapack.dtzrzf.html#scipy.linalg.lapack.dtzrzf
note,Release notes,https://docs.scipy.org/doc/scipy/reference/generated/scipy.linalg.lapack.ctzrzf.html#scipy.linalg.lapack.ctzrzf
note,Release notes,https://docs.scipy.org/doc/scipy/reference/generated/scipy.linalg.lapack.ztzrzf.html#scipy.linalg.lapack.ztzrzf
note,Release notes,https://docs.scipy.org/doc/scipy/reference/generated/scipy.linalg.lapack.stzrzf_lwork.html#scipy.linalg.lapack.stzrzf_lwork
note,Release notes,https://docs.scipy.org/doc/scipy/reference/generated/scipy.linalg.lapack.dtzrzf_lwork.html#scipy.linalg.lapack.dtzrzf_lwork
note,Release notes,https://docs.scipy.org/doc/scipy/reference/generated/scipy.linalg.lapack.ctzrzf_lwork.html#scipy.linalg.lapack.ctzrzf_lwork
note,Release notes,https://docs.scipy.org/doc/scipy/reference/generated/scipy.linalg.lapack.ztzrzf_lwork.html#scipy.linalg.lapack.ztzrzf_lwork
note,Release notes,https://docs.scipy.org/doc/scipy/reference/generated/scipy.linalg.lapack.cunghr.html#scipy.linalg.lapack.cunghr
note,Release notes,https://docs.scipy.org/doc/scipy/reference/generated/scipy.linalg.lapack.zunghr.html#scipy.linalg.lapack.zunghr
note,Release notes,https://docs.scipy.org/doc/scipy/reference/generated/scipy.linalg.lapack.cunghr_lwork.html#scipy.linalg.lapack.cunghr_lwork
note,Release notes,https://docs.scipy.org/doc/scipy/reference/generated/scipy.linalg.lapack.zunghr_lwork.html#scipy.linalg.lapack.zunghr_lwork
note,Release notes,https://docs.scipy.org/doc/scipy/reference/generated/scipy.linalg.lapack.cungqr.html#scipy.linalg.lapack.cungqr
note,Release notes,https://docs.scipy.org/doc/scipy/reference/generated/scipy.linalg.lapack.zungqr.html#scipy.linalg.lapack.zungqr
note,Release notes,https://docs.scipy.org/doc/scipy/reference/generated/scipy.linalg.lapack.cungrq.html#scipy.linalg.lapack.cungrq
note,Release notes,https://docs.scipy.org/doc/scipy/reference/generated/scipy.linalg.lapack.zungrq.html#scipy.linalg.lapack.zungrq
note,Release notes,https://docs.scipy.org/doc/scipy/reference/generated/scipy.linalg.lapack.cunmqr.html#scipy.linalg.lapack.cunmqr
note,Release notes,https://docs.scipy.org/doc/scipy/reference/generated/scipy.linalg.lapack.zunmqr.html#scipy.linalg.lapack.zunmqr
note,Release notes,https://docs.scipy.org/doc/scipy/reference/generated/scipy.linalg.lapack.sgeqrt.html#scipy.linalg.lapack.sgeqrt
note,Release notes,https://docs.scipy.org/doc/scipy/reference/generated/scipy.linalg.lapack.dgeqrt.html#scipy.linalg.lapack.dgeqrt
note,Release notes,https://docs.scipy.org/doc/scipy/reference/generated/scipy.linalg.lapack.cgeqrt.html#scipy.linalg.lapack.cgeqrt
note,Release notes,https://docs.scipy.org/doc/scipy/reference/generated/scipy.linalg.lapack.zgeqrt.html#scipy.linalg.lapack.zgeqrt
note,Release notes,https://docs.scipy.org/doc/scipy/reference/generated/scipy.linalg.lapack.sgemqrt.html#scipy.linalg.lapack.sgemqrt
note,Release notes,https://docs.scipy.org/doc/scipy/reference/generated/scipy.linalg.lapack.dgemqrt.html#scipy.linalg.lapack.dgemqrt
note,Release notes,https://docs.scipy.org/doc/scipy/reference/generated/scipy.linalg.lapack.cgemqrt.html#scipy.linalg.lapack.cgemqrt
note,Release notes,https://docs.scipy.org/doc/scipy/reference/generated/scipy.linalg.lapack.zgemqrt.html#scipy.linalg.lapack.zgemqrt
note,Release notes,https://docs.scipy.org/doc/scipy/reference/generated/scipy.linalg.lapack.sgttrf.html#scipy.linalg.lapack.sgttrf
note,Release notes,https://docs.scipy.org/doc/scipy/reference/generated/scipy.linalg.lapack.dgttrf.html#scipy.linalg.lapack.dgttrf
note,Release notes,https://docs.scipy.org/doc/scipy/reference/generated/scipy.linalg.lapack.cgttrf.html#scipy.linalg.lapack.cgttrf
note,Release notes,https://docs.scipy.org/doc/scipy/reference/generated/scipy.linalg.lapack.zgttrf.html#scipy.linalg.lapack.zgttrf
note,Release notes,https://docs.scipy.org/doc/scipy/reference/generated/scipy.linalg.lapack.sgttrs.html#scipy.linalg.lapack.sgttrs
note,Release notes,https://docs.scipy.org/doc/scipy/reference/generated/scipy.linalg.lapack.dgttrs.html#scipy.linalg.lapack.dgttrs
note,Release notes,https://docs.scipy.org/doc/scipy/reference/generated/scipy.linalg.lapack.cgttrs.html#scipy.linalg.lapack.cgttrs
note,Release notes,https://docs.scipy.org/doc/scipy/reference/generated/scipy.linalg.lapack.zgttrs.html#scipy.linalg.lapack.zgttrs
note,Release notes,https://docs.scipy.org/doc/scipy/reference/generated/scipy.linalg.lapack.stpqrt.html#scipy.linalg.lapack.stpqrt
note,Release notes,https://docs.scipy.org/doc/scipy/reference/generated/scipy.linalg.lapack.dtpqrt.html#scipy.linalg.lapack.dtpqrt
note,Release notes,https://docs.scipy.org/doc/scipy/reference/generated/scipy.linalg.lapack.ctpqrt.html#scipy.linalg.lapack.ctpqrt
note,Release notes,https://docs.scipy.org/doc/scipy/reference/generated/scipy.linalg.lapack.ztpqrt.html#scipy.linalg.lapack.ztpqrt
note,Release notes,https://docs.scipy.org/doc/scipy/reference/generated/scipy.linalg.lapack.stpmqrt.html#scipy.linalg.lapack.stpmqrt
note,Release notes,https://docs.scipy.org/doc/scipy/reference/generated/scipy.linalg.lapack.dtpmqrt.html#scipy.linalg.lapack.dtpmqrt
note,Release notes,https://docs.scipy.org/doc/scipy/reference/generated/scipy.linalg.lapack.ctpmqrt.html#scipy.linalg.lapack.ctpmqrt
note,Release notes,https://docs.scipy.org/doc/scipy/reference/generated/scipy.linalg.lapack.ztpmqrt.html#scipy.linalg.lapack.ztpmqrt
note,Release notes,https://docs.scipy.org/doc/scipy/reference/generated/scipy.linalg.lapack.cuncsd.html#scipy.linalg.lapack.cuncsd
note,Release notes,https://docs.scipy.org/doc/scipy/reference/generated/scipy.linalg.lapack.zuncsd.html#scipy.linalg.lapack.zuncsd
note,Release notes,https://docs.scipy.org/doc/scipy/reference/generated/scipy.linalg.lapack.cuncsd_lwork.html#scipy.linalg.lapack.cuncsd_lwork
note,Release notes,https://docs.scipy.org/doc/scipy/reference/generated/scipy.linalg.lapack.zuncsd_lwork.html#scipy.linalg.lapack.zuncsd_lwork
note,Release notes,https://docs.scipy.org/doc/scipy/reference/generated/scipy.linalg.lapack.cunmrz.html#scipy.linalg.lapack.cunmrz
note,Release notes,https://docs.scipy.org/doc/scipy/reference/generated/scipy.linalg.lapack.zunmrz.html#scipy.linalg.lapack.zunmrz
note,Release notes,https://docs.scipy.org/doc/scipy/reference/generated/scipy.linalg.lapack.cunmrz_lwork.html#scipy.linalg.lapack.cunmrz_lwork
note,Release notes,https://docs.scipy.org/doc/scipy/reference/generated/scipy.linalg.lapack.zunmrz_lwork.html#scipy.linalg.lapack.zunmrz_lwork
note,Release notes,https://docs.scipy.org/doc/scipy/reference/generated/scipy.linalg.lapack.ilaver.html#scipy.linalg.lapack.ilaver
note,Release notes,https://docs.scipy.org/doc/scipy/reference/generated/scipy.linalg.interpolative.rand.html
note,Release notes,https://docs.scipy.org/doc/scipy/reference/generated/scipy.linalg.interpolative.interp_decomp.html#scipy.linalg.interpolative.interp_decomp
note,Release notes,https://docs.scipy.org/doc/scipy/reference/generated/scipy.linalg.interpolative.reconstruct_matrix_from_id.html#scipy.linalg.interpolative.reconstruct_matrix_from_id
note,Release notes,https://docs.scipy.org/doc/scipy/reference/generated/scipy.linalg.interpolative.reconstruct_interp_matrix.html#scipy.linalg.interpolative.reconstruct_interp_matrix
note,Release notes,https://docs.scipy.org/doc/scipy/reference/generated/scipy.linalg.interpolative.reconstruct_skel_matrix.html#scipy.linalg.interpolative.reconstruct_skel_matrix
note,Release notes,https://docs.scipy.org/doc/scipy/reference/generated/scipy.linalg.interpolative.id_to_svd.html#scipy.linalg.interpolative.id_to_svd
note,Release notes,https://docs.scipy.org/doc/scipy/reference/generated/scipy.linalg.interpolative.svd.html#scipy.linalg.interpolative.svd
note,Release notes,https://docs.scipy.org/doc/scipy/reference/generated/scipy.linalg.interpolative.estimate_spectral_norm.html#scipy.linalg.interpolative.estimate_spectral_norm
note,Release notes,https://docs.scipy.org/doc/scipy/reference/generated/scipy.linalg.interpolative.estimate_spectral_norm_diff.html#scipy.linalg.interpolative.estimate_spectral_norm_diff
note,Release notes,https://docs.scipy.org/doc/scipy/reference/generated/scipy.linalg.interpolative.estimate_rank.html#scipy.linalg.interpolative.estimate_rank
note,Release notes,https://docs.scipy.org/doc/scipy/reference/generated/scipy.linalg.interpolative.seed.html#scipy.linalg.interpolative.seed
note,Release notes,https://docs.scipy.org/doc/scipy/reference/generated/scipy.sparse.linalg.aslinearoperator.html#scipy.sparse.linalg.aslinearoperator
note,Notes,https://docs.scipy.org/doc/scipy/reference/generated/scipy.sparse.linalg.aslinearoperator.html#scipy.sparse.linalg.aslinearoperator
note,Release notes,https://docs.scipy.org/doc/scipy/reference/generated/scipy.signal.windows.get_window.html#scipy.signal.windows.get_window
note,Notes,https://docs.scipy.org/doc/scipy/reference/generated/scipy.signal.windows.get_window.html#scipy.signal.windows.get_window
must,"If the window requires parameters, then window must be a tuple
with the first argument the string name of the window, and the next
arguments the needed parameters.",https://docs.scipy.org/doc/scipy/reference/generated/scipy.signal.windows.get_window.html#scipy.signal.windows.get_window
note,Release notes,https://docs.scipy.org/doc/scipy/reference/generated/scipy.signal.windows.barthann.html#scipy.signal.windows.barthann
note,Release notes,https://docs.scipy.org/doc/scipy/reference/generated/scipy.signal.windows.bartlett.html#scipy.signal.windows.bartlett
note,Notes,https://docs.scipy.org/doc/scipy/reference/generated/scipy.signal.windows.bartlett.html#scipy.signal.windows.bartlett
note,"Note that convolution with this
window produces linear interpolation.",https://docs.scipy.org/doc/scipy/reference/generated/scipy.signal.windows.bartlett.html#scipy.signal.windows.bartlett
note,Note the excellent discussion in Kanasewich.,https://docs.scipy.org/doc/scipy/reference/generated/scipy.signal.windows.bartlett.html#scipy.signal.windows.bartlett
note,Release notes,https://docs.scipy.org/doc/scipy/reference/generated/scipy.signal.windows.blackman.html#scipy.signal.windows.blackman
only,"It is close to optimal, only slightly worse than a
Kaiser window.",https://docs.scipy.org/doc/scipy/reference/generated/scipy.signal.windows.blackman.html#scipy.signal.windows.blackman
note,Notes,https://docs.scipy.org/doc/scipy/reference/generated/scipy.signal.windows.blackman.html#scipy.signal.windows.blackman
note,Release notes,https://docs.scipy.org/doc/scipy/reference/generated/scipy.signal.windows.blackmanharris.html#scipy.signal.windows.blackmanharris
note,Release notes,https://docs.scipy.org/doc/scipy/reference/generated/scipy.signal.windows.bohman.html#scipy.signal.windows.bohman
note,Release notes,https://docs.scipy.org/doc/scipy/reference/generated/scipy.signal.windows.boxcar.html#scipy.signal.windows.boxcar
note,Release notes,https://docs.scipy.org/doc/scipy/reference/generated/scipy.signal.windows.chebwin.html#scipy.signal.windows.chebwin
note,Notes,https://docs.scipy.org/doc/scipy/reference/generated/scipy.signal.windows.chebwin.html#scipy.signal.windows.chebwin
note,Release notes,https://docs.scipy.org/doc/scipy/reference/generated/scipy.signal.windows.cosine.html#scipy.signal.windows.cosine
note,Notes,https://docs.scipy.org/doc/scipy/reference/generated/scipy.signal.windows.cosine.html#scipy.signal.windows.cosine
note,Release notes,https://docs.scipy.org/doc/scipy/reference/generated/scipy.signal.windows.dpss.html#scipy.signal.windows.dpss
only,"If None (default), return only a single window of shape (M,)
instead of an array of windows of shape (Kmax, M).",https://docs.scipy.org/doc/scipy/reference/generated/scipy.signal.windows.dpss.html#scipy.signal.windows.dpss
note,"If ‘approximate’ or ‘subsample’, then the windows are normalized by the
maximum, and a correction scale-factor for even-length windows
is applied either using M**2/(M**2+NW) (“approximate”) or
a FFT-based subsample shift (“subsample”), see Notes for details.",https://docs.scipy.org/doc/scipy/reference/generated/scipy.signal.windows.dpss.html#scipy.signal.windows.dpss
only,"Only returned if
return_ratios evaluates to True.",https://docs.scipy.org/doc/scipy/reference/generated/scipy.signal.windows.dpss.html#scipy.signal.windows.dpss
note,Notes,https://docs.scipy.org/doc/scipy/reference/generated/scipy.signal.windows.dpss.html#scipy.signal.windows.dpss
only,"Using a standard \(l_{\infty}\) norm would produce two unity values
for even M, but only one unity value for odd M.",https://docs.scipy.org/doc/scipy/reference/generated/scipy.signal.windows.dpss.html#scipy.signal.windows.dpss
note,Release notes,https://docs.scipy.org/doc/scipy/reference/generated/scipy.signal.windows.exponential.html#scipy.signal.windows.exponential
must,"This
parameter must take its default value for symmetric windows.",https://docs.scipy.org/doc/scipy/reference/generated/scipy.signal.windows.exponential.html#scipy.signal.windows.exponential
note,Notes,https://docs.scipy.org/doc/scipy/reference/generated/scipy.signal.windows.exponential.html#scipy.signal.windows.exponential
note,Release notes,https://docs.scipy.org/doc/scipy/reference/generated/scipy.signal.windows.flattop.html#scipy.signal.windows.flattop
note,Notes,https://docs.scipy.org/doc/scipy/reference/generated/scipy.signal.windows.flattop.html#scipy.signal.windows.flattop
note,Release notes,https://docs.scipy.org/doc/scipy/reference/generated/scipy.signal.windows.general_cosine.html#scipy.signal.windows.general_cosine
note,Release notes,https://docs.scipy.org/doc/scipy/reference/generated/scipy.signal.windows.general_gaussian.html#scipy.signal.windows.general_gaussian
note,Notes,https://docs.scipy.org/doc/scipy/reference/generated/scipy.signal.windows.general_gaussian.html#scipy.signal.windows.general_gaussian
note,Release notes,https://docs.scipy.org/doc/scipy/reference/generated/scipy.signal.windows.general_hamming.html#scipy.signal.windows.general_hamming
note,Notes,https://docs.scipy.org/doc/scipy/reference/generated/scipy.signal.windows.general_hamming.html#scipy.signal.windows.general_hamming
note,Release notes,https://docs.scipy.org/doc/scipy/reference/generated/scipy.signal.windows.hamming.html#scipy.signal.windows.hamming
note,Notes,https://docs.scipy.org/doc/scipy/reference/generated/scipy.signal.windows.hamming.html#scipy.signal.windows.hamming
note,Release notes,https://docs.scipy.org/doc/scipy/reference/generated/scipy.signal.windows.hann.html#scipy.signal.windows.hann
note,Notes,https://docs.scipy.org/doc/scipy/reference/generated/scipy.signal.windows.hann.html#scipy.signal.windows.hann
note,Release notes,https://docs.scipy.org/doc/scipy/reference/generated/scipy.signal.windows.kaiser.html#scipy.signal.windows.kaiser
note,Notes,https://docs.scipy.org/doc/scipy/reference/generated/scipy.signal.windows.kaiser.html#scipy.signal.windows.kaiser
note,"Note that as beta
gets large, the window narrows, and so the number of samples needs to be
large enough to sample the increasingly narrow spike, otherwise NaNs will
be returned.",https://docs.scipy.org/doc/scipy/reference/generated/scipy.signal.windows.kaiser.html#scipy.signal.windows.kaiser
note,Release notes,https://docs.scipy.org/doc/scipy/reference/generated/scipy.signal.windows.kaiser_bessel_derived.html#scipy.signal.windows.kaiser_bessel_derived
note,"Note that this window is only defined for an even
number of points.",https://docs.scipy.org/doc/scipy/reference/generated/scipy.signal.windows.kaiser_bessel_derived.html#scipy.signal.windows.kaiser_bessel_derived
only,"Note that this window is only defined for an even
number of points.",https://docs.scipy.org/doc/scipy/reference/generated/scipy.signal.windows.kaiser_bessel_derived.html#scipy.signal.windows.kaiser_bessel_derived
only,"This parameter only exists to comply with the interface offered by
the other window functions and to be callable by get_window.",https://docs.scipy.org/doc/scipy/reference/generated/scipy.signal.windows.kaiser_bessel_derived.html#scipy.signal.windows.kaiser_bessel_derived
note,Notes,https://docs.scipy.org/doc/scipy/reference/generated/scipy.signal.windows.kaiser_bessel_derived.html#scipy.signal.windows.kaiser_bessel_derived
note,Release notes,https://docs.scipy.org/doc/scipy/reference/generated/scipy.signal.windows.lanczos.html#scipy.signal.windows.lanczos
note,Notes,https://docs.scipy.org/doc/scipy/reference/generated/scipy.signal.windows.lanczos.html#scipy.signal.windows.lanczos
note,Release notes,https://docs.scipy.org/doc/scipy/reference/generated/scipy.signal.windows.nuttall.html#scipy.signal.windows.nuttall
note,Release notes,https://docs.scipy.org/doc/scipy/reference/generated/scipy.signal.windows.parzen.html#scipy.signal.windows.parzen
note,Release notes,https://docs.scipy.org/doc/scipy/reference/generated/scipy.signal.windows.taylor.html#scipy.signal.windows.taylor
only,"The SAR (synthetic aperture radar) community commonly uses Taylor
weighting for image formation processing because it provides strong,
selectable sidelobe suppression with minimum broadening of the
mainlobe [1].",https://docs.scipy.org/doc/scipy/reference/generated/scipy.signal.windows.taylor.html#scipy.signal.windows.taylor
should,This should be a positive number.,https://docs.scipy.org/doc/scipy/reference/generated/scipy.signal.windows.taylor.html#scipy.signal.windows.taylor
note,Release notes,https://docs.scipy.org/doc/scipy/reference/generated/scipy.signal.windows.triang.html#scipy.signal.windows.triang
note,Release notes,https://docs.scipy.org/doc/scipy/reference/generated/scipy.signal.windows.tukey.html#scipy.signal.windows.tukey
note,Release notes,https://docs.scipy.org/doc/scipy/reference/generated/scipy.sparse.linalg.inv.html#scipy.sparse.linalg.inv
note,Notes,https://docs.scipy.org/doc/scipy/reference/generated/scipy.sparse.linalg.inv.html#scipy.sparse.linalg.inv
note,Release notes,https://docs.scipy.org/doc/scipy/reference/generated/scipy.sparse.linalg.expm.html#scipy.sparse.linalg.expm
note,Notes,https://docs.scipy.org/doc/scipy/reference/generated/scipy.sparse.linalg.expm.html#scipy.sparse.linalg.expm
note,Release notes,https://docs.scipy.org/doc/scipy/reference/generated/scipy.sparse.linalg.expm_multiply.html#scipy.sparse.linalg.expm_multiply
note,Note that the step size changes when endpoint is False.,https://docs.scipy.org/doc/scipy/reference/generated/scipy.sparse.linalg.expm_multiply.html#scipy.sparse.linalg.expm_multiply
should,"For linear operators, traceA should be provided to ensure performance
as the estimation is not guaranteed to be reliable for all cases.",https://docs.scipy.org/doc/scipy/reference/generated/scipy.sparse.linalg.expm_multiply.html#scipy.sparse.linalg.expm_multiply
note,Notes,https://docs.scipy.org/doc/scipy/reference/generated/scipy.sparse.linalg.expm_multiply.html#scipy.sparse.linalg.expm_multiply
note,Release notes,https://docs.scipy.org/doc/scipy/reference/generated/scipy.sparse.linalg.matrix_power.html#scipy.sparse.linalg.matrix_power
not support,Negative integers are not supported.,https://docs.scipy.org/doc/scipy/reference/generated/scipy.sparse.linalg.matrix_power.html#scipy.sparse.linalg.matrix_power
note,Notes,https://docs.scipy.org/doc/scipy/reference/generated/scipy.sparse.linalg.matrix_power.html#scipy.sparse.linalg.matrix_power
note,Release notes,https://docs.scipy.org/doc/scipy/reference/generated/scipy.sparse.linalg.norm.html#scipy.sparse.linalg.norm
note,Order of the norm (see table under Notes).,https://docs.scipy.org/doc/scipy/reference/generated/scipy.sparse.linalg.norm.html#scipy.sparse.linalg.norm
note,Notes,https://docs.scipy.org/doc/scipy/reference/generated/scipy.sparse.linalg.norm.html#scipy.sparse.linalg.norm
note,Release notes,https://docs.scipy.org/doc/scipy/reference/generated/scipy.sparse.linalg.onenormest.html#scipy.sparse.linalg.onenormest
note,Notes,https://docs.scipy.org/doc/scipy/reference/generated/scipy.sparse.linalg.onenormest.html#scipy.sparse.linalg.onenormest
note,Release notes,https://docs.scipy.org/doc/scipy/reference/generated/scipy.sparse.linalg.spsolve.html#scipy.sparse.linalg.spsolve
must,"shape must be (n,) or (n, 1).",https://docs.scipy.org/doc/scipy/reference/generated/scipy.sparse.linalg.spsolve.html#scipy.sparse.linalg.spsolve
only,"This is only referenced if b is a vector and
scikits.",https://docs.scipy.org/doc/scipy/reference/generated/scipy.sparse.linalg.spsolve.html#scipy.sparse.linalg.spsolve
note,Notes,https://docs.scipy.org/doc/scipy/reference/generated/scipy.sparse.linalg.spsolve.html#scipy.sparse.linalg.spsolve
note,Release notes,https://docs.scipy.org/doc/scipy/reference/generated/scipy.sparse.linalg.spsolve_triangular.html#scipy.sparse.linalg.spsolve_triangular
should,Should be in CSR format.,https://docs.scipy.org/doc/scipy/reference/generated/scipy.sparse.linalg.spsolve_triangular.html#scipy.sparse.linalg.spsolve_triangular
should,"If overwrite_b is True, it should be ensured that
b has an appropriate dtype to be able to store the result.",https://docs.scipy.org/doc/scipy/reference/generated/scipy.sparse.linalg.spsolve_triangular.html#scipy.sparse.linalg.spsolve_triangular
note,Notes,https://docs.scipy.org/doc/scipy/reference/generated/scipy.sparse.linalg.spsolve_triangular.html#scipy.sparse.linalg.spsolve_triangular
note,Release notes,https://docs.scipy.org/doc/scipy/reference/generated/scipy.sparse.linalg.factorized.html#scipy.sparse.linalg.factorized
should,"To solve the linear system of equations given in A, the solve
callable should be passed an ndarray of shape (N,).",https://docs.scipy.org/doc/scipy/reference/generated/scipy.sparse.linalg.factorized.html#scipy.sparse.linalg.factorized
note,Release notes,https://docs.scipy.org/doc/scipy/reference/generated/scipy.sparse.linalg.MatrixRankWarning.html#scipy.sparse.linalg.MatrixRankWarning
warning,"MatrixRankWarning
    
   
  
  
   
    
     
      
       MatrixRankWarning.",https://docs.scipy.org/doc/scipy/reference/generated/scipy.sparse.linalg.MatrixRankWarning.html#scipy.sparse.linalg.MatrixRankWarning
warning,MatrixRankWarning.,https://docs.scipy.org/doc/scipy/reference/generated/scipy.sparse.linalg.MatrixRankWarning.html#scipy.sparse.linalg.MatrixRankWarning
note,Release notes,https://docs.scipy.org/doc/scipy/reference/generated/scipy.sparse.linalg.use_solver.html#scipy.sparse.linalg.use_solver
only,"Has effect only
if scikits.",https://docs.scipy.org/doc/scipy/reference/generated/scipy.sparse.linalg.use_solver.html#scipy.sparse.linalg.use_solver
only,Has effect only if useUmfpack is True and scikits.,https://docs.scipy.org/doc/scipy/reference/generated/scipy.sparse.linalg.use_solver.html#scipy.sparse.linalg.use_solver
note,Notes,https://docs.scipy.org/doc/scipy/reference/generated/scipy.sparse.linalg.use_solver.html#scipy.sparse.linalg.use_solver
note,Release notes,https://docs.scipy.org/doc/scipy/reference/generated/scipy.sparse.linalg.bicg.html#scipy.sparse.linalg.bicg
should,"For convergence,
norm(b - A @ x) <= max(rtol*norm(b), atol) should be satisfied.",https://docs.scipy.org/doc/scipy/reference/generated/scipy.sparse.linalg.bicg.html#scipy.sparse.linalg.bicg
should,"The preconditioner should approximate the
inverse of A.",https://docs.scipy.org/doc/scipy/reference/generated/scipy.sparse.linalg.bicg.html#scipy.sparse.linalg.bicg
note,Release notes,https://docs.scipy.org/doc/scipy/reference/generated/scipy.sparse.linalg.bicgstab.html#scipy.sparse.linalg.bicgstab
should,"For convergence,
norm(b - A @ x) <= max(rtol*norm(b), atol) should be satisfied.",https://docs.scipy.org/doc/scipy/reference/generated/scipy.sparse.linalg.bicgstab.html#scipy.sparse.linalg.bicgstab
should,"The preconditioner should approximate the
inverse of A.",https://docs.scipy.org/doc/scipy/reference/generated/scipy.sparse.linalg.bicgstab.html#scipy.sparse.linalg.bicgstab
note,Release notes,https://docs.scipy.org/doc/scipy/reference/generated/scipy.sparse.linalg.cg.html#scipy.sparse.linalg.cg
must,"A must represent a hermitian, positive definite matrix.",https://docs.scipy.org/doc/scipy/reference/generated/scipy.sparse.linalg.cg.html#scipy.sparse.linalg.cg
should,"For convergence,
norm(b - A @ x) <= max(rtol*norm(b), atol) should be satisfied.",https://docs.scipy.org/doc/scipy/reference/generated/scipy.sparse.linalg.cg.html#scipy.sparse.linalg.cg
should,"The preconditioner should approximate the
inverse of A.",https://docs.scipy.org/doc/scipy/reference/generated/scipy.sparse.linalg.cg.html#scipy.sparse.linalg.cg
note,Release notes,https://docs.scipy.org/doc/scipy/reference/generated/scipy.sparse.linalg.cgs.html#scipy.sparse.linalg.cgs
should,"For convergence,
norm(b - A @ x) <= max(rtol*norm(b), atol) should be satisfied.",https://docs.scipy.org/doc/scipy/reference/generated/scipy.sparse.linalg.cgs.html#scipy.sparse.linalg.cgs
should,"The preconditioner should approximate the
inverse of A.",https://docs.scipy.org/doc/scipy/reference/generated/scipy.sparse.linalg.cgs.html#scipy.sparse.linalg.cgs
note,Release notes,https://docs.scipy.org/doc/scipy/reference/generated/scipy.sparse.linalg.gmres.html#scipy.sparse.linalg.gmres
should,"For convergence,
norm(b - A @ x) <= max(rtol*norm(b), atol) should be satisfied.",https://docs.scipy.org/doc/scipy/reference/generated/scipy.sparse.linalg.gmres.html#scipy.sparse.linalg.gmres
note,"M should approximate the
inverse of A and be easy to solve for (see Notes).",https://docs.scipy.org/doc/scipy/reference/generated/scipy.sparse.linalg.gmres.html#scipy.sparse.linalg.gmres
should,"M should approximate the
inverse of A and be easy to solve for (see Notes).",https://docs.scipy.org/doc/scipy/reference/generated/scipy.sparse.linalg.gmres.html#scipy.sparse.linalg.gmres
note,Notes,https://docs.scipy.org/doc/scipy/reference/generated/scipy.sparse.linalg.gmres.html#scipy.sparse.linalg.gmres
should,"The inverse should preferably not be calculated
explicitly.",https://docs.scipy.org/doc/scipy/reference/generated/scipy.sparse.linalg.gmres.html#scipy.sparse.linalg.gmres
note,Release notes,https://docs.scipy.org/doc/scipy/reference/generated/scipy.sparse.linalg.lgmres.html#scipy.sparse.linalg.lgmres
should,"For convergence,
norm(b - A @ x) <= max(rtol*norm(b), atol) should be satisfied.",https://docs.scipy.org/doc/scipy/reference/generated/scipy.sparse.linalg.lgmres.html#scipy.sparse.linalg.lgmres
warning,Warning,https://docs.scipy.org/doc/scipy/reference/generated/scipy.sparse.linalg.lgmres.html#scipy.sparse.linalg.lgmres
should,"The preconditioner should approximate the
inverse of A.",https://docs.scipy.org/doc/scipy/reference/generated/scipy.sparse.linalg.lgmres.html#scipy.sparse.linalg.lgmres
note,"However, note that if you want to use the additional vectors to
accelerate solving multiple similar problems, larger values may
be beneficial.",https://docs.scipy.org/doc/scipy/reference/generated/scipy.sparse.linalg.lgmres.html#scipy.sparse.linalg.lgmres
should,"The element Av can
be None if the matrix-vector product should be re-evaluated.",https://docs.scipy.org/doc/scipy/reference/generated/scipy.sparse.linalg.lgmres.html#scipy.sparse.linalg.lgmres
should,"Whether LGMRES should store also A@v in addition to vectors v
in the outer_v list.",https://docs.scipy.org/doc/scipy/reference/generated/scipy.sparse.linalg.lgmres.html#scipy.sparse.linalg.lgmres
note,Notes,https://docs.scipy.org/doc/scipy/reference/generated/scipy.sparse.linalg.lgmres.html#scipy.sparse.linalg.lgmres
note,Release notes,https://docs.scipy.org/doc/scipy/reference/generated/scipy.sparse.linalg.minres.html#scipy.sparse.linalg.minres
should,"The preconditioner should approximate the
inverse of A.",https://docs.scipy.org/doc/scipy/reference/generated/scipy.sparse.linalg.minres.html#scipy.sparse.linalg.minres
note,Release notes,https://docs.scipy.org/doc/scipy/reference/generated/scipy.sparse.linalg.qmr.html#scipy.sparse.linalg.qmr
should,"For convergence,
norm(b - A @ x) <= max(rtol*norm(b), atol) should be satisfied.",https://docs.scipy.org/doc/scipy/reference/generated/scipy.sparse.linalg.qmr.html#scipy.sparse.linalg.qmr
should,"The matrix M1@A@M2 should have better
conditioned than A alone.",https://docs.scipy.org/doc/scipy/reference/generated/scipy.sparse.linalg.qmr.html#scipy.sparse.linalg.qmr
note,Release notes,https://docs.scipy.org/doc/scipy/reference/generated/scipy.sparse.linalg.gcrotmk.html#scipy.sparse.linalg.gcrotmk
should,"For convergence,
norm(b - A @ x) <= max(rtol*norm(b), atol) should be satisfied.",https://docs.scipy.org/doc/scipy/reference/generated/scipy.sparse.linalg.gcrotmk.html#scipy.sparse.linalg.gcrotmk
warning,Warning,https://docs.scipy.org/doc/scipy/reference/generated/scipy.sparse.linalg.gcrotmk.html#scipy.sparse.linalg.gcrotmk
should,"The preconditioner should approximate the
inverse of A.",https://docs.scipy.org/doc/scipy/reference/generated/scipy.sparse.linalg.gcrotmk.html#scipy.sparse.linalg.gcrotmk
note,Release notes,https://docs.scipy.org/doc/scipy/reference/generated/scipy.sparse.linalg.tfqmr.html#scipy.sparse.linalg.tfqmr
should,"For convergence,
norm(b - A @ x) <= max(rtol*norm(b), atol) should be satisfied.",https://docs.scipy.org/doc/scipy/reference/generated/scipy.sparse.linalg.tfqmr.html#scipy.sparse.linalg.tfqmr
warning,Warning,https://docs.scipy.org/doc/scipy/reference/generated/scipy.sparse.linalg.tfqmr.html#scipy.sparse.linalg.tfqmr
note,"M should approximate the
inverse of A and be easy to solve for (see Notes).",https://docs.scipy.org/doc/scipy/reference/generated/scipy.sparse.linalg.tfqmr.html#scipy.sparse.linalg.tfqmr
should,"M should approximate the
inverse of A and be easy to solve for (see Notes).",https://docs.scipy.org/doc/scipy/reference/generated/scipy.sparse.linalg.tfqmr.html#scipy.sparse.linalg.tfqmr
note,Notes,https://docs.scipy.org/doc/scipy/reference/generated/scipy.sparse.linalg.tfqmr.html#scipy.sparse.linalg.tfqmr
note,Release notes,https://docs.scipy.org/doc/scipy/reference/generated/scipy.sparse.linalg.lsqr.html#scipy.sparse.linalg.lsqr
should,"0e-6 (default),
the final norm(r) should be accurate to about 6
digits.",https://docs.scipy.org/doc/scipy/reference/generated/scipy.sparse.linalg.lsqr.html#scipy.sparse.linalg.lsqr
should,"Ideally, they should be estimates of the relative error in the
entries of A and b respectively.",https://docs.scipy.org/doc/scipy/reference/generated/scipy.sparse.linalg.lsqr.html#scipy.sparse.linalg.lsqr
should,"For
least-squares problems, conlim should be less than 1.",https://docs.scipy.org/doc/scipy/reference/generated/scipy.sparse.linalg.lsqr.html#scipy.sparse.linalg.lsqr
note,Notes,https://docs.scipy.org/doc/scipy/reference/generated/scipy.sparse.linalg.lsqr.html#scipy.sparse.linalg.lsqr
should,"Poor scaling of the rows
or columns of A should therefore be avoided where possible.",https://docs.scipy.org/doc/scipy/reference/generated/scipy.sparse.linalg.lsqr.html#scipy.sparse.linalg.lsqr
should,"If a row of A is very small or large compared to
the other rows of A, the corresponding row of ( A  b ) should be
scaled up or down.",https://docs.scipy.org/doc/scipy/reference/generated/scipy.sparse.linalg.lsqr.html#scipy.sparse.linalg.lsqr
should,"Unless better information is known,
the nonzero columns of A should be scaled so that they all have
the same Euclidean norm (e.",https://docs.scipy.org/doc/scipy/reference/generated/scipy.sparse.linalg.lsqr.html#scipy.sparse.linalg.lsqr
only,"However, the value of damp should be assigned only
after attention has been paid to the scaling of A.",https://docs.scipy.org/doc/scipy/reference/generated/scipy.sparse.linalg.lsqr.html#scipy.sparse.linalg.lsqr
should,"However, the value of damp should be assigned only
after attention has been paid to the scaling of A.",https://docs.scipy.org/doc/scipy/reference/generated/scipy.sparse.linalg.lsqr.html#scipy.sparse.linalg.lsqr
should,"If the same stopping tolerances atol and btol are used for each
system, k1 and k2 will be similar, but the final solution x0 + dx
should be more accurate.",https://docs.scipy.org/doc/scipy/reference/generated/scipy.sparse.linalg.lsqr.html#scipy.sparse.linalg.lsqr
only,"The only way to reduce the total work
is to use a larger stopping tolerance for the second system.",https://docs.scipy.org/doc/scipy/reference/generated/scipy.sparse.linalg.lsqr.html#scipy.sparse.linalg.lsqr
should,"If some value btol is suitable for A@x = b, the larger value
btol*norm(b)/norm(r0)  should be suitable for A@dx = r0.",https://docs.scipy.org/doc/scipy/reference/generated/scipy.sparse.linalg.lsqr.html#scipy.sparse.linalg.lsqr
should,"If A is symmetric, LSQR should not be used!",https://docs.scipy.org/doc/scipy/reference/generated/scipy.sparse.linalg.lsqr.html#scipy.sparse.linalg.lsqr
note,Release notes,https://docs.scipy.org/doc/scipy/reference/generated/scipy.sparse.linalg.lsmr.html#scipy.sparse.linalg.lsmr
should,"0e-6 (default),
the final norm(r) should be accurate to about 6
digits.",https://docs.scipy.org/doc/scipy/reference/generated/scipy.sparse.linalg.lsmr.html#scipy.sparse.linalg.lsmr
should,"Ideally, they should be estimates of the relative error in the
entries of A and b respectively.",https://docs.scipy.org/doc/scipy/reference/generated/scipy.sparse.linalg.lsmr.html#scipy.sparse.linalg.lsmr
should,"For least-squares problems,
conlim should be less than 1.",https://docs.scipy.org/doc/scipy/reference/generated/scipy.sparse.linalg.lsmr.html#scipy.sparse.linalg.lsmr
note,Notes,https://docs.scipy.org/doc/scipy/reference/generated/scipy.sparse.linalg.lsmr.html#scipy.sparse.linalg.lsmr
note,Release notes,https://docs.scipy.org/doc/scipy/reference/generated/scipy.sparse.linalg.lobpcg.html#scipy.sparse.linalg.lobpcg
must,"If A has shape=(n,n) then X must have shape=(n,k).",https://docs.scipy.org/doc/scipy/reference/generated/scipy.sparse.linalg.lobpcg.html#scipy.sparse.linalg.lobpcg
must,Must be Hermitian positive definite.,https://docs.scipy.org/doc/scipy/reference/generated/scipy.sparse.linalg.lobpcg.html#scipy.sparse.linalg.lobpcg
must,Y must be full rank if present.,https://docs.scipy.org/doc/scipy/reference/generated/scipy.sparse.linalg.lobpcg.html#scipy.sparse.linalg.lobpcg
note,Notes,https://docs.scipy.org/doc/scipy/reference/generated/scipy.sparse.linalg.lobpcg.html#scipy.sparse.linalg.lobpcg
note,"In the following n denotes the matrix size and k the number
of required eigenvalues (smallest or largest).",https://docs.scipy.org/doc/scipy/reference/generated/scipy.sparse.linalg.lobpcg.html#scipy.sparse.linalg.lobpcg
should,"It is not that n should be large for the LOBPCG to work, but rather the
ratio n / k should be large.",https://docs.scipy.org/doc/scipy/reference/generated/scipy.sparse.linalg.lobpcg.html#scipy.sparse.linalg.lobpcg
must,X must have linearly independent columns.,https://docs.scipy.org/doc/scipy/reference/generated/scipy.sparse.linalg.lobpcg.html#scipy.sparse.linalg.lobpcg
only,"If no initial approximations available, randomly oriented vectors
commonly work best, e.",https://docs.scipy.org/doc/scipy/reference/generated/scipy.sparse.linalg.lobpcg.html#scipy.sparse.linalg.lobpcg
only,"lobpcg needs only access the matrix product with A rather
then the matrix itself.",https://docs.scipy.org/doc/scipy/reference/generated/scipy.sparse.linalg.lobpcg.html#scipy.sparse.linalg.lobpcg
only,"Since the matrix A is diagonal in
this example, one can write a function of the matrix product
A @ X using the diagonal values vals only, e.",https://docs.scipy.org/doc/scipy/reference/generated/scipy.sparse.linalg.lobpcg.html#scipy.sparse.linalg.lobpcg
must,"Constraints - an optional input parameter is a 2D array comprising
of column vectors that the eigenvectors must be orthogonal to",https://docs.scipy.org/doc/scipy/reference/generated/scipy.sparse.linalg.lobpcg.html#scipy.sparse.linalg.lobpcg
only,With preconditioning we need only 20 iterations from the same X,https://docs.scipy.org/doc/scipy/reference/generated/scipy.sparse.linalg.lobpcg.html#scipy.sparse.linalg.lobpcg
note,"Note that the vectors passed in Y are the eigenvectors of the 3
smallest eigenvalues.",https://docs.scipy.org/doc/scipy/reference/generated/scipy.sparse.linalg.lobpcg.html#scipy.sparse.linalg.lobpcg
note,Release notes,https://docs.scipy.org/doc/scipy/reference/generated/scipy.sparse.linalg.svds.html#scipy.sparse.linalg.svds
must,"Must satisfy 1 <= k <= kmax, where kmax=min(M, N) for
solver='propack' and kmax=min(M, N) - 1 otherwise.",https://docs.scipy.org/doc/scipy/reference/generated/scipy.sparse.linalg.svds.html#scipy.sparse.linalg.svds
only,"""u"": if M <= N, compute only the left singular vectors and
return None for the right singular vectors.",https://docs.scipy.org/doc/scipy/reference/generated/scipy.sparse.linalg.svds.html#scipy.sparse.linalg.svds
only,"""u"": if M <= N, compute only the left singular vectors and
return None for the right singular vectors.",https://docs.scipy.org/doc/scipy/reference/generated/scipy.sparse.linalg.svds.html#scipy.sparse.linalg.svds
only,"""vh"": if M > N, compute only the right singular vectors and
return None for the left singular vectors.",https://docs.scipy.org/doc/scipy/reference/generated/scipy.sparse.linalg.svds.html#scipy.sparse.linalg.svds
only,"""vh"": if M > N, compute only the right singular vectors and
return None for the left singular vectors.",https://docs.scipy.org/doc/scipy/reference/generated/scipy.sparse.linalg.svds.html#scipy.sparse.linalg.svds
note,Notes,https://docs.scipy.org/doc/scipy/reference/generated/scipy.sparse.linalg.svds.html#scipy.sparse.linalg.svds
only,"Only solver=""lobpcg"" supports all floating point dtypes
real: ‘np.",https://docs.scipy.org/doc/scipy/reference/generated/scipy.sparse.linalg.svds.html#scipy.sparse.linalg.svds
only,"The solver=""arpack"" supports only
‘np.",https://docs.scipy.org/doc/scipy/reference/generated/scipy.sparse.linalg.svds.html#scipy.sparse.linalg.svds
only,"With only four singular values/vectors, the SVD approximates the original
matrix.",https://docs.scipy.org/doc/scipy/reference/generated/scipy.sparse.linalg.svds.html#scipy.sparse.linalg.svds
only,Let us create the matrix from ‘diff0’ to be used for validation only.,https://docs.scipy.org/doc/scipy/reference/generated/scipy.sparse.linalg.svds.html#scipy.sparse.linalg.svds
note,Release notes,https://docs.scipy.org/doc/scipy/reference/sparse.linalg.svds-arpack.html
must,"Must satisfy 1 <= k <= min(M, N) - 1.",https://docs.scipy.org/doc/scipy/reference/sparse.linalg.svds-arpack.html
must,"If specified, must satistify k + 1 < ncv < min(M, N); ncv > 2*k
is recommended.",https://docs.scipy.org/doc/scipy/reference/sparse.linalg.svds-arpack.html
must,"Must be of length min(M, N).",https://docs.scipy.org/doc/scipy/reference/sparse.linalg.svds-arpack.html
only,"""u"": if M <= N, compute only the left singular vectors and
return None for the right singular vectors.",https://docs.scipy.org/doc/scipy/reference/sparse.linalg.svds-arpack.html
only,"""u"": if M <= N, compute only the left singular vectors and
return None for the right singular vectors.",https://docs.scipy.org/doc/scipy/reference/sparse.linalg.svds-arpack.html
only,"""vh"": if M > N, compute only the right singular vectors and
return None for the left singular vectors.",https://docs.scipy.org/doc/scipy/reference/sparse.linalg.svds-arpack.html
only,"""vh"": if M > N, compute only the right singular vectors and
return None for the left singular vectors.",https://docs.scipy.org/doc/scipy/reference/sparse.linalg.svds-arpack.html
note,Notes,https://docs.scipy.org/doc/scipy/reference/sparse.linalg.svds-arpack.html
only,"With only three singular values/vectors, the SVD approximates the original
matrix.",https://docs.scipy.org/doc/scipy/reference/sparse.linalg.svds-arpack.html
note,Release notes,https://docs.scipy.org/doc/scipy/reference/sparse.linalg.svds-lobpcg.html
must,"Must satisfy 1 <= k <= min(M, N) - 1.",https://docs.scipy.org/doc/scipy/reference/sparse.linalg.svds-lobpcg.html
must,"Must be of length min(M, N).",https://docs.scipy.org/doc/scipy/reference/sparse.linalg.svds-lobpcg.html
only,"""u"": if M <= N, compute only the left singular vectors and
return None for the right singular vectors.",https://docs.scipy.org/doc/scipy/reference/sparse.linalg.svds-lobpcg.html
only,"""u"": if M <= N, compute only the left singular vectors and
return None for the right singular vectors.",https://docs.scipy.org/doc/scipy/reference/sparse.linalg.svds-lobpcg.html
only,"""vh"": if M > N, compute only the right singular vectors and
return None for the left singular vectors.",https://docs.scipy.org/doc/scipy/reference/sparse.linalg.svds-lobpcg.html
only,"""vh"": if M > N, compute only the right singular vectors and
return None for the left singular vectors.",https://docs.scipy.org/doc/scipy/reference/sparse.linalg.svds-lobpcg.html
note,Notes,https://docs.scipy.org/doc/scipy/reference/sparse.linalg.svds-lobpcg.html
only,"With only three singular values/vectors, the SVD approximates the original
matrix.",https://docs.scipy.org/doc/scipy/reference/sparse.linalg.svds-lobpcg.html
note,Release notes,https://docs.scipy.org/doc/scipy/reference/sparse.linalg.svds-propack.html
must,"If A is a LinearOperator
object, it must define both matvec and rmatvec methods.",https://docs.scipy.org/doc/scipy/reference/sparse.linalg.svds-propack.html
must,"Must satisfy 1 <= k <= min(M, N).",https://docs.scipy.org/doc/scipy/reference/sparse.linalg.svds-propack.html
note,"Note that choosing
which='SM' will force the irl option to be set True.",https://docs.scipy.org/doc/scipy/reference/sparse.linalg.svds-propack.html
must,Starting vector for iterations: must be of length A.,https://docs.scipy.org/doc/scipy/reference/sparse.linalg.svds-propack.html
only,"""u"": compute only the left singular vectors; return None for
the right singular vectors.",https://docs.scipy.org/doc/scipy/reference/sparse.linalg.svds-propack.html
only,"""u"": compute only the left singular vectors; return None for
the right singular vectors.",https://docs.scipy.org/doc/scipy/reference/sparse.linalg.svds-propack.html
only,"""vh"": compute only the right singular vectors; return None
for the left singular vectors.",https://docs.scipy.org/doc/scipy/reference/sparse.linalg.svds-propack.html
only,"""vh"": compute only the right singular vectors; return None
for the left singular vectors.",https://docs.scipy.org/doc/scipy/reference/sparse.linalg.svds-propack.html
note,Notes,https://docs.scipy.org/doc/scipy/reference/sparse.linalg.svds-propack.html
only,"With only three singular values/vectors, the SVD approximates the original
matrix.",https://docs.scipy.org/doc/scipy/reference/sparse.linalg.svds-propack.html
note,Release notes,https://docs.scipy.org/doc/scipy/reference/generated/scipy.sparse.linalg.SuperLU.html#scipy.sparse.linalg.SuperLU
note,Notes,https://docs.scipy.org/doc/scipy/reference/generated/scipy.sparse.linalg.SuperLU.html#scipy.sparse.linalg.SuperLU
note,Release notes,https://docs.scipy.org/doc/scipy/reference/generated/scipy.sparse.linalg.LaplacianNd.html#scipy.sparse.linalg.LaplacianNd
note,Notes,https://docs.scipy.org/doc/scipy/reference/generated/scipy.sparse.linalg.LaplacianNd.html#scipy.sparse.linalg.LaplacianNd
only,"Compared to the MATLAB/Octave implementation [1] of 1-, 2-, and 3-D
Laplacian, this code allows the arbitrary N-D case and the matrix-free
callable option, but is currently limited to pure Dirichlet, Neumann or
Periodic boundary conditions only.",https://docs.scipy.org/doc/scipy/reference/generated/scipy.sparse.linalg.LaplacianNd.html#scipy.sparse.linalg.LaplacianNd
note,Release notes,https://docs.scipy.org/doc/scipy/reference/generated/scipy.sparse.linalg.ArpackNoConvergence.html#scipy.sparse.linalg.ArpackNoConvergence
note,Release notes,https://docs.scipy.org/doc/scipy/reference/generated/scipy.sparse.linalg.ArpackError.html#scipy.sparse.linalg.ArpackError
note,Release notes,https://docs.scipy.org/doc/scipy/reference/generated/scipy.sparse.csgraph.reconstruct_path.html
only,"If True (default), then operate on a directed graph: only move from
point i to point j along paths csgraph[i, j].",https://docs.scipy.org/doc/scipy/reference/generated/scipy.sparse.csgraph.reconstruct_path.html
note,Release notes,https://docs.scipy.org/doc/scipy/reference/generated/scipy.sparse.csgraph.connected_components.html#scipy.sparse.csgraph.connected_components
only,"If True (default), then operate on a directed graph: only
move from point i to point j along paths csgraph[i, j].",https://docs.scipy.org/doc/scipy/reference/generated/scipy.sparse.csgraph.connected_components.html#scipy.sparse.csgraph.connected_components
note,Release notes,https://docs.scipy.org/doc/scipy/reference/generated/scipy.sparse.csgraph.laplacian.html#scipy.sparse.csgraph.laplacian
only,This distinction matters only if the graph is asymmetric.,https://docs.scipy.org/doc/scipy/reference/generated/scipy.sparse.csgraph.laplacian.html#scipy.sparse.csgraph.laplacian
note,Notes,https://docs.scipy.org/doc/scipy/reference/generated/scipy.sparse.csgraph.laplacian.html#scipy.sparse.csgraph.laplacian
only,",
is commonly used for spectral data embedding and clustering.",https://docs.scipy.org/doc/scipy/reference/generated/scipy.sparse.csgraph.laplacian.html#scipy.sparse.csgraph.laplacian
only,"Only the symmetric normalization is implemented, resulting
in a symmetric Laplacian matrix if and only if its graph is symmetric
and has all non-negative degrees, like in the examples above.",https://docs.scipy.org/doc/scipy/reference/generated/scipy.sparse.csgraph.laplacian.html#scipy.sparse.csgraph.laplacian
must,"Since the graph is undirected, the option symmetrized=True
must be used in the construction of the Laplacian.",https://docs.scipy.org/doc/scipy/reference/generated/scipy.sparse.csgraph.laplacian.html#scipy.sparse.csgraph.laplacian
only,", guarantees
a fixed memory footprint and read-only access to the graph.",https://docs.scipy.org/doc/scipy/reference/generated/scipy.sparse.csgraph.laplacian.html#scipy.sparse.csgraph.laplacian
note,Release notes,https://docs.scipy.org/doc/scipy/reference/generated/scipy.sparse.csgraph.shortest_path.html#scipy.sparse.csgraph.shortest_path
only,"If True (default), then find the shortest path on a directed graph:
only move from point i to point j along paths csgraph[i, j].",https://docs.scipy.org/doc/scipy/reference/generated/scipy.sparse.csgraph.shortest_path.html#scipy.sparse.csgraph.shortest_path
only,"This applies only if
method == ‘FW’ and csgraph is a dense, c-ordered array with
dtype=float64.",https://docs.scipy.org/doc/scipy/reference/generated/scipy.sparse.csgraph.shortest_path.html#scipy.sparse.csgraph.shortest_path
only,"If specified, only compute the paths from the points at the given
indices.",https://docs.scipy.org/doc/scipy/reference/generated/scipy.sparse.csgraph.shortest_path.html#scipy.sparse.csgraph.shortest_path
only,Returned only if return_predecessors == True.,https://docs.scipy.org/doc/scipy/reference/generated/scipy.sparse.csgraph.shortest_path.html#scipy.sparse.csgraph.shortest_path
note,Notes,https://docs.scipy.org/doc/scipy/reference/generated/scipy.sparse.csgraph.shortest_path.html#scipy.sparse.csgraph.shortest_path
note,Release notes,https://docs.scipy.org/doc/scipy/reference/generated/scipy.sparse.csgraph.dijkstra.html#scipy.sparse.csgraph.dijkstra
only,"If True (default), then find the shortest path on a directed graph:
only move from point i to point j along paths csgraph[i, j] and from
point j to i along paths csgraph[j, i].",https://docs.scipy.org/doc/scipy/reference/generated/scipy.sparse.csgraph.dijkstra.html#scipy.sparse.csgraph.dijkstra
only,"if specified, only compute the paths from the points at the given
indices.",https://docs.scipy.org/doc/scipy/reference/generated/scipy.sparse.csgraph.dijkstra.html#scipy.sparse.csgraph.dijkstra
must,"The maximum distance to calculate, must be >= 0.",https://docs.scipy.org/doc/scipy/reference/generated/scipy.sparse.csgraph.dijkstra.html#scipy.sparse.csgraph.dijkstra
only,"If min_only=False,
dist_matrix has shape (n_indices, n_nodes) and dist_matrix[i, j]
gives the shortest distance from point i to point j along the graph.",https://docs.scipy.org/doc/scipy/reference/generated/scipy.sparse.csgraph.dijkstra.html#scipy.sparse.csgraph.dijkstra
only,"If min_only=True, dist_matrix has shape (n_nodes,) and contains for
a given node the shortest path to that node from any of the nodes
in indices.",https://docs.scipy.org/doc/scipy/reference/generated/scipy.sparse.csgraph.dijkstra.html#scipy.sparse.csgraph.dijkstra
only,"If min_only=False, this has shape (n_indices, n_nodes),
otherwise it has shape (n_nodes,).",https://docs.scipy.org/doc/scipy/reference/generated/scipy.sparse.csgraph.dijkstra.html#scipy.sparse.csgraph.dijkstra
only,Returned only if return_predecessors == True.,https://docs.scipy.org/doc/scipy/reference/generated/scipy.sparse.csgraph.dijkstra.html#scipy.sparse.csgraph.dijkstra
only,Returned only if min_only=True and return_predecessors=True.,https://docs.scipy.org/doc/scipy/reference/generated/scipy.sparse.csgraph.dijkstra.html#scipy.sparse.csgraph.dijkstra
note,Notes,https://docs.scipy.org/doc/scipy/reference/generated/scipy.sparse.csgraph.dijkstra.html#scipy.sparse.csgraph.dijkstra
must,"Negative distances can lead to infinite cycles that must
be handled by specialized algorithms such as Bellman-Ford’s algorithm
or Johnson’s algorithm.",https://docs.scipy.org/doc/scipy/reference/generated/scipy.sparse.csgraph.dijkstra.html#scipy.sparse.csgraph.dijkstra
note,Release notes,https://docs.scipy.org/doc/scipy/reference/generated/scipy.sparse.csgraph.floyd_warshall.html#scipy.sparse.csgraph.floyd_warshall
only,"If True (default), then find the shortest path on a directed graph:
only move from point i to point j along paths csgraph[i, j].",https://docs.scipy.org/doc/scipy/reference/generated/scipy.sparse.csgraph.floyd_warshall.html#scipy.sparse.csgraph.floyd_warshall
only,"This applies only if
csgraph is a dense, c-ordered array with dtype=float64.",https://docs.scipy.org/doc/scipy/reference/generated/scipy.sparse.csgraph.floyd_warshall.html#scipy.sparse.csgraph.floyd_warshall
only,Returned only if return_predecessors == True.,https://docs.scipy.org/doc/scipy/reference/generated/scipy.sparse.csgraph.floyd_warshall.html#scipy.sparse.csgraph.floyd_warshall
note,Notes,https://docs.scipy.org/doc/scipy/reference/generated/scipy.sparse.csgraph.floyd_warshall.html#scipy.sparse.csgraph.floyd_warshall
note,Release notes,https://docs.scipy.org/doc/scipy/reference/generated/scipy.sparse.csgraph.bellman_ford.html#scipy.sparse.csgraph.bellman_ford
only,"If True (default), then find the shortest path on a directed graph:
only move from point i to point j along paths csgraph[i, j].",https://docs.scipy.org/doc/scipy/reference/generated/scipy.sparse.csgraph.bellman_ford.html#scipy.sparse.csgraph.bellman_ford
only,"if specified, only compute the paths from the points at the given
indices.",https://docs.scipy.org/doc/scipy/reference/generated/scipy.sparse.csgraph.bellman_ford.html#scipy.sparse.csgraph.bellman_ford
only,Returned only if return_predecessors == True.,https://docs.scipy.org/doc/scipy/reference/generated/scipy.sparse.csgraph.bellman_ford.html#scipy.sparse.csgraph.bellman_ford
note,Notes,https://docs.scipy.org/doc/scipy/reference/generated/scipy.sparse.csgraph.bellman_ford.html#scipy.sparse.csgraph.bellman_ford
note,Release notes,https://docs.scipy.org/doc/scipy/reference/generated/scipy.sparse.csgraph.johnson.html#scipy.sparse.csgraph.johnson
only,"If True (default), then find the shortest path on a directed graph:
only move from point i to point j along paths csgraph[i, j].",https://docs.scipy.org/doc/scipy/reference/generated/scipy.sparse.csgraph.johnson.html#scipy.sparse.csgraph.johnson
only,"if specified, only compute the paths from the points at the given
indices.",https://docs.scipy.org/doc/scipy/reference/generated/scipy.sparse.csgraph.johnson.html#scipy.sparse.csgraph.johnson
only,Returned only if return_predecessors == True.,https://docs.scipy.org/doc/scipy/reference/generated/scipy.sparse.csgraph.johnson.html#scipy.sparse.csgraph.johnson
note,Notes,https://docs.scipy.org/doc/scipy/reference/generated/scipy.sparse.csgraph.johnson.html#scipy.sparse.csgraph.johnson
note,Release notes,https://docs.scipy.org/doc/scipy/reference/generated/scipy.sparse.csgraph.breadth_first_order.html#scipy.sparse.csgraph.breadth_first_order
note,"Note that a breadth-first order is not unique, but the tree which it
generates is unique.",https://docs.scipy.org/doc/scipy/reference/generated/scipy.sparse.csgraph.breadth_first_order.html#scipy.sparse.csgraph.breadth_first_order
only,"If True (default), then operate on a directed graph: only
move from point i to point j along paths csgraph[i, j].",https://docs.scipy.org/doc/scipy/reference/generated/scipy.sparse.csgraph.breadth_first_order.html#scipy.sparse.csgraph.breadth_first_order
only,Returned only if return_predecessors is True.,https://docs.scipy.org/doc/scipy/reference/generated/scipy.sparse.csgraph.breadth_first_order.html#scipy.sparse.csgraph.breadth_first_order
note,Notes,https://docs.scipy.org/doc/scipy/reference/generated/scipy.sparse.csgraph.breadth_first_order.html#scipy.sparse.csgraph.breadth_first_order
note,Release notes,https://docs.scipy.org/doc/scipy/reference/generated/scipy.sparse.csgraph.depth_first_order.html#scipy.sparse.csgraph.depth_first_order
note,Note that a depth-first order is not unique.,https://docs.scipy.org/doc/scipy/reference/generated/scipy.sparse.csgraph.depth_first_order.html#scipy.sparse.csgraph.depth_first_order
only,"If True (default), then operate on a directed graph: only
move from point i to point j along paths csgraph[i, j].",https://docs.scipy.org/doc/scipy/reference/generated/scipy.sparse.csgraph.depth_first_order.html#scipy.sparse.csgraph.depth_first_order
only,Returned only if return_predecessors is True.,https://docs.scipy.org/doc/scipy/reference/generated/scipy.sparse.csgraph.depth_first_order.html#scipy.sparse.csgraph.depth_first_order
note,Notes,https://docs.scipy.org/doc/scipy/reference/generated/scipy.sparse.csgraph.depth_first_order.html#scipy.sparse.csgraph.depth_first_order
note,Release notes,https://docs.scipy.org/doc/scipy/reference/generated/scipy.sparse.csgraph.breadth_first_tree.html#scipy.sparse.csgraph.breadth_first_tree
note,Note that a breadth-first tree from a specified node is unique.,https://docs.scipy.org/doc/scipy/reference/generated/scipy.sparse.csgraph.breadth_first_tree.html#scipy.sparse.csgraph.breadth_first_tree
only,"If True (default), then operate on a directed graph: only
move from point i to point j along paths csgraph[i, j].",https://docs.scipy.org/doc/scipy/reference/generated/scipy.sparse.csgraph.breadth_first_tree.html#scipy.sparse.csgraph.breadth_first_tree
note,Notes,https://docs.scipy.org/doc/scipy/reference/generated/scipy.sparse.csgraph.breadth_first_tree.html#scipy.sparse.csgraph.breadth_first_tree
note,"Note that the resulting graph is a Directed Acyclic Graph which spans
the graph.",https://docs.scipy.org/doc/scipy/reference/generated/scipy.sparse.csgraph.breadth_first_tree.html#scipy.sparse.csgraph.breadth_first_tree
note,Release notes,https://docs.scipy.org/doc/scipy/reference/generated/scipy.sparse.csgraph.depth_first_tree.html#scipy.sparse.csgraph.depth_first_tree
note,"Note that a tree generated by a depth-first search is not unique:
it depends on the order that the children of each node are searched.",https://docs.scipy.org/doc/scipy/reference/generated/scipy.sparse.csgraph.depth_first_tree.html#scipy.sparse.csgraph.depth_first_tree
only,"If True (default), then operate on a directed graph: only
move from point i to point j along paths csgraph[i, j].",https://docs.scipy.org/doc/scipy/reference/generated/scipy.sparse.csgraph.depth_first_tree.html#scipy.sparse.csgraph.depth_first_tree
note,Notes,https://docs.scipy.org/doc/scipy/reference/generated/scipy.sparse.csgraph.depth_first_tree.html#scipy.sparse.csgraph.depth_first_tree
note,"Note that the resulting graph is a Directed Acyclic Graph which spans
the graph.",https://docs.scipy.org/doc/scipy/reference/generated/scipy.sparse.csgraph.depth_first_tree.html#scipy.sparse.csgraph.depth_first_tree
note,Release notes,https://docs.scipy.org/doc/scipy/reference/generated/scipy.sparse.csgraph.minimum_spanning_tree.html#scipy.sparse.csgraph.minimum_spanning_tree
note,"The N x N matrix representing an undirected graph over N nodes
(see notes below).",https://docs.scipy.org/doc/scipy/reference/generated/scipy.sparse.csgraph.minimum_spanning_tree.html#scipy.sparse.csgraph.minimum_spanning_tree
note,"The N x N compressed-sparse representation of the undirected minimum
spanning tree over the input (see notes below).",https://docs.scipy.org/doc/scipy/reference/generated/scipy.sparse.csgraph.minimum_spanning_tree.html#scipy.sparse.csgraph.minimum_spanning_tree
note,Notes,https://docs.scipy.org/doc/scipy/reference/generated/scipy.sparse.csgraph.minimum_spanning_tree.html#scipy.sparse.csgraph.minimum_spanning_tree
should,All users should input sparse matrices if possible to avoid it.,https://docs.scipy.org/doc/scipy/reference/generated/scipy.sparse.csgraph.minimum_spanning_tree.html#scipy.sparse.csgraph.minimum_spanning_tree
note,Release notes,https://docs.scipy.org/doc/scipy/reference/generated/scipy.sparse.csgraph.reverse_cuthill_mckee.html#scipy.sparse.csgraph.reverse_cuthill_mckee
note,Notes,https://docs.scipy.org/doc/scipy/reference/generated/scipy.sparse.csgraph.reverse_cuthill_mckee.html#scipy.sparse.csgraph.reverse_cuthill_mckee
note,Release notes,https://docs.scipy.org/doc/scipy/reference/generated/scipy.sparse.csgraph.maximum_flow.html#scipy.sparse.csgraph.maximum_flow
note,Notes,https://docs.scipy.org/doc/scipy/reference/generated/scipy.sparse.csgraph.maximum_flow.html#scipy.sparse.csgraph.maximum_flow
only,"Perhaps the simplest flow problem is that of a graph of only two vertices
with an edge from source (0) to sink (1):",https://docs.scipy.org/doc/scipy/reference/generated/scipy.sparse.csgraph.maximum_flow.html#scipy.sparse.csgraph.maximum_flow
note,"While this solves the maximum bipartite matching problem in general, note
that algorithms specialized to that problem, such as
maximum_bipartite_matching, will generally perform better.",https://docs.scipy.org/doc/scipy/reference/generated/scipy.sparse.csgraph.maximum_flow.html#scipy.sparse.csgraph.maximum_flow
note,Release notes,https://docs.scipy.org/doc/scipy/reference/generated/scipy.sparse.csgraph.maximum_bipartite_matching.html#scipy.sparse.csgraph.maximum_bipartite_matching
note,Notes,https://docs.scipy.org/doc/scipy/reference/generated/scipy.sparse.csgraph.maximum_bipartite_matching.html#scipy.sparse.csgraph.maximum_bipartite_matching
note,"Note that if the sparse representation contains explicit zeros, these are
still counted as edges.",https://docs.scipy.org/doc/scipy/reference/generated/scipy.sparse.csgraph.maximum_bipartite_matching.html#scipy.sparse.csgraph.maximum_bipartite_matching
note,Note that explicit zeros are still converted to edges.,https://docs.scipy.org/doc/scipy/reference/generated/scipy.sparse.csgraph.maximum_bipartite_matching.html#scipy.sparse.csgraph.maximum_bipartite_matching
note,Release notes,https://docs.scipy.org/doc/scipy/reference/generated/scipy.sparse.csgraph.min_weight_full_bipartite_matching.html#scipy.sparse.csgraph.min_weight_full_bipartite_matching
only,"This should not be
confused with the full adjacency matrix of the graph, as we only need
the submatrix defining the bipartite structure.",https://docs.scipy.org/doc/scipy/reference/generated/scipy.sparse.csgraph.min_weight_full_bipartite_matching.html#scipy.sparse.csgraph.min_weight_full_bipartite_matching
should,"This should not be
confused with the full adjacency matrix of the graph, as we only need
the submatrix defining the bipartite structure.",https://docs.scipy.org/doc/scipy/reference/generated/scipy.sparse.csgraph.min_weight_full_bipartite_matching.html#scipy.sparse.csgraph.min_weight_full_bipartite_matching
note,Notes,https://docs.scipy.org/doc/scipy/reference/generated/scipy.sparse.csgraph.min_weight_full_bipartite_matching.html#scipy.sparse.csgraph.min_weight_full_bipartite_matching
only,"When \(\lvert U \rvert = \lvert V \rvert\), this is commonly
referred to as a perfect matching; here, since we allow
\(\lvert U \rvert\) and \(\lvert V \rvert\) to differ, we
follow Karp [1] and refer to the matching as full.",https://docs.scipy.org/doc/scipy/reference/generated/scipy.sparse.csgraph.min_weight_full_bipartite_matching.html#scipy.sparse.csgraph.min_weight_full_bipartite_matching
only,"We require that weights are non-zero only to avoid issues with the handling
of explicit zeros when converting between different sparse representations.",https://docs.scipy.org/doc/scipy/reference/generated/scipy.sparse.csgraph.min_weight_full_bipartite_matching.html#scipy.sparse.csgraph.min_weight_full_bipartite_matching
note,"Note that in this example, the 0
in the input matrix does not correspond to an edge with weight 0, but
rather a pair of vertices not paired by an edge.",https://docs.scipy.org/doc/scipy/reference/generated/scipy.sparse.csgraph.min_weight_full_bipartite_matching.html#scipy.sparse.csgraph.min_weight_full_bipartite_matching
note,"Note also that in this case, the output matches the result of applying
maximum_bipartite_matching:",https://docs.scipy.org/doc/scipy/reference/generated/scipy.sparse.csgraph.min_weight_full_bipartite_matching.html#scipy.sparse.csgraph.min_weight_full_bipartite_matching
note,"linear_sum_assignment but note that for that one,
missing edges are represented by a matrix entry of float('inf').",https://docs.scipy.org/doc/scipy/reference/generated/scipy.sparse.csgraph.min_weight_full_bipartite_matching.html#scipy.sparse.csgraph.min_weight_full_bipartite_matching
note,Release notes,https://docs.scipy.org/doc/scipy/reference/generated/scipy.sparse.csgraph.structural_rank.html#scipy.sparse.csgraph.structural_rank
note,Release notes,https://docs.scipy.org/doc/scipy/reference/generated/scipy.sparse.csgraph.NegativeCycleError.html#scipy.sparse.csgraph.NegativeCycleError
note,Release notes,https://docs.scipy.org/doc/scipy/reference/generated/scipy.sparse.csgraph.construct_dist_matrix.html#scipy.sparse.csgraph.construct_dist_matrix
note,The N x N matrix of predecessors of each node (see Notes below).,https://docs.scipy.org/doc/scipy/reference/generated/scipy.sparse.csgraph.construct_dist_matrix.html#scipy.sparse.csgraph.construct_dist_matrix
only,"If True (default), then operate on a directed graph: only move from
point i to point j along paths csgraph[i, j].",https://docs.scipy.org/doc/scipy/reference/generated/scipy.sparse.csgraph.construct_dist_matrix.html#scipy.sparse.csgraph.construct_dist_matrix
note,Notes,https://docs.scipy.org/doc/scipy/reference/generated/scipy.sparse.csgraph.construct_dist_matrix.html#scipy.sparse.csgraph.construct_dist_matrix
note,Release notes,https://docs.scipy.org/doc/scipy/reference/generated/scipy.sparse.csgraph.csgraph_from_dense.html#scipy.sparse.csgraph.csgraph_from_dense
should,"Shape should be (n_nodes, n_nodes).",https://docs.scipy.org/doc/scipy/reference/generated/scipy.sparse.csgraph.csgraph_from_dense.html#scipy.sparse.csgraph.csgraph_from_dense
note,Value that denotes non-edges in the graph.,https://docs.scipy.org/doc/scipy/reference/generated/scipy.sparse.csgraph.csgraph_from_dense.html#scipy.sparse.csgraph.csgraph_from_dense
note,Release notes,https://docs.scipy.org/doc/scipy/reference/generated/scipy.sparse.csgraph.csgraph_from_masked.html#scipy.sparse.csgraph.csgraph_from_masked
should,"Shape should be (n_nodes, n_nodes).",https://docs.scipy.org/doc/scipy/reference/generated/scipy.sparse.csgraph.csgraph_from_masked.html#scipy.sparse.csgraph.csgraph_from_masked
note,Release notes,https://docs.scipy.org/doc/scipy/reference/generated/scipy.sparse.csgraph.csgraph_masked_from_dense.html#scipy.sparse.csgraph.csgraph_masked_from_dense
should,"Shape should be (n_nodes, n_nodes).",https://docs.scipy.org/doc/scipy/reference/generated/scipy.sparse.csgraph.csgraph_masked_from_dense.html#scipy.sparse.csgraph.csgraph_masked_from_dense
note,Value that denotes non-edges in the graph.,https://docs.scipy.org/doc/scipy/reference/generated/scipy.sparse.csgraph.csgraph_masked_from_dense.html#scipy.sparse.csgraph.csgraph_masked_from_dense
note,Release notes,https://docs.scipy.org/doc/scipy/reference/generated/scipy.sparse.csgraph.csgraph_to_dense.html#scipy.sparse.csgraph.csgraph_to_dense
note,Notes,https://docs.scipy.org/doc/scipy/reference/generated/scipy.sparse.csgraph.csgraph_to_dense.html#scipy.sparse.csgraph.csgraph_to_dense
note,Release notes,https://docs.scipy.org/doc/scipy/reference/generated/scipy.sparse.csgraph.csgraph_to_masked.html#scipy.sparse.csgraph.csgraph_to_masked
note,Release notes,https://docs.scipy.org/doc/scipy/reference/generated/scipy.spatial.distance.pdist.html#scipy.spatial.distance.pdist
note,See Notes for common calling conventions.,https://docs.scipy.org/doc/scipy/reference/generated/scipy.spatial.distance.pdist.html#scipy.spatial.distance.pdist
note,Notes,https://docs.scipy.org/doc/scipy/reference/generated/scipy.spatial.distance.pdist.html#scipy.spatial.distance.pdist
note,")
Computes the distances using the Minkowski distance
\(\|u-v\|_p\) (\(p\)-norm) where \(p > 0\) (note
that this is only a quasi-metric if \(0 < p < 1\)).",https://docs.scipy.org/doc/scipy/reference/generated/scipy.spatial.distance.pdist.html#scipy.spatial.distance.pdist
only,")
Computes the distances using the Minkowski distance
\(\|u-v\|_p\) (\(p\)-norm) where \(p > 0\) (note
that this is only a quasi-metric if \(0 < p < 1\)).",https://docs.scipy.org/doc/scipy/reference/generated/scipy.spatial.distance.pdist.html#scipy.spatial.distance.pdist
note,"Computes the distances using the Minkowski distance
\(\|u-v\|_p\) (\(p\)-norm) where \(p > 0\) (note
that this is only a quasi-metric if \(0 < p < 1\)).",https://docs.scipy.org/doc/scipy/reference/generated/scipy.spatial.distance.pdist.html#scipy.spatial.distance.pdist
only,"Computes the distances using the Minkowski distance
\(\|u-v\|_p\) (\(p\)-norm) where \(p > 0\) (note
that this is only a quasi-metric if \(0 < p < 1\)).",https://docs.scipy.org/doc/scipy/reference/generated/scipy.spatial.distance.pdist.html#scipy.spatial.distance.pdist
note,"sum()))


Note that you should avoid passing a reference to one of
the distance functions defined in this library.",https://docs.scipy.org/doc/scipy/reference/generated/scipy.spatial.distance.pdist.html#scipy.spatial.distance.pdist
should,"sum()))


Note that you should avoid passing a reference to one of
the distance functions defined in this library.",https://docs.scipy.org/doc/scipy/reference/generated/scipy.spatial.distance.pdist.html#scipy.spatial.distance.pdist
note,"Note that you should avoid passing a reference to one of
the distance functions defined in this library.",https://docs.scipy.org/doc/scipy/reference/generated/scipy.spatial.distance.pdist.html#scipy.spatial.distance.pdist
should,"Note that you should avoid passing a reference to one of
the distance functions defined in this library.",https://docs.scipy.org/doc/scipy/reference/generated/scipy.spatial.distance.pdist.html#scipy.spatial.distance.pdist
note,Release notes,https://docs.scipy.org/doc/scipy/reference/generated/scipy.spatial.distance.cdist.html#scipy.spatial.distance.cdist
note,See Notes for common calling conventions.,https://docs.scipy.org/doc/scipy/reference/generated/scipy.spatial.distance.cdist.html#scipy.spatial.distance.cdist
note,Notes,https://docs.scipy.org/doc/scipy/reference/generated/scipy.spatial.distance.cdist.html#scipy.spatial.distance.cdist
note,")
Computes the distances using the Minkowski distance
\(\|u-v\|_p\) (\(p\)-norm) where \(p > 0\) (note
that this is only a quasi-metric if \(0 < p < 1\)).",https://docs.scipy.org/doc/scipy/reference/generated/scipy.spatial.distance.cdist.html#scipy.spatial.distance.cdist
only,")
Computes the distances using the Minkowski distance
\(\|u-v\|_p\) (\(p\)-norm) where \(p > 0\) (note
that this is only a quasi-metric if \(0 < p < 1\)).",https://docs.scipy.org/doc/scipy/reference/generated/scipy.spatial.distance.cdist.html#scipy.spatial.distance.cdist
note,"Computes the distances using the Minkowski distance
\(\|u-v\|_p\) (\(p\)-norm) where \(p > 0\) (note
that this is only a quasi-metric if \(0 < p < 1\)).",https://docs.scipy.org/doc/scipy/reference/generated/scipy.spatial.distance.cdist.html#scipy.spatial.distance.cdist
only,"Computes the distances using the Minkowski distance
\(\|u-v\|_p\) (\(p\)-norm) where \(p > 0\) (note
that this is only a quasi-metric if \(0 < p < 1\)).",https://docs.scipy.org/doc/scipy/reference/generated/scipy.spatial.distance.cdist.html#scipy.spatial.distance.cdist
note,"sum()))


Note that you should avoid passing a reference to one of
the distance functions defined in this library.",https://docs.scipy.org/doc/scipy/reference/generated/scipy.spatial.distance.cdist.html#scipy.spatial.distance.cdist
should,"sum()))


Note that you should avoid passing a reference to one of
the distance functions defined in this library.",https://docs.scipy.org/doc/scipy/reference/generated/scipy.spatial.distance.cdist.html#scipy.spatial.distance.cdist
note,"Note that you should avoid passing a reference to one of
the distance functions defined in this library.",https://docs.scipy.org/doc/scipy/reference/generated/scipy.spatial.distance.cdist.html#scipy.spatial.distance.cdist
should,"Note that you should avoid passing a reference to one of
the distance functions defined in this library.",https://docs.scipy.org/doc/scipy/reference/generated/scipy.spatial.distance.cdist.html#scipy.spatial.distance.cdist
note,Release notes,https://docs.scipy.org/doc/scipy/reference/generated/scipy.spatial.distance.squareform.html#scipy.spatial.distance.squareform
note,Notes,https://docs.scipy.org/doc/scipy/reference/generated/scipy.spatial.distance.squareform.html#scipy.spatial.distance.squareform
note,Release notes,https://docs.scipy.org/doc/scipy/reference/generated/scipy.spatial.distance.directed_hausdorff.html#scipy.spatial.distance.directed_hausdorff
note,Notes,https://docs.scipy.org/doc/scipy/reference/generated/scipy.spatial.distance.directed_hausdorff.html#scipy.spatial.distance.directed_hausdorff
note,Release notes,https://docs.scipy.org/doc/scipy/reference/generated/scipy.spatial.distance.is_valid_dm.html#scipy.spatial.distance.is_valid_dm
must,Distance matrices must be 2-dimensional numpy arrays.,https://docs.scipy.org/doc/scipy/reference/generated/scipy.spatial.distance.is_valid_dm.html#scipy.spatial.distance.is_valid_dm
must,"They must have a zero-diagonal, and they must be symmetric.",https://docs.scipy.org/doc/scipy/reference/generated/scipy.spatial.distance.is_valid_dm.html#scipy.spatial.distance.is_valid_dm
should,The distance matrix should be symmetric.,https://docs.scipy.org/doc/scipy/reference/generated/scipy.spatial.distance.is_valid_dm.html#scipy.spatial.distance.is_valid_dm
warning,"Instead of throwing an exception, a warning message is
raised.",https://docs.scipy.org/doc/scipy/reference/generated/scipy.spatial.distance.is_valid_dm.html#scipy.spatial.distance.is_valid_dm
note,Notes,https://docs.scipy.org/doc/scipy/reference/generated/scipy.spatial.distance.is_valid_dm.html#scipy.spatial.distance.is_valid_dm
note,Release notes,https://docs.scipy.org/doc/scipy/reference/generated/scipy.spatial.distance.is_valid_y.html#scipy.spatial.distance.is_valid_y
must,Condensed distance matrices must be 1-dimensional numpy arrays.,https://docs.scipy.org/doc/scipy/reference/generated/scipy.spatial.distance.is_valid_y.html#scipy.spatial.distance.is_valid_y
must,"Their length must be a binomial coefficient \({n \choose 2}\)
for some positive integer n.",https://docs.scipy.org/doc/scipy/reference/generated/scipy.spatial.distance.is_valid_y.html#scipy.spatial.distance.is_valid_y
warning,"Invokes a warning if the variable passed is not a valid
condensed distance matrix.",https://docs.scipy.org/doc/scipy/reference/generated/scipy.spatial.distance.is_valid_y.html#scipy.spatial.distance.is_valid_y
warning,"The warning message explains why
the distance matrix is not valid.",https://docs.scipy.org/doc/scipy/reference/generated/scipy.spatial.distance.is_valid_y.html#scipy.spatial.distance.is_valid_y
warning,"Used when referencing the offending variable in the
warning or exception message.",https://docs.scipy.org/doc/scipy/reference/generated/scipy.spatial.distance.is_valid_y.html#scipy.spatial.distance.is_valid_y
note,Release notes,https://docs.scipy.org/doc/scipy/reference/generated/scipy.spatial.distance.num_obs_dm.html#scipy.spatial.distance.num_obs_dm
note,Release notes,https://docs.scipy.org/doc/scipy/reference/generated/scipy.spatial.distance.num_obs_y.html#scipy.spatial.distance.num_obs_y
note,Release notes,https://docs.scipy.org/doc/scipy/reference/generated/scipy.spatial.distance.braycurtis.html#scipy.spatial.distance.braycurtis
note,Release notes,https://docs.scipy.org/doc/scipy/reference/generated/scipy.spatial.distance.canberra.html#scipy.spatial.distance.canberra
note,Notes,https://docs.scipy.org/doc/scipy/reference/generated/scipy.spatial.distance.canberra.html#scipy.spatial.distance.canberra
note,Release notes,https://docs.scipy.org/doc/scipy/reference/generated/scipy.spatial.distance.chebyshev.html#scipy.spatial.distance.chebyshev
note,Release notes,https://docs.scipy.org/doc/scipy/reference/generated/scipy.spatial.distance.cityblock.html#scipy.spatial.distance.cityblock
note,Release notes,https://docs.scipy.org/doc/scipy/reference/generated/scipy.spatial.distance.correlation.html#scipy.spatial.distance.correlation
note,Release notes,https://docs.scipy.org/doc/scipy/reference/generated/scipy.spatial.distance.cosine.html#scipy.spatial.distance.cosine
note,Release notes,https://docs.scipy.org/doc/scipy/reference/generated/scipy.spatial.distance.euclidean.html#scipy.spatial.distance.euclidean
note,Release notes,https://docs.scipy.org/doc/scipy/reference/generated/scipy.spatial.distance.jensenshannon.html#scipy.spatial.distance.jensenshannon
note,Notes,https://docs.scipy.org/doc/scipy/reference/generated/scipy.spatial.distance.jensenshannon.html#scipy.spatial.distance.jensenshannon
note,Release notes,https://docs.scipy.org/doc/scipy/reference/generated/scipy.spatial.distance.mahalanobis.html#scipy.spatial.distance.mahalanobis
note,"Note that the argument VI
is the inverse of V.",https://docs.scipy.org/doc/scipy/reference/generated/scipy.spatial.distance.mahalanobis.html#scipy.spatial.distance.mahalanobis
note,Release notes,https://docs.scipy.org/doc/scipy/reference/generated/scipy.spatial.distance.minkowski.html#scipy.spatial.distance.minkowski
note,"Note
that for \(0 < p < 1\), the triangle inequality only holds with
an additional multiplicative factor, i.",https://docs.scipy.org/doc/scipy/reference/generated/scipy.spatial.distance.minkowski.html#scipy.spatial.distance.minkowski
only,"Note
that for \(0 < p < 1\), the triangle inequality only holds with
an additional multiplicative factor, i.",https://docs.scipy.org/doc/scipy/reference/generated/scipy.spatial.distance.minkowski.html#scipy.spatial.distance.minkowski
only,it is only a quasi-metric.,https://docs.scipy.org/doc/scipy/reference/generated/scipy.spatial.distance.minkowski.html#scipy.spatial.distance.minkowski
note,Release notes,https://docs.scipy.org/doc/scipy/reference/generated/scipy.spatial.distance.seuclidean.html#scipy.spatial.distance.seuclidean
note,Release notes,https://docs.scipy.org/doc/scipy/reference/generated/scipy.spatial.distance.sqeuclidean.html#scipy.spatial.distance.sqeuclidean
note,Release notes,https://docs.scipy.org/doc/scipy/reference/generated/scipy.spatial.distance.dice.html#scipy.spatial.distance.dice
note,Notes,https://docs.scipy.org/doc/scipy/reference/generated/scipy.spatial.distance.dice.html#scipy.spatial.distance.dice
note,Release notes,https://docs.scipy.org/doc/scipy/reference/generated/scipy.spatial.distance.hamming.html#scipy.spatial.distance.hamming
note,Release notes,https://docs.scipy.org/doc/scipy/reference/generated/scipy.spatial.distance.jaccard.html#scipy.spatial.distance.jaccard
note,Notes,https://docs.scipy.org/doc/scipy/reference/generated/scipy.spatial.distance.jaccard.html#scipy.spatial.distance.jaccard
note,"Kosub, “A note on the triangle inequality for the Jaccard
distance”, 2016, arXiv:1612.",https://docs.scipy.org/doc/scipy/reference/generated/scipy.spatial.distance.jaccard.html#scipy.spatial.distance.jaccard
note,Release notes,https://docs.scipy.org/doc/scipy/reference/generated/scipy.spatial.distance.kulczynski1.html#scipy.spatial.distance.kulczynski1
note,Notes,https://docs.scipy.org/doc/scipy/reference/generated/scipy.spatial.distance.kulczynski1.html#scipy.spatial.distance.kulczynski1
note,Release notes,https://docs.scipy.org/doc/scipy/reference/generated/scipy.spatial.distance.rogerstanimoto.html#scipy.spatial.distance.rogerstanimoto
note,Release notes,https://docs.scipy.org/doc/scipy/reference/generated/scipy.spatial.distance.russellrao.html#scipy.spatial.distance.russellrao
note,Release notes,https://docs.scipy.org/doc/scipy/reference/generated/scipy.spatial.distance.sokalmichener.html#scipy.spatial.distance.sokalmichener
note,Release notes,https://docs.scipy.org/doc/scipy/reference/generated/scipy.spatial.distance.sokalsneath.html#scipy.spatial.distance.sokalsneath
note,Release notes,https://docs.scipy.org/doc/scipy/reference/generated/scipy.spatial.distance.yule.html#scipy.spatial.distance.yule
note,Release notes,https://docs.scipy.org/doc/scipy/reference/generated/scipy.spatial.transform.Rotation.html#scipy.spatial.transform.Rotation
note,Notes,https://docs.scipy.org/doc/scipy/reference/generated/scipy.spatial.transform.Rotation.html#scipy.spatial.transform.Rotation
note,Release notes,https://docs.scipy.org/doc/scipy/reference/generated/scipy.spatial.transform.Slerp.html#scipy.spatial.transform.Slerp
must,At least 2 times must be specified.,https://docs.scipy.org/doc/scipy/reference/generated/scipy.spatial.transform.Slerp.html#scipy.spatial.transform.Slerp
must,"Must contain N
rotations.",https://docs.scipy.org/doc/scipy/reference/generated/scipy.spatial.transform.Slerp.html#scipy.spatial.transform.Slerp
note,Notes,https://docs.scipy.org/doc/scipy/reference/generated/scipy.spatial.transform.Slerp.html#scipy.spatial.transform.Slerp
note,Release notes,https://docs.scipy.org/doc/scipy/reference/generated/scipy.spatial.transform.RotationSpline.html#scipy.spatial.transform.RotationSpline
must,At least 2 times must be specified.,https://docs.scipy.org/doc/scipy/reference/generated/scipy.spatial.transform.RotationSpline.html#scipy.spatial.transform.RotationSpline
must,"Must contain N
rotations.",https://docs.scipy.org/doc/scipy/reference/generated/scipy.spatial.transform.RotationSpline.html#scipy.spatial.transform.RotationSpline
note,"Also note that
the angular acceleration is not a piecewise-linear function, because
it is different from the second derivative of the rotation vector (which
is a piecewise-linear function as in the cubic spline).",https://docs.scipy.org/doc/scipy/reference/generated/scipy.spatial.transform.RotationSpline.html#scipy.spatial.transform.RotationSpline
note,Release notes,https://docs.scipy.org/doc/scipy/reference/generated/scipy.stats._result_classes.EmpiricalDistributionFunction.evaluate.html
note,Release notes,https://docs.scipy.org/doc/scipy/dev/conduct/report_handling_manual.html#coc-reporting-manual
only,"However, sometimes, it is necessary
to communicate with one or more individuals directly: the Committee’s goal is
to improve the health of our community rather than only produce a formal
decision.",https://docs.scipy.org/doc/scipy/dev/conduct/report_handling_manual.html#coc-reporting-manual
only,"However, sometimes, it is necessary
to communicate with one or more individuals directly: the Committee’s goal is
to improve the health of our community rather than only produce a formal
decision.",https://docs.scipy.org/doc/scipy/dev/conduct/report_handling_manual.html#coc-reporting-manual
must,"It also means
that we must be transparent in our actions, and that we will do everything
in our power to make sure that all our members are treated fairly and with
sympathy.",https://docs.scipy.org/doc/scipy/dev/conduct/report_handling_manual.html#coc-reporting-manual
must,"It also means
that we must be transparent in our actions, and that we will do everything
in our power to make sure that all our members are treated fairly and with
sympathy.",https://docs.scipy.org/doc/scipy/dev/conduct/report_handling_manual.html#coc-reporting-manual
only,"This is only an example: the
Committee can consider mediation in any case, mindful that the process is meant
to be strictly voluntary and no party can be pressured to participate.",https://docs.scipy.org/doc/scipy/dev/conduct/report_handling_manual.html#coc-reporting-manual
only,"Settle on the mediator: while parties can propose a different mediator than
the suggested candidate, only if common agreement is reached on all terms can
the process move forward.",https://docs.scipy.org/doc/scipy/dev/conduct/report_handling_manual.html#coc-reporting-manual
only,"Settle on the mediator: while parties can propose a different mediator than
the suggested candidate, only if common agreement is reached on all terms can
the process move forward.",https://docs.scipy.org/doc/scipy/dev/conduct/report_handling_manual.html#coc-reporting-manual
should,"In every case, the moderator should make a reasonable effort to contact the
originator, and tell them specifically how their language or actions
qualify as a “clear and severe breach”.",https://docs.scipy.org/doc/scipy/dev/conduct/report_handling_manual.html#coc-reporting-manual
should,"The moderator should also say
that, if the originator believes this is unfair or they want to be
reconnected to SciPy, they have the right to ask for a review, as below, by
the Code of Conduct Committee.",https://docs.scipy.org/doc/scipy/dev/conduct/report_handling_manual.html#coc-reporting-manual
should,The moderator should copy this explanation to the Code of Conduct Committee.,https://docs.scipy.org/doc/scipy/dev/conduct/report_handling_manual.html#coc-reporting-manual
should,"In every case, the moderator should make a reasonable effort to contact the
originator, and tell them specifically how their language or actions
qualify as a “clear and severe breach”.",https://docs.scipy.org/doc/scipy/dev/conduct/report_handling_manual.html#coc-reporting-manual
should,"The moderator should also say
that, if the originator believes this is unfair or they want to be
reconnected to SciPy, they have the right to ask for a review, as below, by
the Code of Conduct Committee.",https://docs.scipy.org/doc/scipy/dev/conduct/report_handling_manual.html#coc-reporting-manual
should,The moderator should copy this explanation to the Code of Conduct Committee.,https://docs.scipy.org/doc/scipy/dev/conduct/report_handling_manual.html#coc-reporting-manual
must,"This reply must be sent within 72 hours, and the
group should strive to respond much quicker than that.",https://docs.scipy.org/doc/scipy/dev/conduct/report_handling_manual.html#coc-reporting-manual
should,"This reply must be sent within 72 hours, and the
group should strive to respond much quicker than that.",https://docs.scipy.org/doc/scipy/dev/conduct/report_handling_manual.html#coc-reporting-manual
should,", phone calls for early/rapid response), it should, in all
cases, summarize these back to the list so there’s a good record of the process.",https://docs.scipy.org/doc/scipy/dev/conduct/report_handling_manual.html#coc-reporting-manual
should,"The Code of Conduct Committee should aim to have a resolution agreed upon within
two weeks.",https://docs.scipy.org/doc/scipy/dev/conduct/report_handling_manual.html#coc-reporting-manual
must,The committee must agree on a resolution by consensus.,https://docs.scipy.org/doc/scipy/dev/conduct/report_handling_manual.html#coc-reporting-manual
note,"The committee will ask if this resolution is acceptable,
and must note feedback for the record.",https://docs.scipy.org/doc/scipy/dev/conduct/report_handling_manual.html#coc-reporting-manual
must,"The committee will ask if this resolution is acceptable,
and must note feedback for the record.",https://docs.scipy.org/doc/scipy/dev/conduct/report_handling_manual.html#coc-reporting-manual
must,"In the event of any conflict of interest, a committee member must immediately
notify the other members, and recuse themselves if necessary.",https://docs.scipy.org/doc/scipy/dev/conduct/report_handling_manual.html#coc-reporting-manual
note,Release notes,https://docs.scipy.org/doc/scipy/dev/contributor/devpy_test.html#devpy-test
note,"Note: Before beginning, ensure that pytest
is installed.",https://docs.scipy.org/doc/scipy/dev/contributor/devpy_test.html#devpy-test
note,Note,https://docs.scipy.org/doc/scipy/dev/contributor/devpy_test.html#devpy-test
note,"Note: pytest-cov must be
installed.",https://docs.scipy.org/doc/scipy/dev/contributor/devpy_test.html#devpy-test
must,"Note: pytest-cov must be
installed.",https://docs.scipy.org/doc/scipy/dev/contributor/devpy_test.html#devpy-test
note,"Note: pytest-cov must be
installed.",https://docs.scipy.org/doc/scipy/dev/contributor/devpy_test.html#devpy-test
must,"Note: pytest-cov must be
installed.",https://docs.scipy.org/doc/scipy/dev/contributor/devpy_test.html#devpy-test
note,"Note: pytest-xdist must be installed for testing on
multiple cores.",https://docs.scipy.org/doc/scipy/dev/contributor/devpy_test.html#devpy-test
must,"Note: pytest-xdist must be installed for testing on
multiple cores.",https://docs.scipy.org/doc/scipy/dev/contributor/devpy_test.html#devpy-test
note,"Note: pytest-xdist must be installed for testing on
multiple cores.",https://docs.scipy.org/doc/scipy/dev/contributor/devpy_test.html#devpy-test
must,"Note: pytest-xdist must be installed for testing on
multiple cores.",https://docs.scipy.org/doc/scipy/dev/contributor/devpy_test.html#devpy-test
note,Release notes,https://docs.scipy.org/doc/scipy/dev/contributor/benchmarking.html#benchmarking-with-asv
only,"The results are displayed in an interactive web frontend
that requires only a basic static webserver to host.",https://docs.scipy.org/doc/scipy/dev/contributor/benchmarking.html#benchmarking-with-asv
note,"Note that the prefix time in the function name
indicates to asv that the execution time of this function is to
be counted in the benchmark results.",https://docs.scipy.org/doc/scipy/dev/contributor/benchmarking.html#benchmarking-with-asv
note,"Note that the prefix time in the function name
indicates to asv that the execution time of this function is to
be counted in the benchmark results.",https://docs.scipy.org/doc/scipy/dev/contributor/benchmarking.html#benchmarking-with-asv
note,"Note that each trace of the plot corresponds with
a combination of benchmark parameters and environment settings
(e.",https://docs.scipy.org/doc/scipy/dev/contributor/benchmarking.html#benchmarking-with-asv
should,"After contributing new benchmarks, you should test them locally before
submitting a pull request.",https://docs.scipy.org/doc/scipy/dev/contributor/benchmarking.html#benchmarking-with-asv
note,"(Note: this could
take a while.",https://docs.scipy.org/doc/scipy/dev/contributor/benchmarking.html#benchmarking-with-asv
only,"To run only a single benchmark, such as KleeMinty from
optimize_linprog.",https://docs.scipy.org/doc/scipy/dev/contributor/benchmarking.html#benchmarking-with-asv
note,Note,https://docs.scipy.org/doc/scipy/dev/contributor/benchmarking.html#benchmarking-with-asv
must,"Otherwise you must add
them to the PATH environment variable.",https://docs.scipy.org/doc/scipy/dev/contributor/benchmarking.html#benchmarking-with-asv
note,Release notes,https://docs.scipy.org/doc/scipy/dev/contributor/rendering_documentation.html#rendering-documentation
note,"Adding or editing tutorials as Jupyter notebooks
  
  
   
    
     How to convert a
     
      
       .",https://docs.scipy.org/doc/scipy/dev/contributor/rendering_documentation.html#rendering-documentation
note,Opening MyST Markdown files in the Jupyter Notebook application,https://docs.scipy.org/doc/scipy/dev/contributor/rendering_documentation.html#rendering-documentation
must,"Documentation Guidelines
  
  
   
    
     Use “must”, not “should”
    
   
   
    
     Use of the ‘versionadded’ markup
    
   
   
    
     Citing wikipedia articles in the “References” section
    
   
   
    
     DOIs in references
    
   
   
    
     Bulleted lists
    
   
   
    
     Self-contained examples
    
   
   
    
     Examples and randomness
    
   
   
    
     Legacy directive",https://docs.scipy.org/doc/scipy/dev/contributor/rendering_documentation.html#rendering-documentation
should,"Documentation Guidelines
  
  
   
    
     Use “must”, not “should”
    
   
   
    
     Use of the ‘versionadded’ markup
    
   
   
    
     Citing wikipedia articles in the “References” section
    
   
   
    
     DOIs in references
    
   
   
    
     Bulleted lists
    
   
   
    
     Self-contained examples
    
   
   
    
     Examples and randomness
    
   
   
    
     Legacy directive",https://docs.scipy.org/doc/scipy/dev/contributor/rendering_documentation.html#rendering-documentation
must,"Use “must”, not “should”",https://docs.scipy.org/doc/scipy/dev/contributor/rendering_documentation.html#rendering-documentation
should,"Use “must”, not “should”",https://docs.scipy.org/doc/scipy/dev/contributor/rendering_documentation.html#rendering-documentation
should,"One can imagine cases where it is not clear that a “fix”
should be made, e.",https://docs.scipy.org/doc/scipy/dev/contributor/rendering_documentation.html#rendering-documentation
note,"(But note that this is not about updating documentation
to fix confusing statements or otherwise deal with documentation problems
reported by users.",https://docs.scipy.org/doc/scipy/dev/contributor/rendering_documentation.html#rendering-documentation
note,Note,https://docs.scipy.org/doc/scipy/dev/contributor/rendering_documentation.html#rendering-documentation
note,Note,https://docs.scipy.org/doc/scipy/dev/contributor/rendering_documentation.html#rendering-documentation
note,Adding or editing tutorials as Jupyter notebooks#,https://docs.scipy.org/doc/scipy/dev/contributor/rendering_documentation.html#rendering-documentation
note,"Under the doc/source/notebooks/ folder of the SciPy tree you can find a few
documents written in MyST-NB format.",https://docs.scipy.org/doc/scipy/dev/contributor/rendering_documentation.html#rendering-documentation
note,If you have a document written in Jupyter notebook format (an .,https://docs.scipy.org/doc/scipy/dev/contributor/rendering_documentation.html#rendering-documentation
only,"md
file only, or you can pair your .",https://docs.scipy.org/doc/scipy/dev/contributor/rendering_documentation.html#rendering-documentation
note,Note that .,https://docs.scipy.org/doc/scipy/dev/contributor/rendering_documentation.html#rendering-documentation
should,"ipynb files should not be submitted to the SciPy
documentation.",https://docs.scipy.org/doc/scipy/dev/contributor/rendering_documentation.html#rendering-documentation
note,"You can also consult the Pairing tutorial on NumPy Tutorials
for more information on MyST-NB, Jupytext and pairing notebooks.",https://docs.scipy.org/doc/scipy/dev/contributor/rendering_documentation.html#rendering-documentation
only,"ipynb file, and want to work with MyST
Markdown only, follow the steps below.",https://docs.scipy.org/doc/scipy/dev/contributor/rendering_documentation.html#rendering-documentation
note,"On your terminal, run jupytext notebook.",https://docs.scipy.org/doc/scipy/dev/contributor/rendering_documentation.html#rendering-documentation
note,"ipynb --to myst, where
notebook.",https://docs.scipy.org/doc/scipy/dev/contributor/rendering_documentation.html#rendering-documentation
should,ipynb should be replaced with the file you want to convert.,https://docs.scipy.org/doc/scipy/dev/contributor/rendering_documentation.html#rendering-documentation
note,"On your terminal, run jupytext notebook.",https://docs.scipy.org/doc/scipy/dev/contributor/rendering_documentation.html#rendering-documentation
note,"ipynb --to myst, where
notebook.",https://docs.scipy.org/doc/scipy/dev/contributor/rendering_documentation.html#rendering-documentation
should,ipynb should be replaced with the file you want to convert.,https://docs.scipy.org/doc/scipy/dev/contributor/rendering_documentation.html#rendering-documentation
note,Opening MyST Markdown files in the Jupyter Notebook application#,https://docs.scipy.org/doc/scipy/dev/contributor/rendering_documentation.html#rendering-documentation
note,"md
files in the Jupyter Notebook application and execute them, just as you would
with a .",https://docs.scipy.org/doc/scipy/dev/contributor/rendering_documentation.html#rendering-documentation
must,"Use “must”, not “should”#",https://docs.scipy.org/doc/scipy/dev/contributor/rendering_documentation.html#rendering-documentation
should,"Use “must”, not “should”#",https://docs.scipy.org/doc/scipy/dev/contributor/rendering_documentation.html#rendering-documentation
must,"When specifying a required condition on the input parameters, the
word “must” is preferable to “should”.",https://docs.scipy.org/doc/scipy/dev/contributor/rendering_documentation.html#rendering-documentation
should,"When specifying a required condition on the input parameters, the
word “must” is preferable to “should”.",https://docs.scipy.org/doc/scipy/dev/contributor/rendering_documentation.html#rendering-documentation
must,"For many English speakers,
“must” implies a stronger constraint than “should”,  e.",https://docs.scipy.org/doc/scipy/dev/contributor/rendering_documentation.html#rendering-documentation
should,"For many English speakers,
“must” implies a stronger constraint than “should”,  e.",https://docs.scipy.org/doc/scipy/dev/contributor/rendering_documentation.html#rendering-documentation
must,"“I must
have oxygen to live” versus “I should exercise more”.",https://docs.scipy.org/doc/scipy/dev/contributor/rendering_documentation.html#rendering-documentation
should,"“I must
have oxygen to live” versus “I should exercise more”.",https://docs.scipy.org/doc/scipy/dev/contributor/rendering_documentation.html#rendering-documentation
note,"For a new function, the ‘versionadded’ markup goes in the “Notes” section,
not in the description at the beginning of the docstring.",https://docs.scipy.org/doc/scipy/dev/contributor/rendering_documentation.html#rendering-documentation
note,"For a new function, the ‘versionadded’ markup goes in the “Notes” section,
not in the description at the beginning of the docstring.",https://docs.scipy.org/doc/scipy/dev/contributor/rendering_documentation.html#rendering-documentation
must,"Each “Example” section (both in docstrings and general documentation)
must be self-contained.",https://docs.scipy.org/doc/scipy/dev/contributor/rendering_documentation.html#rendering-documentation
must,"This means that all imports
must be explicit, the data used must be defined, and the code should “just
work” when copy-pasted into a fresh Python interpreter.",https://docs.scipy.org/doc/scipy/dev/contributor/rendering_documentation.html#rendering-documentation
should,"This means that all imports
must be explicit, the data used must be defined, and the code should “just
work” when copy-pasted into a fresh Python interpreter.",https://docs.scipy.org/doc/scipy/dev/contributor/rendering_documentation.html#rendering-documentation
must,"Blank lines must separate each code block from the explanatory
text.",https://docs.scipy.org/doc/scipy/dev/contributor/rendering_documentation.html#rendering-documentation
must,"Generator must be
used.",https://docs.scipy.org/doc/scipy/dev/contributor/rendering_documentation.html#rendering-documentation
should,"The consequence is that users cannot
reproduce the results of the example exactly, so examples using random data
should not refer to precise numerical values based on random data or rely on
them to make their point.",https://docs.scipy.org/doc/scipy/dev/contributor/rendering_documentation.html#rendering-documentation
should,New code should use scipy.,https://docs.scipy.org/doc/scipy/dev/contributor/rendering_documentation.html#rendering-documentation
note,Release notes,https://docs.scipy.org/doc/scipy/dev/contributor/pep8.html#pep8-scipy
should,"All SciPy Python code should adhere to PEP8 style guidelines, with the exception
that line length should be limited to 88 characters rather than 79.",https://docs.scipy.org/doc/scipy/dev/contributor/pep8.html#pep8-scipy
note,"Note, however, that SciPy’s linting configuration may not match
that of your IDE exactly.",https://docs.scipy.org/doc/scipy/dev/contributor/pep8.html#pep8-scipy
note,"Note, however, that SciPy’s linting configuration may not match
that of your IDE exactly.",https://docs.scipy.org/doc/scipy/dev/contributor/pep8.html#pep8-scipy
only,"This practice ensures that the codebase is gradually cleaned up
without dedicating precious review time to style-only cleanups.",https://docs.scipy.org/doc/scipy/dev/contributor/pep8.html#pep8-scipy
only,"This practice ensures that the codebase is gradually cleaned up
without dedicating precious review time to style-only cleanups.",https://docs.scipy.org/doc/scipy/dev/contributor/pep8.html#pep8-scipy
note,Release notes,https://docs.scipy.org/doc/scipy/dev/gitwash/gitwash.html#git-development
should,"You may well find better or quicker ways
of getting stuff done with git, but these should get you started.",https://docs.scipy.org/doc/scipy/dev/gitwash/gitwash.html#git-development
note,Release notes,https://docs.scipy.org/doc/scipy/dev/triage.html#triaging
should,"While there is no formal process to receive triage rights, the
expectation is that someone should be active as a contributor before joining
the team.",https://docs.scipy.org/doc/scipy/dev/triage.html#triaging
note,Release notes,https://docs.scipy.org/doc/scipy/dev/gitwash/development_setup.html#git-start
must,"In order to use git on your machine you must first
install git.",https://docs.scipy.org/doc/scipy/dev/gitwash/development_setup.html#git-start
must,"In order to use git on your machine you must first
install git.",https://docs.scipy.org/doc/scipy/dev/gitwash/development_setup.html#git-start
only once,You need to do this only once.,https://docs.scipy.org/doc/scipy/dev/gitwash/development_setup.html#git-start
only,You need to do this only once.,https://docs.scipy.org/doc/scipy/dev/gitwash/development_setup.html#git-start
should,"Your config file should now look something like (from
$ cat .",https://docs.scipy.org/doc/scipy/dev/gitwash/development_setup.html#git-start
note,Release notes,https://docs.scipy.org/doc/scipy/dev/gitwash/useful_git.html#pushing-to-main
note,Note,https://docs.scipy.org/doc/scipy/dev/gitwash/useful_git.html#pushing-to-main
note,Note,https://docs.scipy.org/doc/scipy/dev/gitwash/useful_git.html#pushing-to-main
only,Do this only for your own feature branches.,https://docs.scipy.org/doc/scipy/dev/gitwash/useful_git.html#pushing-to-main
note,(Note the colon : before test-branch.,https://docs.scipy.org/doc/scipy/dev/gitwash/useful_git.html#pushing-to-main
only,"Remember that links starting with git@ use the ssh protocol and are
read-write; links starting with git:// are read-only.",https://docs.scipy.org/doc/scipy/dev/gitwash/useful_git.html#pushing-to-main
only,This is only relevant if you have commit rights to the main SciPy repo.,https://docs.scipy.org/doc/scipy/dev/gitwash/useful_git.html#pushing-to-main
only,"Only a few, unrelated commits then prefer rebasing:
git fetch upstream
git rebase upstream/main


See Rebasing on main.",https://docs.scipy.org/doc/scipy/dev/gitwash/useful_git.html#pushing-to-main
only,"Only a few, unrelated commits then prefer rebasing:
git fetch upstream
git rebase upstream/main


See Rebasing on main.",https://docs.scipy.org/doc/scipy/dev/gitwash/useful_git.html#pushing-to-main
only,"Only a few, unrelated commits then prefer rebasing:",https://docs.scipy.org/doc/scipy/dev/gitwash/useful_git.html#pushing-to-main
note,Note,https://docs.scipy.org/doc/scipy/dev/gitwash/useful_git.html#pushing-to-main
note,Release notes,https://docs.scipy.org/doc/scipy/dev/contributor/continuous_integration.html#continuous-integration
note,Note,https://docs.scipy.org/doc/scipy/dev/contributor/continuous_integration.html#continuous-integration
must,"A PR must pass all these checks
before it can be merged as to ensure a sustainable state of the project.",https://docs.scipy.org/doc/scipy/dev/contributor/continuous_integration.html#continuous-integration
should,"Ultimately, resources are limited and we should use them with care.",https://docs.scipy.org/doc/scipy/dev/contributor/continuous_integration.html#continuous-integration
only,[docs only]: will skip all but the CircleCI checks and the linter,https://docs.scipy.org/doc/scipy/dev/contributor/continuous_integration.html#continuous-integration
only,[docs only]: will skip all but the CircleCI checks and the linter,https://docs.scipy.org/doc/scipy/dev/contributor/continuous_integration.html#continuous-integration
only,[lint only]: will skip all but the linter,https://docs.scipy.org/doc/scipy/dev/contributor/continuous_integration.html#continuous-integration
only,[lint only]: will skip all but the linter,https://docs.scipy.org/doc/scipy/dev/contributor/continuous_integration.html#continuous-integration
should,This skip information should be placed on a new line.,https://docs.scipy.org/doc/scipy/dev/contributor/continuous_integration.html#continuous-integration
note,Release notes,https://docs.scipy.org/doc/scipy/dev/contributor/reviewing_prs.html#reviewing-prs
note,Release notes,https://docs.scipy.org/doc/scipy/dev/contributor/adding_new.html#adding-new
not support,"At this time, adding new specializations/reparametrizations of existing
distributions to SciPy is not supported,  mainly due to the increase in user
confusion resulting from such additions.",https://docs.scipy.org/doc/scipy/dev/contributor/adding_new.html#adding-new
not support,"At this time, adding new specializations/reparametrizations of existing
distributions to SciPy is not supported,  mainly due to the increase in user
confusion resulting from such additions.",https://docs.scipy.org/doc/scipy/dev/contributor/adding_new.html#adding-new
note,Release notes,https://docs.scipy.org/doc/scipy/dev/missing-bits.html#missing-bits
should,"For new functions or methods with more than a few arguments, all parameters
after the first few “obvious” ones should require the use of the keyword
when given.",https://docs.scipy.org/doc/scipy/dev/missing-bits.html#missing-bits
must,"To call foo, all parameters other than x must be given with an
explicit keyword, e.",https://docs.scipy.org/doc/scipy/dev/missing-bits.html#missing-bits
only,"This is fairly standard if the return class is public, but
return classes should only be public if 1) they are intended to be imported by
end-users and 2) if they have been approved by the mailing list.",https://docs.scipy.org/doc/scipy/dev/missing-bits.html#missing-bits
should,"This is fairly standard if the return class is public, but
return classes should only be public if 1) they are intended to be imported by
end-users and 2) if they have been approved by the mailing list.",https://docs.scipy.org/doc/scipy/dev/missing-bits.html#missing-bits
note,"For complex,
private return classes, please see  how binomtest summarizes
BinomTestResult and links to its documentation,
and note that BinomTestResult cannot be imported from stats.",https://docs.scipy.org/doc/scipy/dev/missing-bits.html#missing-bits
note,Release notes,https://docs.scipy.org/doc/scipy/dev/contributor/cython.html#adding-cython
only,"There are only two things you need to do in order for SciPy compile your
code with Cython:",https://docs.scipy.org/doc/scipy/dev/contributor/cython.html#adding-cython
note,Note that scipy/optimize/_linprog_rs.,https://docs.scipy.org/doc/scipy/dev/contributor/cython.html#adding-cython
only,"There is nothing
about the way they are imported or used that suggests that they are
written in Cython; the only way so far that we can tell they are Cython
classes is that they are defined in a file with a .",https://docs.scipy.org/doc/scipy/dev/contributor/cython.html#adding-cython
only,"The only thing left is to add the build configuration, which will look
something like:",https://docs.scipy.org/doc/scipy/dev/contributor/cython.html#adding-cython
note,Note that an extension module (a .,https://docs.scipy.org/doc/scipy/dev/contributor/cython.html#adding-cython
note,Note that an extension module (a .,https://docs.scipy.org/doc/scipy/dev/contributor/cython.html#adding-cython
note,"pyx


Note that this creates a new .",https://docs.scipy.org/doc/scipy/dev/contributor/cython.html#adding-cython
note,Note that this creates a new .,https://docs.scipy.org/doc/scipy/dev/contributor/cython.html#adding-cython
note,Release notes,https://docs.scipy.org/doc/scipy/dev/contributor/compiled_code.html#other-languages
only,"Currently, the only option for languages other
than Python that we have extra documentation for is Cython.",https://docs.scipy.org/doc/scipy/dev/contributor/compiled_code.html#other-languages
only,"A lot of the existing Fortran
code in SciPy is older, battle-tested code that was only wrapped in (but not
specifically written for) Python/SciPy.",https://docs.scipy.org/doc/scipy/dev/contributor/compiled_code.html#other-languages
note,Release notes,https://docs.scipy.org/doc/scipy/dev/contributor/public_cython_api.html#public-cython-api
must,"pxd files are used when code written
by users is compiled, but they must also match with what is
available in SciPy when the user code is imported.",https://docs.scipy.org/doc/scipy/dev/contributor/public_cython_api.html#public-cython-api
only,"If the SciPy code is structured correctly (see below),
this check is performed only for functions that are actually imported
in the user code.",https://docs.scipy.org/doc/scipy/dev/contributor/public_cython_api.html#public-cython-api
should,"Removing cdef declarations is allowed, but should follow
general deprecation/removal policy.",https://docs.scipy.org/doc/scipy/dev/contributor/public_cython_api.html#public-cython-api
should,"Removing cdef declarations is allowed, but should follow
general deprecation/removal policy.",https://docs.scipy.org/doc/scipy/dev/contributor/public_cython_api.html#public-cython-api
should,"However, changes result in a backward incompatible API change which
breaks any code using the changed signature, and should follow
general deprecation/removal policy.",https://docs.scipy.org/doc/scipy/dev/contributor/public_cython_api.html#public-cython-api
should,"However, changes result in a backward incompatible API change which
breaks any code using the changed signature, and should follow
general deprecation/removal policy.",https://docs.scipy.org/doc/scipy/dev/contributor/public_cython_api.html#public-cython-api
must,"Once a declaration is exposed in the
public Cython API in a released SciPy version, it must not be
changed.",https://docs.scipy.org/doc/scipy/dev/contributor/public_cython_api.html#public-cython-api
must,"Once a declaration is exposed in the
public Cython API in a released SciPy version, it must not be
changed.",https://docs.scipy.org/doc/scipy/dev/contributor/public_cython_api.html#public-cython-api
must,"cdef classes are not allowed in the public APIs (TBD:
backward compatibility of cdef classes needs more research, but must
not be allowed when we are not sure)",https://docs.scipy.org/doc/scipy/dev/contributor/public_cython_api.html#public-cython-api
must,"cdef classes are not allowed in the public APIs (TBD:
backward compatibility of cdef classes needs more research, but must
not be allowed when we are not sure)",https://docs.scipy.org/doc/scipy/dev/contributor/public_cython_api.html#public-cython-api
should,"The public interface declaration file should not contain
cimport statements.",https://docs.scipy.org/doc/scipy/dev/contributor/public_cython_api.html#public-cython-api
only,"If it does, Cython’s signature check will
check all of the cimported functions, not only the ones that are
used by user code, so that changing one of them breaks the whole
API.",https://docs.scipy.org/doc/scipy/dev/contributor/public_cython_api.html#public-cython-api
should,"The public interface declaration file should not contain
cimport statements.",https://docs.scipy.org/doc/scipy/dev/contributor/public_cython_api.html#public-cython-api
only,"If it does, Cython’s signature check will
check all of the cimported functions, not only the ones that are
used by user code, so that changing one of them breaks the whole
API.",https://docs.scipy.org/doc/scipy/dev/contributor/public_cython_api.html#public-cython-api
should,"The interface declarations should not contain any
declarations of struct members.",https://docs.scipy.org/doc/scipy/dev/contributor/public_cython_api.html#public-cython-api
should,"Allocation, freeing, and attribute
access of data structures should be done with functions.",https://docs.scipy.org/doc/scipy/dev/contributor/public_cython_api.html#public-cython-api
should,"The interface declarations should not contain any
declarations of struct members.",https://docs.scipy.org/doc/scipy/dev/contributor/public_cython_api.html#public-cython-api
should,"Allocation, freeing, and attribute
access of data structures should be done with functions.",https://docs.scipy.org/doc/scipy/dev/contributor/public_cython_api.html#public-cython-api
warning,"After this, Cython modules that cimport somefunc, will emit a
DeprecationWarning at import time.",https://docs.scipy.org/doc/scipy/dev/contributor/public_cython_api.html#public-cython-api
warning,"Whole Cython modules can be deprecated similarly as Python modules, by
emitting a DeprecationWarning on the top-level.",https://docs.scipy.org/doc/scipy/dev/contributor/public_cython_api.html#public-cython-api
note,Release notes,https://docs.scipy.org/doc/scipy/dev/api-dev/nan_policy.html
warning,"Do not generate a warning
if the input contains nan (unless the equivalent input with the
nan values removed would generate a warning).",https://docs.scipy.org/doc/scipy/dev/api-dev/nan_policy.html
should,"0], nan_policy='omit')


should behave the same as:
func([1.",https://docs.scipy.org/doc/scipy/dev/api-dev/nan_policy.html
should,"0])


More generally, for functions that return a scalar,
func(a, nan_policy='omit') should behave the same as
func(a[~np.",https://docs.scipy.org/doc/scipy/dev/api-dev/nan_policy.html
should,"boxcox when lmbda is None),:
y = func(a, nan_policy='omit')


should behave the same as:
nan_mask = np.",https://docs.scipy.org/doc/scipy/dev/api-dev/nan_policy.html
should,"Unit tests for this property should be used to test functions that
handle nan_policy.",https://docs.scipy.org/doc/scipy/dev/api-dev/nan_policy.html
should,"So:
func(a, b, nan_policy='omit')


should behave the same as:
func(a[~np.",https://docs.scipy.org/doc/scipy/dev/api-dev/nan_policy.html
should,"For a function with two
related array inputs, this means:
y = func(a, b, nan_policy='omit')


should behave the same as:
hasnan = np.",https://docs.scipy.org/doc/scipy/dev/api-dev/nan_policy.html
should,"y = func(a[~hasnan], b[~hasnan])


The docstring for such a function should clearly state this behavior.",https://docs.scipy.org/doc/scipy/dev/api-dev/nan_policy.html
warning,"Do not generate a warning
if the input contains nan (unless the equivalent input with the
nan values removed would generate a warning).",https://docs.scipy.org/doc/scipy/dev/api-dev/nan_policy.html
should,should behave the same as:,https://docs.scipy.org/doc/scipy/dev/api-dev/nan_policy.html
should,"More generally, for functions that return a scalar,
func(a, nan_policy='omit') should behave the same as
func(a[~np.",https://docs.scipy.org/doc/scipy/dev/api-dev/nan_policy.html
should,should behave the same as:,https://docs.scipy.org/doc/scipy/dev/api-dev/nan_policy.html
should,"Unit tests for this property should be used to test functions that
handle nan_policy.",https://docs.scipy.org/doc/scipy/dev/api-dev/nan_policy.html
should,should behave the same as:,https://docs.scipy.org/doc/scipy/dev/api-dev/nan_policy.html
should,should behave the same as:,https://docs.scipy.org/doc/scipy/dev/api-dev/nan_policy.html
should,The docstring for such a function should clearly state this behavior.,https://docs.scipy.org/doc/scipy/dev/api-dev/nan_policy.html
must,must give the result:,https://docs.scipy.org/doc/scipy/dev/api-dev/nan_policy.html
should,"A function that implements the nan_policy parameter should gracefully
handle the case where all the values in the input array(s) are nan.",https://docs.scipy.org/doc/scipy/dev/api-dev/nan_policy.html
should,should behave the same as:,https://docs.scipy.org/doc/scipy/dev/api-dev/nan_policy.html
note,Footnotes,https://docs.scipy.org/doc/scipy/dev/api-dev/nan_policy.html
only,"If an element of the output depends only on the corresponding
element of the input (e.",https://docs.scipy.org/doc/scipy/dev/api-dev/nan_policy.html
note,Release notes,https://docs.scipy.org/doc/scipy/dev/api-dev/special_ufuncs.html
only,"If starting from scratch then Cython should be preferred
because the code is easier to maintain for developers only familiar
with Python.",https://docs.scipy.org/doc/scipy/dev/api-dev/special_ufuncs.html
should,"If starting from scratch then Cython should be preferred
because the code is easier to maintain for developers only familiar
with Python.",https://docs.scipy.org/doc/scipy/dev/api-dev/special_ufuncs.html
should,"When writing the parameters section of the documentation for ufuncs,
the type of an argument should be array_like.",https://docs.scipy.org/doc/scipy/dev/api-dev/special_ufuncs.html
should,"real or complex-valued should be saved
for the description.",https://docs.scipy.org/doc/scipy/dev/api-dev/special_ufuncs.html
should,"When documenting the returns section, the type of the returned value
should be scalar or ndarray since ufuncs return scalars when given
scalars as arguments.",https://docs.scipy.org/doc/scipy/dev/api-dev/special_ufuncs.html
note,Release notes,https://docs.scipy.org/doc/scipy/dev/api-dev/array_api.html
note,Implementation notes,https://docs.scipy.org/doc/scipy/dev/api-dev/array_api.html
note,Note,https://docs.scipy.org/doc/scipy/dev/api-dev/array_api.html
only,"Only a small part of the public API is covered
right now.",https://docs.scipy.org/doc/scipy/dev/api-dev/array_api.html
note,"In the following, an array API compatible namespace is noted as xp.",https://docs.scipy.org/doc/scipy/dev/api-dev/array_api.html
must,"To enable the array API standard support, an environment variable must be set
before importing SciPy:",https://docs.scipy.org/doc/scipy/dev/api-dev/array_api.html
note,"Note that this environment variable is
meant to be temporary, as a way to make incremental changes and merge them into
``main`` without affecting backwards compatibility immediately.",https://docs.scipy.org/doc/scipy/dev/api-dev/array_api.html
note,Note that the above example works for PyTorch CPU tensors.,https://docs.scipy.org/doc/scipy/dev/api-dev/array_api.html
note,Implementation notes#,https://docs.scipy.org/doc/scipy/dev/api-dev/array_api.html
should,"That should not change behavior of SciPy
functions, it’s effectively the existing numpy namespace with a number of
aliases added and a handful of functions amended/added for array API standard
support.",https://docs.scipy.org/doc/scipy/dev/api-dev/array_api.html
should,"As much as possible, new code added to SciPy should try to follow as closely as
possible the array API standard (these functions typically are best-practice
idioms for NumPy usage as well).",https://docs.scipy.org/doc/scipy/dev/api-dev/array_api.html
note,"Note that if one input is a non-numpy array type, all array-like inputs have to
be of that type; trying to mix non-numpy arrays with lists, Python scalars or
other arbitrary Python objects will raise an exception.",https://docs.scipy.org/doc/scipy/dev/api-dev/array_api.html
only,"Going through compiled code requires going back to a NumPy array, because
SciPy’s extension modules only work with NumPy arrays (or memoryviews in the
case of Cython), but not with other array types.",https://docs.scipy.org/doc/scipy/dev/api-dev/array_api.html
should,"For arrays on CPU, the
conversions should be zero-copy, while on GPU and other devices the attempt at
conversion will raise an exception.",https://docs.scipy.org/doc/scipy/dev/api-dev/array_api.html
only,"To test a library
that has multiple devices with a non-default device, a second environment
variable (SCIPY_DEVICE, only used in the test suite) can be set.",https://docs.scipy.org/doc/scipy/dev/api-dev/array_api.html
only,"for PyTorch (currently the
only library with multi-device support that is known to work) valid values are
""cpu"", ""cuda"", ""mps"".",https://docs.scipy.org/doc/scipy/dev/api-dev/array_api.html
note,Note that there is a GitHub Actions workflow which runs pytorch-cpu.,https://docs.scipy.org/doc/scipy/dev/api-dev/array_api.html
note,Release notes,https://docs.scipy.org/doc/scipy/reference/generated/scipy.interpolate.BSpline.design_matrix.html#scipy.interpolate.BSpline.design_matrix
note,Notes,https://docs.scipy.org/doc/scipy/reference/generated/scipy.interpolate.BSpline.design_matrix.html#scipy.interpolate.BSpline.design_matrix
should,"nt is a length of the vector of knots: as far as there are
nt - k - 1 basis elements, nt should be not less than 2 * k + 2
to have at least k + 1 basis element.",https://docs.scipy.org/doc/scipy/reference/generated/scipy.interpolate.BSpline.design_matrix.html#scipy.interpolate.BSpline.design_matrix
note,Release notes,https://docs.scipy.org/doc/scipy/reference/generated/scipy.stats.gaussian_kde.marginal.html#scipy.stats.gaussian_kde.marginal
note,Notes,https://docs.scipy.org/doc/scipy/reference/generated/scipy.stats.gaussian_kde.marginal.html#scipy.stats.gaussian_kde.marginal
note,Release notes,https://docs.scipy.org/doc/scipy/reference/generated/scipy.stats.gaussian_kde.logpdf.html#scipy.stats.gaussian_kde.logpdf
note,Release notes,https://docs.scipy.org/doc/scipy/reference/generated/scipy.spatial.transform.Rotation.from_quat.html#scipy.spatial.transform.Rotation.from_quat
only,"0, the
following subset (and only this subset) of operations on a Rotation
r corresponding to a quaternion q are guaranteed to preserve
the double cover property: r = Rotation.",https://docs.scipy.org/doc/scipy/reference/generated/scipy.spatial.transform.Rotation.from_quat.html#scipy.spatial.transform.Rotation.from_quat
note,Release notes,https://docs.scipy.org/doc/scipy/reference/generated/scipy.spatial.transform.Rotation.as_quat.html#scipy.spatial.transform.Rotation.as_quat
note,Release notes,https://docs.scipy.org/doc/scipy/reference/generated/scipy.stats.gaussian_kde.resample.html#scipy.stats.gaussian_kde.resample
note,Release notes,https://docs.scipy.org/doc/scipy/reference/generated/scipy.spatial.cKDTree.query_ball_point.html#scipy.spatial.cKDTree.query_ball_point
should,"Should be in the range [1, inf].",https://docs.scipy.org/doc/scipy/reference/generated/scipy.spatial.cKDTree.query_ball_point.html#scipy.spatial.cKDTree.query_ball_point
note,Notes,https://docs.scipy.org/doc/scipy/reference/generated/scipy.spatial.cKDTree.query_ball_point.html#scipy.spatial.cKDTree.query_ball_point
note,Release notes,https://docs.scipy.org/doc/scipy/reference/generated/scipy.sparse.bsr_matrix.tocsr.html#scipy.sparse.bsr_matrix.tocsr
note,Release notes,https://docs.scipy.org/doc/scipy/reference/generated/scipy.sparse.bsr_matrix.tocsc.html#scipy.sparse.bsr_matrix.tocsc
note,Release notes,https://docs.scipy.org/doc/scipy/reference/generated/scipy.spatial.SphericalVoronoi.sort_vertices_of_regions.html#scipy.spatial.SphericalVoronoi.sort_vertices_of_regions
note,Notes,https://docs.scipy.org/doc/scipy/reference/generated/scipy.spatial.SphericalVoronoi.sort_vertices_of_regions.html#scipy.spatial.SphericalVoronoi.sort_vertices_of_regions
note,Release notes,https://docs.scipy.org/doc/scipy/reference/generated/scipy.interpolate.BPoly.from_derivatives.html#scipy.interpolate.BPoly.from_derivatives
note,Notes,https://docs.scipy.org/doc/scipy/reference/generated/scipy.interpolate.BPoly.from_derivatives.html#scipy.interpolate.BPoly.from_derivatives
note,Release notes,https://docs.scipy.org/doc/scipy/reference/generated/scipy.integrate.ode.set_solout.html#scipy.integrate.ode.set_solout
note,Release notes,https://docs.scipy.org/doc/scipy/reference/generated/scipy.integrate.ode.set_initial_value.html#scipy.integrate.ode.set_initial_value
note,Release notes,https://docs.scipy.org/doc/scipy/reference/generated/scipy.LowLevelCallable.from_cython.html#scipy.LowLevelCallable.from_cython
note,Release notes,https://docs.scipy.org/doc/scipy/reference/generated/scipy.integrate.RK45.dense_output.html#scipy.integrate.RK45.dense_output
note,Release notes,https://docs.scipy.org/doc/scipy/reference/generated/scipy.integrate.RK45.step.html#scipy.integrate.RK45.step
note,Release notes,https://docs.scipy.org/doc/scipy/reference/generated/scipy.integrate.RK23.step.html
note,Release notes,https://docs.scipy.org/doc/scipy/reference/generated/scipy.integrate.Radau.dense_output.html#scipy.integrate.Radau.dense_output
note,Release notes,https://docs.scipy.org/doc/scipy/reference/generated/scipy.integrate.Radau.step.html#scipy.integrate.Radau.step
note,Release notes,https://docs.scipy.org/doc/scipy/reference/generated/scipy.integrate.DOP853.step.html
note,Release notes,https://docs.scipy.org/doc/scipy/reference/generated/scipy.integrate.OdeSolution.__call__.html
note,Release notes,https://docs.scipy.org/doc/scipy/reference/generated/scipy.optimize.LinearConstraint.residual.html#scipy.optimize.LinearConstraint.residual
note,Release notes,https://docs.scipy.org/doc/scipy/reference/generated/scipy.optimize.Bounds.residual.html#scipy.optimize.Bounds.residual
note,Release notes,https://docs.scipy.org/doc/scipy/reference/generated/scipy.sparse.linalg.LinearOperator.__call__.html#scipy.sparse.linalg.LinearOperator.__call__
note,Release notes,https://docs.scipy.org/doc/scipy/reference/generated/scipy.sparse.linalg.LinearOperator.adjoint.html#scipy.sparse.linalg.LinearOperator.adjoint
note,Release notes,https://docs.scipy.org/doc/scipy/reference/generated/scipy.sparse.linalg.LinearOperator.dot.html#scipy.sparse.linalg.LinearOperator.dot
note,Release notes,https://docs.scipy.org/doc/scipy/reference/generated/scipy.sparse.linalg.LinearOperator.matmat.html#scipy.sparse.linalg.LinearOperator.matmat
note,Notes,https://docs.scipy.org/doc/scipy/reference/generated/scipy.sparse.linalg.LinearOperator.matmat.html#scipy.sparse.linalg.LinearOperator.matmat
note,Release notes,https://docs.scipy.org/doc/scipy/reference/generated/scipy.sparse.linalg.LinearOperator.matvec.html#scipy.sparse.linalg.LinearOperator.matvec
note,Notes,https://docs.scipy.org/doc/scipy/reference/generated/scipy.sparse.linalg.LinearOperator.matvec.html#scipy.sparse.linalg.LinearOperator.matvec
note,Release notes,https://docs.scipy.org/doc/scipy/reference/generated/scipy.sparse.linalg.LinearOperator.rmatmat.html#scipy.sparse.linalg.LinearOperator.rmatmat
note,Notes,https://docs.scipy.org/doc/scipy/reference/generated/scipy.sparse.linalg.LinearOperator.rmatmat.html#scipy.sparse.linalg.LinearOperator.rmatmat
note,Release notes,https://docs.scipy.org/doc/scipy/reference/generated/scipy.sparse.linalg.LinearOperator.rmatvec.html#scipy.sparse.linalg.LinearOperator.rmatvec
note,Notes,https://docs.scipy.org/doc/scipy/reference/generated/scipy.sparse.linalg.LinearOperator.rmatvec.html#scipy.sparse.linalg.LinearOperator.rmatvec
note,Release notes,https://docs.scipy.org/doc/scipy/reference/generated/scipy.sparse.linalg.LinearOperator.transpose.html#scipy.sparse.linalg.LinearOperator.transpose
note,Release notes,https://docs.scipy.org/doc/scipy/reference/generated/scipy.optimize.HessianUpdateStrategy.dot.html#scipy.optimize.HessianUpdateStrategy.dot
note,Release notes,https://docs.scipy.org/doc/scipy/reference/generated/scipy.optimize.HessianUpdateStrategy.get_matrix.html#scipy.optimize.HessianUpdateStrategy.get_matrix
note,Release notes,https://docs.scipy.org/doc/scipy/reference/generated/scipy.optimize.HessianUpdateStrategy.initialize.html#scipy.optimize.HessianUpdateStrategy.initialize
note,Release notes,https://docs.scipy.org/doc/scipy/reference/generated/scipy.optimize.HessianUpdateStrategy.update.html#scipy.optimize.HessianUpdateStrategy.update
note,Release notes,https://docs.scipy.org/doc/scipy/reference/generated/scipy.optimize.LbfgsInvHessProduct.transpose.html
note,Release notes,https://docs.scipy.org/doc/scipy/reference/generated/scipy.optimize.BFGS.dot.html#scipy.optimize.BFGS.dot
note,Release notes,https://docs.scipy.org/doc/scipy/reference/generated/scipy.optimize.BFGS.get_matrix.html#scipy.optimize.BFGS.get_matrix
note,Release notes,https://docs.scipy.org/doc/scipy/reference/generated/scipy.optimize.BFGS.initialize.html#scipy.optimize.BFGS.initialize
note,Release notes,https://docs.scipy.org/doc/scipy/reference/generated/scipy.optimize.BFGS.update.html#scipy.optimize.BFGS.update
note,Release notes,https://docs.scipy.org/doc/scipy/reference/generated/scipy.optimize.SR1.dot.html#scipy.optimize.SR1.dot
note,Release notes,https://docs.scipy.org/doc/scipy/reference/generated/scipy.optimize.SR1.get_matrix.html#scipy.optimize.SR1.get_matrix
note,Release notes,https://docs.scipy.org/doc/scipy/reference/generated/scipy.optimize.SR1.initialize.html#scipy.optimize.SR1.initialize
note,Release notes,https://docs.scipy.org/doc/scipy/reference/generated/scipy.optimize.SR1.update.html#scipy.optimize.SR1.update
note,Release notes,https://docs.scipy.org/doc/scipy/reference/generated/scipy.interpolate.BSpline.basis_element.html#scipy.interpolate.BSpline.basis_element
note,Notes,https://docs.scipy.org/doc/scipy/reference/generated/scipy.interpolate.BSpline.basis_element.html#scipy.interpolate.BSpline.basis_element
note,Release notes,https://docs.scipy.org/doc/scipy/reference/generated/scipy.interpolate.PPoly.from_spline.html#scipy.interpolate.PPoly.from_spline
note,Note that this function only supports 1D splines out of the box.,https://docs.scipy.org/doc/scipy/reference/generated/scipy.interpolate.PPoly.from_spline.html#scipy.interpolate.PPoly.from_spline
only,Note that this function only supports 1D splines out of the box.,https://docs.scipy.org/doc/scipy/reference/generated/scipy.interpolate.PPoly.from_spline.html#scipy.interpolate.PPoly.from_spline
note,Note that c is a list of two arrays of length 11.,https://docs.scipy.org/doc/scipy/reference/generated/scipy.interpolate.PPoly.from_spline.html#scipy.interpolate.PPoly.from_spline
note,"Note that the coefficients of the polynomials polys are in the
power basis and their dimensions reflect just that: here 4 is the order
(degree+1), and 14 is the number of intervals—which is nothing but
the length of the knot array of the original tck minus one.",https://docs.scipy.org/doc/scipy/reference/generated/scipy.interpolate.PPoly.from_spline.html#scipy.interpolate.PPoly.from_spline
note,Release notes,https://docs.scipy.org/doc/scipy/reference/generated/scipy.interpolate.BSpline.from_power_basis.html#scipy.interpolate.BSpline.from_power_basis
only,"For now, accepts CubicSpline instances only.",https://docs.scipy.org/doc/scipy/reference/generated/scipy.interpolate.BSpline.from_power_basis.html#scipy.interpolate.BSpline.from_power_basis
note,Notes,https://docs.scipy.org/doc/scipy/reference/generated/scipy.interpolate.BSpline.from_power_basis.html#scipy.interpolate.BSpline.from_power_basis
only,Accepts only CubicSpline instances for now.,https://docs.scipy.org/doc/scipy/reference/generated/scipy.interpolate.BSpline.from_power_basis.html#scipy.interpolate.BSpline.from_power_basis
note,Release notes,https://docs.scipy.org/doc/scipy/reference/generated/scipy.interpolate.UnivariateSpline.__call__.html#scipy.interpolate.UnivariateSpline.__call__
note,"Note: x can be unordered but the
evaluation is more efficient if x is (partially) ordered.",https://docs.scipy.org/doc/scipy/reference/generated/scipy.interpolate.UnivariateSpline.__call__.html#scipy.interpolate.UnivariateSpline.__call__
note,Release notes,https://docs.scipy.org/doc/scipy/reference/generated/scipy.interpolate.UnivariateSpline.integral.html#scipy.interpolate.UnivariateSpline.integral
note,Release notes,https://docs.scipy.org/doc/scipy/reference/generated/scipy.interpolate.UnivariateSpline.derivatives.html#scipy.interpolate.UnivariateSpline.derivatives
note,Release notes,https://docs.scipy.org/doc/scipy/reference/generated/scipy.interpolate.UnivariateSpline.roots.html#scipy.interpolate.UnivariateSpline.roots
note,Notes,https://docs.scipy.org/doc/scipy/reference/generated/scipy.interpolate.UnivariateSpline.roots.html#scipy.interpolate.UnivariateSpline.roots
only,Restriction: only cubic splines are supported by FITPACK.,https://docs.scipy.org/doc/scipy/reference/generated/scipy.interpolate.UnivariateSpline.roots.html#scipy.interpolate.UnivariateSpline.roots
note,Release notes,https://docs.scipy.org/doc/scipy/reference/generated/scipy.interpolate.CubicSpline.extend.html#scipy.interpolate.CubicSpline.extend
note,"Note that
the first additional interval will be formed using one of the
self.",https://docs.scipy.org/doc/scipy/reference/generated/scipy.interpolate.CubicSpline.extend.html#scipy.interpolate.CubicSpline.extend
must,"Must be sorted in the same order as
self.",https://docs.scipy.org/doc/scipy/reference/generated/scipy.interpolate.CubicSpline.extend.html#scipy.interpolate.CubicSpline.extend
note,Release notes,https://docs.scipy.org/doc/scipy/reference/generated/scipy.interpolate.CubicSpline.__call__.html#scipy.interpolate.CubicSpline.__call__
must,Must be non-negative.,https://docs.scipy.org/doc/scipy/reference/generated/scipy.interpolate.CubicSpline.__call__.html#scipy.interpolate.CubicSpline.__call__
note,Notes,https://docs.scipy.org/doc/scipy/reference/generated/scipy.interpolate.CubicSpline.__call__.html#scipy.interpolate.CubicSpline.__call__
note,Release notes,https://docs.scipy.org/doc/scipy/reference/generated/scipy.interpolate.CubicSpline.derivative.html#scipy.interpolate.CubicSpline.derivative
note,Notes,https://docs.scipy.org/doc/scipy/reference/generated/scipy.interpolate.CubicSpline.derivative.html#scipy.interpolate.CubicSpline.derivative
note,Release notes,https://docs.scipy.org/doc/scipy/reference/generated/scipy.interpolate.CubicSpline.antiderivative.html#scipy.interpolate.CubicSpline.antiderivative
note,Notes,https://docs.scipy.org/doc/scipy/reference/generated/scipy.interpolate.CubicSpline.antiderivative.html#scipy.interpolate.CubicSpline.antiderivative
note,Release notes,https://docs.scipy.org/doc/scipy/reference/generated/scipy.interpolate.CubicSpline.integrate.html#scipy.interpolate.CubicSpline.integrate
note,Release notes,https://docs.scipy.org/doc/scipy/reference/generated/scipy.interpolate.CubicSpline.roots.html#scipy.interpolate.CubicSpline.roots
note,Release notes,https://docs.scipy.org/doc/scipy/reference/generated/scipy.interpolate.Akima1DInterpolator.roots.html
note,Release notes,https://docs.scipy.org/doc/scipy/reference/generated/scipy.interpolate.PchipInterpolator.__call__.html#scipy.interpolate.PchipInterpolator.__call__
must,Must be non-negative.,https://docs.scipy.org/doc/scipy/reference/generated/scipy.interpolate.PchipInterpolator.__call__.html#scipy.interpolate.PchipInterpolator.__call__
note,Notes,https://docs.scipy.org/doc/scipy/reference/generated/scipy.interpolate.PchipInterpolator.__call__.html#scipy.interpolate.PchipInterpolator.__call__
note,Release notes,https://docs.scipy.org/doc/scipy/reference/generated/scipy.interpolate.PchipInterpolator.derivative.html#scipy.interpolate.PchipInterpolator.derivative
note,Notes,https://docs.scipy.org/doc/scipy/reference/generated/scipy.interpolate.PchipInterpolator.derivative.html#scipy.interpolate.PchipInterpolator.derivative
note,Release notes,https://docs.scipy.org/doc/scipy/reference/generated/scipy.interpolate.PchipInterpolator.antiderivative.html#scipy.interpolate.PchipInterpolator.antiderivative
note,Notes,https://docs.scipy.org/doc/scipy/reference/generated/scipy.interpolate.PchipInterpolator.antiderivative.html#scipy.interpolate.PchipInterpolator.antiderivative
note,Release notes,https://docs.scipy.org/doc/scipy/reference/generated/scipy.interpolate.PchipInterpolator.roots.html#scipy.interpolate.PchipInterpolator.roots
note,Release notes,https://docs.scipy.org/doc/scipy/reference/generated/scipy.interpolate.CubicHermiteSpline.roots.html
note,Release notes,https://docs.scipy.org/doc/scipy/reference/generated/scipy.interpolate.interp1d.fill_value.html#scipy.interpolate.interp1d.fill_value
note,Release notes,https://docs.scipy.org/doc/scipy/reference/generated/scipy.interpolate.interp1d.__call__.html#scipy.interpolate.interp1d.__call__
note,Notes,https://docs.scipy.org/doc/scipy/reference/generated/scipy.interpolate.interp1d.__call__.html#scipy.interpolate.interp1d.__call__
must,"Input values x must be convertible to float values like int
or float.",https://docs.scipy.org/doc/scipy/reference/generated/scipy.interpolate.interp1d.__call__.html#scipy.interpolate.interp1d.__call__
note,Release notes,https://docs.scipy.org/doc/scipy/reference/generated/scipy.interpolate.RegularGridInterpolator.__call__.html#scipy.interpolate.RegularGridInterpolator.__call__
note,"See notes for behaviour when
xi.",https://docs.scipy.org/doc/scipy/reference/generated/scipy.interpolate.RegularGridInterpolator.__call__.html#scipy.interpolate.RegularGridInterpolator.__call__
note,Notes,https://docs.scipy.org/doc/scipy/reference/generated/scipy.interpolate.RegularGridInterpolator.__call__.html#scipy.interpolate.RegularGridInterpolator.__call__
note,Release notes,https://docs.scipy.org/doc/scipy/reference/generated/scipy.interpolate.NearestNDInterpolator.__call__.html#scipy.interpolate.NearestNDInterpolator.__call__
note,Release notes,https://docs.scipy.org/doc/scipy/reference/generated/scipy.interpolate.LinearNDInterpolator.__call__.html
note,Release notes,https://docs.scipy.org/doc/scipy/reference/generated/scipy.interpolate.CloughTocher2DInterpolator.__call__.html#scipy.interpolate.CloughTocher2DInterpolator.__call__
note,Release notes,https://docs.scipy.org/doc/scipy/reference/generated/scipy.interpolate.RBFInterpolator.__call__.html#scipy.interpolate.RBFInterpolator.__call__
note,Release notes,https://docs.scipy.org/doc/scipy/reference/generated/scipy.signal.ShortTimeFFT.win.html#scipy.signal.ShortTimeFFT.win
only,"This attribute is read only, since dual_win depends on it.",https://docs.scipy.org/doc/scipy/reference/generated/scipy.signal.ShortTimeFFT.win.html#scipy.signal.ShortTimeFFT.win
note,Release notes,https://docs.scipy.org/doc/scipy/reference/generated/scipy.signal.ShortTimeFFT.dual_win.html#scipy.signal.ShortTimeFFT.dual_win
note,"Note that for
a given window there exist many dual windows.",https://docs.scipy.org/doc/scipy/reference/generated/scipy.signal.ShortTimeFFT.dual_win.html#scipy.signal.ShortTimeFFT.dual_win
only,This attribute is read only and calculated lazily.,https://docs.scipy.org/doc/scipy/reference/generated/scipy.signal.ShortTimeFFT.dual_win.html#scipy.signal.ShortTimeFFT.dual_win
note,Release notes,https://docs.scipy.org/doc/scipy/reference/generated/scipy.signal.ShortTimeFFT.from_dual.html#scipy.signal.ShortTimeFFT.from_dual
only,Instantiate a ShortTimeFFT by only providing a dual window.,https://docs.scipy.org/doc/scipy/reference/generated/scipy.signal.ShortTimeFFT.from_dual.html#scipy.signal.ShortTimeFFT.from_dual
note,Release notes,https://docs.scipy.org/doc/scipy/reference/generated/scipy.signal.ShortTimeFFT.scale_to.html#scipy.signal.ShortTimeFFT.scale_to
note,Release notes,https://docs.scipy.org/doc/scipy/reference/generated/scipy.signal.ShortTimeFFT.f.html#scipy.signal.ShortTimeFFT.f
note,Release notes,https://docs.scipy.org/doc/scipy/reference/generated/scipy.signal.ShortTimeFFT.f_pts.html#scipy.signal.ShortTimeFFT.f_pts
note,Release notes,https://docs.scipy.org/doc/scipy/reference/generated/scipy.signal.ShortTimeFFT.fac_magnitude.html#scipy.signal.ShortTimeFFT.fac_magnitude
note,Release notes,https://docs.scipy.org/doc/scipy/reference/generated/scipy.signal.ShortTimeFFT.fac_psd.html#scipy.signal.ShortTimeFFT.fac_psd
note,Release notes,https://docs.scipy.org/doc/scipy/reference/generated/scipy.signal.ShortTimeFFT.invertible.html#scipy.signal.ShortTimeFFT.invertible
note,Release notes,https://docs.scipy.org/doc/scipy/reference/generated/scipy.signal.ShortTimeFFT.onesided_fft.html#scipy.signal.ShortTimeFFT.onesided_fft
note,Release notes,https://docs.scipy.org/doc/scipy/reference/generated/scipy.signal.ShortTimeFFT.extent.html#scipy.signal.ShortTimeFFT.extent
note,Release notes,https://docs.scipy.org/doc/scipy/reference/generated/scipy.signal.ShortTimeFFT.from_window.html#scipy.signal.ShortTimeFFT.from_window
note,Release notes,https://docs.scipy.org/doc/scipy/reference/generated/scipy.signal.ShortTimeFFT.nearest_k_p.html#scipy.signal.ShortTimeFFT.nearest_k_p
note,Release notes,https://docs.scipy.org/doc/scipy/reference/generated/scipy.signal.ShortTimeFFT.p_num.html#scipy.signal.ShortTimeFFT.p_num
note,Release notes,https://docs.scipy.org/doc/scipy/reference/generated/scipy.signal.ShortTimeFFT.p_range.html#scipy.signal.ShortTimeFFT.p_range
note,"Note that p0 may be < 0 if
slices are left of t = 0.",https://docs.scipy.org/doc/scipy/reference/generated/scipy.signal.ShortTimeFFT.p_range.html#scipy.signal.ShortTimeFFT.p_range
note,Notes,https://docs.scipy.org/doc/scipy/reference/generated/scipy.signal.ShortTimeFFT.p_range.html#scipy.signal.ShortTimeFFT.p_range
note,Release notes,https://docs.scipy.org/doc/scipy/reference/generated/scipy.signal.ShortTimeFFT.stft_detrend.html#scipy.signal.ShortTimeFFT.stft_detrend
note,"Note that due to the detrending, the original signal cannot be
reconstructed by the istft.",https://docs.scipy.org/doc/scipy/reference/generated/scipy.signal.ShortTimeFFT.stft_detrend.html#scipy.signal.ShortTimeFFT.stft_detrend
note,Release notes,https://docs.scipy.org/doc/scipy/reference/generated/scipy.signal.ShortTimeFFT.t.html#scipy.signal.ShortTimeFFT.t
note,"Note that the slices are
delta_t = hop * T time units apart.",https://docs.scipy.org/doc/scipy/reference/generated/scipy.signal.ShortTimeFFT.t.html#scipy.signal.ShortTimeFFT.t
note,Release notes,https://docs.scipy.org/doc/scipy/reference/generated/scipy.sparse.coo_array.shape.html#scipy.sparse.coo_array.shape
note,"Note that, starting in SciPy 1.",https://docs.scipy.org/doc/scipy/reference/generated/scipy.sparse.coo_array.shape.html#scipy.sparse.coo_array.shape
note,Release notes,https://docs.scipy.org/doc/scipy/reference/generated/scipy.sparse.coo_array.nnz.html#scipy.sparse.coo_array.nnz
note,Release notes,https://docs.scipy.org/doc/scipy/reference/generated/scipy.sparse.coo_array.size.html#scipy.sparse.coo_array.size
note,Release notes,https://docs.scipy.org/doc/scipy/reference/generated/scipy.sparse.coo_array.format.html#scipy.sparse.coo_array.format
note,Release notes,https://docs.scipy.org/doc/scipy/reference/generated/scipy.sparse.coo_array.T.html#scipy.sparse.coo_array.T
note,Release notes,https://docs.scipy.org/doc/scipy/reference/generated/scipy.sparse.coo_array.__len__.html#scipy.sparse.coo_array.__len__
note,Release notes,https://docs.scipy.org/doc/scipy/reference/generated/scipy.sparse.coo_array.arcsin.html#scipy.sparse.coo_array.arcsin
note,Release notes,https://docs.scipy.org/doc/scipy/reference/generated/scipy.sparse.coo_array.arcsinh.html#scipy.sparse.coo_array.arcsinh
note,Release notes,https://docs.scipy.org/doc/scipy/reference/generated/scipy.sparse.coo_array.arctan.html#scipy.sparse.coo_array.arctan
note,Release notes,https://docs.scipy.org/doc/scipy/reference/generated/scipy.sparse.coo_array.arctanh.html#scipy.sparse.coo_array.arctanh
note,Release notes,https://docs.scipy.org/doc/scipy/reference/generated/scipy.sparse.coo_array.argmax.html#scipy.sparse.coo_array.argmax
note,Release notes,https://docs.scipy.org/doc/scipy/reference/generated/scipy.sparse.coo_array.argmin.html#scipy.sparse.coo_array.argmin
note,Release notes,https://docs.scipy.org/doc/scipy/reference/generated/scipy.sparse.coo_array.asformat.html#scipy.sparse.coo_array.asformat
note,Release notes,https://docs.scipy.org/doc/scipy/reference/generated/scipy.sparse.coo_array.asfptype.html#scipy.sparse.coo_array.asfptype
only,"0: This method is for internal use only, and will be removed from the
public API in SciPy 1.",https://docs.scipy.org/doc/scipy/reference/generated/scipy.sparse.coo_array.asfptype.html#scipy.sparse.coo_array.asfptype
note,Release notes,https://docs.scipy.org/doc/scipy/reference/generated/scipy.sparse.coo_array.astype.html#scipy.sparse.coo_array.astype
should,‘no’ means the data types should not be cast at all.,https://docs.scipy.org/doc/scipy/reference/generated/scipy.sparse.coo_array.astype.html#scipy.sparse.coo_array.astype
only,‘equiv’ means only byte-order changes are allowed.,https://docs.scipy.org/doc/scipy/reference/generated/scipy.sparse.coo_array.astype.html#scipy.sparse.coo_array.astype
only,‘safe’ means only casts which can preserve values are allowed.,https://docs.scipy.org/doc/scipy/reference/generated/scipy.sparse.coo_array.astype.html#scipy.sparse.coo_array.astype
only,"‘same_kind’ means only safe casts or casts within a kind,
like float64 to float32, are allowed.",https://docs.scipy.org/doc/scipy/reference/generated/scipy.sparse.coo_array.astype.html#scipy.sparse.coo_array.astype
note,Release notes,https://docs.scipy.org/doc/scipy/reference/generated/scipy.sparse.coo_array.ceil.html#scipy.sparse.coo_array.ceil
note,Release notes,https://docs.scipy.org/doc/scipy/reference/generated/scipy.sparse.coo_array.conj.html#scipy.sparse.coo_array.conj
note,Release notes,https://docs.scipy.org/doc/scipy/reference/generated/scipy.sparse.coo_array.conjugate.html#scipy.sparse.coo_array.conjugate
note,Release notes,https://docs.scipy.org/doc/scipy/reference/generated/scipy.sparse.coo_array.copy.html#scipy.sparse.coo_array.copy
note,Release notes,https://docs.scipy.org/doc/scipy/reference/generated/scipy.sparse.coo_array.count_nonzero.html#scipy.sparse.coo_array.count_nonzero
note,Release notes,https://docs.scipy.org/doc/scipy/reference/generated/scipy.sparse.coo_array.deg2rad.html#scipy.sparse.coo_array.deg2rad
note,Release notes,https://docs.scipy.org/doc/scipy/reference/generated/scipy.sparse.coo_array.diagonal.html#scipy.sparse.coo_array.diagonal
note,Release notes,https://docs.scipy.org/doc/scipy/reference/generated/scipy.sparse.coo_array.dot.html#scipy.sparse.coo_array.dot
note,Release notes,https://docs.scipy.org/doc/scipy/reference/generated/scipy.sparse.coo_array.eliminate_zeros.html#scipy.sparse.coo_array.eliminate_zeros
note,Release notes,https://docs.scipy.org/doc/scipy/reference/generated/scipy.sparse.coo_array.expm1.html#scipy.sparse.coo_array.expm1
note,Release notes,https://docs.scipy.org/doc/scipy/reference/generated/scipy.sparse.coo_array.floor.html#scipy.sparse.coo_array.floor
note,Release notes,https://docs.scipy.org/doc/scipy/reference/generated/scipy.sparse.coo_array.getH.html#scipy.sparse.coo_array.getH
note,Release notes,https://docs.scipy.org/doc/scipy/reference/generated/scipy.sparse.coo_array.get_shape.html#scipy.sparse.coo_array.get_shape
note,Release notes,https://docs.scipy.org/doc/scipy/reference/generated/scipy.sparse.coo_array.getcol.html#scipy.sparse.coo_array.getcol
note,Release notes,https://docs.scipy.org/doc/scipy/reference/generated/scipy.sparse.coo_array.getformat.html#scipy.sparse.coo_array.getformat
note,Release notes,https://docs.scipy.org/doc/scipy/reference/generated/scipy.sparse.coo_array.getmaxprint.html#scipy.sparse.coo_array.getmaxprint
only,"0: This method is for internal use only, and will be removed from the
public API in SciPy 1.",https://docs.scipy.org/doc/scipy/reference/generated/scipy.sparse.coo_array.getmaxprint.html#scipy.sparse.coo_array.getmaxprint
note,Release notes,https://docs.scipy.org/doc/scipy/reference/generated/scipy.sparse.coo_array.getnnz.html#scipy.sparse.coo_array.getnnz
note,Release notes,https://docs.scipy.org/doc/scipy/reference/generated/scipy.sparse.coo_array.getrow.html#scipy.sparse.coo_array.getrow
note,Release notes,https://docs.scipy.org/doc/scipy/reference/generated/scipy.sparse.coo_array.log1p.html#scipy.sparse.coo_array.log1p
note,Release notes,https://docs.scipy.org/doc/scipy/reference/generated/scipy.sparse.coo_array.max.html#scipy.sparse.coo_array.max
note,Release notes,https://docs.scipy.org/doc/scipy/reference/generated/scipy.sparse.coo_array.maximum.html#scipy.sparse.coo_array.maximum
note,Release notes,https://docs.scipy.org/doc/scipy/reference/generated/scipy.sparse.coo_array.mean.html#scipy.sparse.coo_array.mean
must,"It must
have the same shape as the expected output, but the type of the
output values will be cast if necessary.",https://docs.scipy.org/doc/scipy/reference/generated/scipy.sparse.coo_array.mean.html#scipy.sparse.coo_array.mean
note,Release notes,https://docs.scipy.org/doc/scipy/reference/generated/scipy.sparse.coo_array.min.html#scipy.sparse.coo_array.min
note,Release notes,https://docs.scipy.org/doc/scipy/reference/generated/scipy.sparse.coo_array.minimum.html#scipy.sparse.coo_array.minimum
note,Release notes,https://docs.scipy.org/doc/scipy/reference/generated/scipy.sparse.coo_array.multiply.html#scipy.sparse.coo_array.multiply
note,Release notes,https://docs.scipy.org/doc/scipy/reference/generated/scipy.sparse.coo_array.nanmax.html#scipy.sparse.coo_array.nanmax
note,Release notes,https://docs.scipy.org/doc/scipy/reference/generated/scipy.sparse.coo_array.nanmin.html#scipy.sparse.coo_array.nanmin
note,Release notes,https://docs.scipy.org/doc/scipy/reference/generated/scipy.sparse.coo_array.nonzero.html#scipy.sparse.coo_array.nonzero
note,Release notes,https://docs.scipy.org/doc/scipy/reference/generated/scipy.sparse.coo_array.power.html#scipy.sparse.coo_array.power
note,Release notes,https://docs.scipy.org/doc/scipy/reference/generated/scipy.sparse.coo_array.rad2deg.html#scipy.sparse.coo_array.rad2deg
note,Release notes,https://docs.scipy.org/doc/scipy/reference/generated/scipy.sparse.coo_array.reshape.html#scipy.sparse.coo_array.reshape
should,The new shape should be compatible with the original shape.,https://docs.scipy.org/doc/scipy/reference/generated/scipy.sparse.coo_array.reshape.html#scipy.sparse.coo_array.reshape
should,"Indicates whether or not attributes of self should be copied
whenever possible.",https://docs.scipy.org/doc/scipy/reference/generated/scipy.sparse.coo_array.reshape.html#scipy.sparse.coo_array.reshape
note,Release notes,https://docs.scipy.org/doc/scipy/reference/generated/scipy.sparse.coo_array.resize.html#scipy.sparse.coo_array.resize
note,Notes,https://docs.scipy.org/doc/scipy/reference/generated/scipy.sparse.coo_array.resize.html#scipy.sparse.coo_array.resize
note,Release notes,https://docs.scipy.org/doc/scipy/reference/generated/scipy.sparse.coo_array.rint.html#scipy.sparse.coo_array.rint
note,Release notes,https://docs.scipy.org/doc/scipy/reference/generated/scipy.sparse.coo_array.set_shape.html#scipy.sparse.coo_array.set_shape
note,Release notes,https://docs.scipy.org/doc/scipy/reference/generated/scipy.sparse.coo_array.setdiag.html#scipy.sparse.coo_array.setdiag
note,Release notes,https://docs.scipy.org/doc/scipy/reference/generated/scipy.sparse.coo_array.sign.html#scipy.sparse.coo_array.sign
note,Release notes,https://docs.scipy.org/doc/scipy/reference/generated/scipy.sparse.coo_array.sin.html#scipy.sparse.coo_array.sin
note,Release notes,https://docs.scipy.org/doc/scipy/reference/generated/scipy.sparse.coo_array.sinh.html#scipy.sparse.coo_array.sinh
note,Release notes,https://docs.scipy.org/doc/scipy/reference/generated/scipy.sparse.coo_array.sqrt.html#scipy.sparse.coo_array.sqrt
note,Release notes,https://docs.scipy.org/doc/scipy/reference/generated/scipy.sparse.coo_array.sum.html#scipy.sparse.coo_array.sum
must,"It must
have the same shape as the expected output, but the type of the
output values will be cast if necessary.",https://docs.scipy.org/doc/scipy/reference/generated/scipy.sparse.coo_array.sum.html#scipy.sparse.coo_array.sum
note,Release notes,https://docs.scipy.org/doc/scipy/reference/generated/scipy.sparse.coo_array.sum_duplicates.html#scipy.sparse.coo_array.sum_duplicates
note,Release notes,https://docs.scipy.org/doc/scipy/reference/generated/scipy.sparse.coo_array.tan.html#scipy.sparse.coo_array.tan
note,Release notes,https://docs.scipy.org/doc/scipy/reference/generated/scipy.sparse.coo_array.tanh.html#scipy.sparse.coo_array.tanh
note,Release notes,https://docs.scipy.org/doc/scipy/reference/generated/scipy.sparse.coo_array.toarray.html#scipy.sparse.coo_array.toarray
must,"The provided
array must have the same shape and dtype as the sparse
array/matrix on which you are calling the method.",https://docs.scipy.org/doc/scipy/reference/generated/scipy.sparse.coo_array.toarray.html#scipy.sparse.coo_array.toarray
note,Release notes,https://docs.scipy.org/doc/scipy/reference/generated/scipy.sparse.coo_array.tobsr.html#scipy.sparse.coo_array.tobsr
note,Release notes,https://docs.scipy.org/doc/scipy/reference/generated/scipy.sparse.coo_array.tocoo.html#scipy.sparse.coo_array.tocoo
note,Release notes,https://docs.scipy.org/doc/scipy/reference/generated/scipy.sparse.coo_array.tocsc.html#scipy.sparse.coo_array.tocsc
note,Release notes,https://docs.scipy.org/doc/scipy/reference/generated/scipy.sparse.coo_array.tocsr.html#scipy.sparse.coo_array.tocsr
note,Release notes,https://docs.scipy.org/doc/scipy/reference/generated/scipy.sparse.coo_array.todense.html#scipy.sparse.coo_array.todense
must,"The provided array must have the same shape and
dtype as the sparse array/matrix on which you are calling the
method.",https://docs.scipy.org/doc/scipy/reference/generated/scipy.sparse.coo_array.todense.html#scipy.sparse.coo_array.todense
note,Release notes,https://docs.scipy.org/doc/scipy/reference/generated/scipy.sparse.coo_array.todia.html#scipy.sparse.coo_array.todia
note,Release notes,https://docs.scipy.org/doc/scipy/reference/generated/scipy.sparse.coo_array.todok.html#scipy.sparse.coo_array.todok
note,Release notes,https://docs.scipy.org/doc/scipy/reference/generated/scipy.sparse.coo_array.tolil.html#scipy.sparse.coo_array.tolil
note,Release notes,https://docs.scipy.org/doc/scipy/reference/generated/scipy.sparse.coo_array.trace.html#scipy.sparse.coo_array.trace
note,Release notes,https://docs.scipy.org/doc/scipy/reference/generated/scipy.sparse.coo_array.transpose.html#scipy.sparse.coo_array.transpose
should,"Indicates whether or not attributes of self should be
copied whenever possible.",https://docs.scipy.org/doc/scipy/reference/generated/scipy.sparse.coo_array.transpose.html#scipy.sparse.coo_array.transpose
note,Release notes,https://docs.scipy.org/doc/scipy/reference/generated/scipy.sparse.coo_array.trunc.html#scipy.sparse.coo_array.trunc
note,Release notes,https://docs.scipy.org/doc/scipy/reference/generated/scipy.sparse.bsr_array.trunc.html
note,Release notes,https://docs.scipy.org/doc/scipy/reference/generated/scipy.sparse.csr_array.shape.html#scipy.sparse.csr_array.shape
note,"Note that, starting in SciPy 1.",https://docs.scipy.org/doc/scipy/reference/generated/scipy.sparse.csr_array.shape.html#scipy.sparse.csr_array.shape
note,Release notes,https://docs.scipy.org/doc/scipy/reference/generated/scipy.sparse.csr_array.nnz.html#scipy.sparse.csr_array.nnz
note,Release notes,https://docs.scipy.org/doc/scipy/reference/generated/scipy.sparse.csr_array.size.html#scipy.sparse.csr_array.size
note,Release notes,https://docs.scipy.org/doc/scipy/reference/generated/scipy.sparse.csr_array.has_sorted_indices.html#scipy.sparse.csr_array.has_sorted_indices
note,Release notes,https://docs.scipy.org/doc/scipy/reference/generated/scipy.sparse.csr_array.has_canonical_format.html#scipy.sparse.csr_array.has_canonical_format
note,Release notes,https://docs.scipy.org/doc/scipy/reference/generated/scipy.sparse.csr_array.T.html#scipy.sparse.csr_array.T
note,Release notes,https://docs.scipy.org/doc/scipy/reference/generated/scipy.sparse.csr_array.__len__.html#scipy.sparse.csr_array.__len__
note,Release notes,https://docs.scipy.org/doc/scipy/reference/generated/scipy.sparse.csr_array.arcsin.html#scipy.sparse.csr_array.arcsin
note,Release notes,https://docs.scipy.org/doc/scipy/reference/generated/scipy.sparse.csr_array.arcsinh.html#scipy.sparse.csr_array.arcsinh
note,Release notes,https://docs.scipy.org/doc/scipy/reference/generated/scipy.sparse.csr_array.arctan.html#scipy.sparse.csr_array.arctan
note,Release notes,https://docs.scipy.org/doc/scipy/reference/generated/scipy.sparse.csr_array.arctanh.html#scipy.sparse.csr_array.arctanh
note,Release notes,https://docs.scipy.org/doc/scipy/reference/generated/scipy.sparse.csr_array.argmax.html#scipy.sparse.csr_array.argmax
note,Release notes,https://docs.scipy.org/doc/scipy/reference/generated/scipy.sparse.csr_array.argmin.html#scipy.sparse.csr_array.argmin
note,Release notes,https://docs.scipy.org/doc/scipy/reference/generated/scipy.sparse.csr_array.asformat.html#scipy.sparse.csr_array.asformat
note,Release notes,https://docs.scipy.org/doc/scipy/reference/generated/scipy.sparse.csr_array.asfptype.html#scipy.sparse.csr_array.asfptype
only,"0: This method is for internal use only, and will be removed from the
public API in SciPy 1.",https://docs.scipy.org/doc/scipy/reference/generated/scipy.sparse.csr_array.asfptype.html#scipy.sparse.csr_array.asfptype
note,Release notes,https://docs.scipy.org/doc/scipy/reference/generated/scipy.sparse.csr_array.astype.html#scipy.sparse.csr_array.astype
should,‘no’ means the data types should not be cast at all.,https://docs.scipy.org/doc/scipy/reference/generated/scipy.sparse.csr_array.astype.html#scipy.sparse.csr_array.astype
only,‘equiv’ means only byte-order changes are allowed.,https://docs.scipy.org/doc/scipy/reference/generated/scipy.sparse.csr_array.astype.html#scipy.sparse.csr_array.astype
only,‘safe’ means only casts which can preserve values are allowed.,https://docs.scipy.org/doc/scipy/reference/generated/scipy.sparse.csr_array.astype.html#scipy.sparse.csr_array.astype
only,"‘same_kind’ means only safe casts or casts within a kind,
like float64 to float32, are allowed.",https://docs.scipy.org/doc/scipy/reference/generated/scipy.sparse.csr_array.astype.html#scipy.sparse.csr_array.astype
note,Release notes,https://docs.scipy.org/doc/scipy/reference/generated/scipy.sparse.csr_array.ceil.html#scipy.sparse.csr_array.ceil
note,Release notes,https://docs.scipy.org/doc/scipy/reference/generated/scipy.sparse.csr_array.check_format.html#scipy.sparse.csr_array.check_format
note,"Note that activating those check might copy arrays for casting,
modifying indices and index pointers’ inplace.",https://docs.scipy.org/doc/scipy/reference/generated/scipy.sparse.csr_array.check_format.html#scipy.sparse.csr_array.check_format
note,Release notes,https://docs.scipy.org/doc/scipy/reference/generated/scipy.sparse.csr_array.conj.html#scipy.sparse.csr_array.conj
note,Release notes,https://docs.scipy.org/doc/scipy/reference/generated/scipy.sparse.csr_array.conjugate.html#scipy.sparse.csr_array.conjugate
note,Release notes,https://docs.scipy.org/doc/scipy/reference/generated/scipy.sparse.csr_array.copy.html#scipy.sparse.csr_array.copy
note,Release notes,https://docs.scipy.org/doc/scipy/reference/generated/scipy.sparse.csr_array.count_nonzero.html#scipy.sparse.csr_array.count_nonzero
note,Release notes,https://docs.scipy.org/doc/scipy/reference/generated/scipy.sparse.csr_array.deg2rad.html#scipy.sparse.csr_array.deg2rad
note,Release notes,https://docs.scipy.org/doc/scipy/reference/generated/scipy.sparse.csr_array.diagonal.html#scipy.sparse.csr_array.diagonal
note,Release notes,https://docs.scipy.org/doc/scipy/reference/generated/scipy.sparse.csr_array.dot.html#scipy.sparse.csr_array.dot
note,Release notes,https://docs.scipy.org/doc/scipy/reference/generated/scipy.sparse.csr_array.eliminate_zeros.html#scipy.sparse.csr_array.eliminate_zeros
note,Release notes,https://docs.scipy.org/doc/scipy/reference/generated/scipy.sparse.csr_array.expm1.html#scipy.sparse.csr_array.expm1
note,Release notes,https://docs.scipy.org/doc/scipy/reference/generated/scipy.sparse.csr_array.floor.html#scipy.sparse.csr_array.floor
note,Release notes,https://docs.scipy.org/doc/scipy/reference/generated/scipy.sparse.csr_array.getH.html#scipy.sparse.csr_array.getH
note,Release notes,https://docs.scipy.org/doc/scipy/reference/generated/scipy.sparse.csr_array.get_shape.html#scipy.sparse.csr_array.get_shape
note,Release notes,https://docs.scipy.org/doc/scipy/reference/generated/scipy.sparse.csr_array.getcol.html#scipy.sparse.csr_array.getcol
note,Release notes,https://docs.scipy.org/doc/scipy/reference/generated/scipy.sparse.csr_array.getformat.html#scipy.sparse.csr_array.getformat
note,Release notes,https://docs.scipy.org/doc/scipy/reference/generated/scipy.sparse.csr_array.getmaxprint.html#scipy.sparse.csr_array.getmaxprint
only,"0: This method is for internal use only, and will be removed from the
public API in SciPy 1.",https://docs.scipy.org/doc/scipy/reference/generated/scipy.sparse.csr_array.getmaxprint.html#scipy.sparse.csr_array.getmaxprint
note,Release notes,https://docs.scipy.org/doc/scipy/reference/generated/scipy.sparse.csr_array.getnnz.html#scipy.sparse.csr_array.getnnz
note,Release notes,https://docs.scipy.org/doc/scipy/reference/generated/scipy.sparse.csr_array.getrow.html#scipy.sparse.csr_array.getrow
note,Release notes,https://docs.scipy.org/doc/scipy/reference/generated/scipy.sparse.csr_array.log1p.html#scipy.sparse.csr_array.log1p
note,Release notes,https://docs.scipy.org/doc/scipy/reference/generated/scipy.sparse.csr_array.max.html#scipy.sparse.csr_array.max
note,Release notes,https://docs.scipy.org/doc/scipy/reference/generated/scipy.sparse.csr_array.maximum.html#scipy.sparse.csr_array.maximum
note,Release notes,https://docs.scipy.org/doc/scipy/reference/generated/scipy.sparse.csr_array.mean.html#scipy.sparse.csr_array.mean
must,"It must
have the same shape as the expected output, but the type of the
output values will be cast if necessary.",https://docs.scipy.org/doc/scipy/reference/generated/scipy.sparse.csr_array.mean.html#scipy.sparse.csr_array.mean
note,Release notes,https://docs.scipy.org/doc/scipy/reference/generated/scipy.sparse.csr_array.min.html#scipy.sparse.csr_array.min
note,Release notes,https://docs.scipy.org/doc/scipy/reference/generated/scipy.sparse.csr_array.minimum.html#scipy.sparse.csr_array.minimum
note,Release notes,https://docs.scipy.org/doc/scipy/reference/generated/scipy.sparse.csr_array.multiply.html#scipy.sparse.csr_array.multiply
note,Release notes,https://docs.scipy.org/doc/scipy/reference/generated/scipy.sparse.csr_array.nanmax.html#scipy.sparse.csr_array.nanmax
note,Release notes,https://docs.scipy.org/doc/scipy/reference/generated/scipy.sparse.csr_array.nanmin.html#scipy.sparse.csr_array.nanmin
note,Release notes,https://docs.scipy.org/doc/scipy/reference/generated/scipy.sparse.csr_array.nonzero.html#scipy.sparse.csr_array.nonzero
note,Release notes,https://docs.scipy.org/doc/scipy/reference/generated/scipy.sparse.csr_array.power.html#scipy.sparse.csr_array.power
note,Release notes,https://docs.scipy.org/doc/scipy/reference/generated/scipy.sparse.csr_array.prune.html#scipy.sparse.csr_array.prune
note,Release notes,https://docs.scipy.org/doc/scipy/reference/generated/scipy.sparse.csr_array.rad2deg.html#scipy.sparse.csr_array.rad2deg
note,Release notes,https://docs.scipy.org/doc/scipy/reference/generated/scipy.sparse.csr_array.reshape.html#scipy.sparse.csr_array.reshape
should,The new shape should be compatible with the original shape.,https://docs.scipy.org/doc/scipy/reference/generated/scipy.sparse.csr_array.reshape.html#scipy.sparse.csr_array.reshape
should,"Indicates whether or not attributes of self should be copied
whenever possible.",https://docs.scipy.org/doc/scipy/reference/generated/scipy.sparse.csr_array.reshape.html#scipy.sparse.csr_array.reshape
note,Release notes,https://docs.scipy.org/doc/scipy/reference/generated/scipy.sparse.csr_array.resize.html#scipy.sparse.csr_array.resize
note,Notes,https://docs.scipy.org/doc/scipy/reference/generated/scipy.sparse.csr_array.resize.html#scipy.sparse.csr_array.resize
note,Release notes,https://docs.scipy.org/doc/scipy/reference/generated/scipy.sparse.csr_array.rint.html#scipy.sparse.csr_array.rint
note,Release notes,https://docs.scipy.org/doc/scipy/reference/generated/scipy.sparse.csr_array.set_shape.html#scipy.sparse.csr_array.set_shape
note,Release notes,https://docs.scipy.org/doc/scipy/reference/generated/scipy.sparse.csr_array.setdiag.html#scipy.sparse.csr_array.setdiag
note,Release notes,https://docs.scipy.org/doc/scipy/reference/generated/scipy.sparse.csr_array.sign.html#scipy.sparse.csr_array.sign
note,Release notes,https://docs.scipy.org/doc/scipy/reference/generated/scipy.sparse.csr_array.sin.html#scipy.sparse.csr_array.sin
note,Release notes,https://docs.scipy.org/doc/scipy/reference/generated/scipy.sparse.csr_array.sinh.html#scipy.sparse.csr_array.sinh
note,Release notes,https://docs.scipy.org/doc/scipy/reference/generated/scipy.sparse.csr_array.sort_indices.html#scipy.sparse.csr_array.sort_indices
note,Release notes,https://docs.scipy.org/doc/scipy/reference/generated/scipy.sparse.csr_array.sorted_indices.html#scipy.sparse.csr_array.sorted_indices
note,Release notes,https://docs.scipy.org/doc/scipy/reference/generated/scipy.sparse.csr_array.sqrt.html#scipy.sparse.csr_array.sqrt
note,Release notes,https://docs.scipy.org/doc/scipy/reference/generated/scipy.sparse.csr_array.sum.html#scipy.sparse.csr_array.sum
must,"It must
have the same shape as the expected output, but the type of the
output values will be cast if necessary.",https://docs.scipy.org/doc/scipy/reference/generated/scipy.sparse.csr_array.sum.html#scipy.sparse.csr_array.sum
note,Release notes,https://docs.scipy.org/doc/scipy/reference/generated/scipy.sparse.csr_array.sum_duplicates.html#scipy.sparse.csr_array.sum_duplicates
note,Release notes,https://docs.scipy.org/doc/scipy/reference/generated/scipy.sparse.csr_array.tan.html#scipy.sparse.csr_array.tan
note,Release notes,https://docs.scipy.org/doc/scipy/reference/generated/scipy.sparse.csr_array.tanh.html#scipy.sparse.csr_array.tanh
note,Release notes,https://docs.scipy.org/doc/scipy/reference/generated/scipy.sparse.csr_array.toarray.html#scipy.sparse.csr_array.toarray
must,"The provided
array must have the same shape and dtype as the sparse
array/matrix on which you are calling the method.",https://docs.scipy.org/doc/scipy/reference/generated/scipy.sparse.csr_array.toarray.html#scipy.sparse.csr_array.toarray
note,Release notes,https://docs.scipy.org/doc/scipy/reference/generated/scipy.sparse.csr_array.tobsr.html#scipy.sparse.csr_array.tobsr
note,Release notes,https://docs.scipy.org/doc/scipy/reference/generated/scipy.sparse.csr_array.tocoo.html#scipy.sparse.csr_array.tocoo
note,Release notes,https://docs.scipy.org/doc/scipy/reference/generated/scipy.sparse.csr_array.tocsc.html#scipy.sparse.csr_array.tocsc
note,Release notes,https://docs.scipy.org/doc/scipy/reference/generated/scipy.sparse.csr_array.tocsr.html#scipy.sparse.csr_array.tocsr
note,Release notes,https://docs.scipy.org/doc/scipy/reference/generated/scipy.sparse.csr_array.todense.html#scipy.sparse.csr_array.todense
must,"The provided array must have the same shape and
dtype as the sparse array/matrix on which you are calling the
method.",https://docs.scipy.org/doc/scipy/reference/generated/scipy.sparse.csr_array.todense.html#scipy.sparse.csr_array.todense
note,Release notes,https://docs.scipy.org/doc/scipy/reference/generated/scipy.sparse.csr_array.todia.html#scipy.sparse.csr_array.todia
note,Release notes,https://docs.scipy.org/doc/scipy/reference/generated/scipy.sparse.csr_array.todok.html#scipy.sparse.csr_array.todok
note,Release notes,https://docs.scipy.org/doc/scipy/reference/generated/scipy.sparse.csr_array.tolil.html#scipy.sparse.csr_array.tolil
note,Release notes,https://docs.scipy.org/doc/scipy/reference/generated/scipy.sparse.csr_array.trace.html#scipy.sparse.csr_array.trace
note,Release notes,https://docs.scipy.org/doc/scipy/reference/generated/scipy.sparse.csr_array.transpose.html#scipy.sparse.csr_array.transpose
should,"Indicates whether or not attributes of self should be
copied whenever possible.",https://docs.scipy.org/doc/scipy/reference/generated/scipy.sparse.csr_array.transpose.html#scipy.sparse.csr_array.transpose
note,Release notes,https://docs.scipy.org/doc/scipy/reference/generated/scipy.sparse.csr_array.trunc.html#scipy.sparse.csr_array.trunc
note,Release notes,https://docs.scipy.org/doc/scipy/reference/generated/scipy.sparse.csc_array.trunc.html
note,Release notes,https://docs.scipy.org/doc/scipy/reference/generated/scipy.sparse.bsr_array.shape.html#scipy.sparse.bsr_array.shape
note,"Note that, starting in SciPy 1.",https://docs.scipy.org/doc/scipy/reference/generated/scipy.sparse.bsr_array.shape.html#scipy.sparse.bsr_array.shape
note,Release notes,https://docs.scipy.org/doc/scipy/reference/generated/scipy.sparse.bsr_array.nnz.html#scipy.sparse.bsr_array.nnz
note,Release notes,https://docs.scipy.org/doc/scipy/reference/generated/scipy.sparse.bsr_array.size.html#scipy.sparse.bsr_array.size
note,Release notes,https://docs.scipy.org/doc/scipy/reference/generated/scipy.sparse.bsr_array.blocksize.html#scipy.sparse.bsr_array.blocksize
note,Release notes,https://docs.scipy.org/doc/scipy/reference/generated/scipy.sparse.bsr_array.has_sorted_indices.html#scipy.sparse.bsr_array.has_sorted_indices
note,Release notes,https://docs.scipy.org/doc/scipy/reference/generated/scipy.sparse.bsr_array.has_canonical_format.html#scipy.sparse.bsr_array.has_canonical_format
note,Release notes,https://docs.scipy.org/doc/scipy/reference/generated/scipy.sparse.bsr_array.T.html#scipy.sparse.bsr_array.T
note,Release notes,https://docs.scipy.org/doc/scipy/reference/generated/scipy.sparse.bsr_array.__len__.html#scipy.sparse.bsr_array.__len__
note,Release notes,https://docs.scipy.org/doc/scipy/reference/generated/scipy.sparse.bsr_array.arcsin.html#scipy.sparse.bsr_array.arcsin
note,Release notes,https://docs.scipy.org/doc/scipy/reference/generated/scipy.sparse.bsr_array.arcsinh.html#scipy.sparse.bsr_array.arcsinh
note,Release notes,https://docs.scipy.org/doc/scipy/reference/generated/scipy.sparse.bsr_array.arctan.html#scipy.sparse.bsr_array.arctan
note,Release notes,https://docs.scipy.org/doc/scipy/reference/generated/scipy.sparse.bsr_array.arctanh.html#scipy.sparse.bsr_array.arctanh
note,Release notes,https://docs.scipy.org/doc/scipy/reference/generated/scipy.sparse.bsr_array.argmax.html#scipy.sparse.bsr_array.argmax
note,Release notes,https://docs.scipy.org/doc/scipy/reference/generated/scipy.sparse.bsr_array.argmin.html#scipy.sparse.bsr_array.argmin
note,Release notes,https://docs.scipy.org/doc/scipy/reference/generated/scipy.sparse.bsr_array.asformat.html#scipy.sparse.bsr_array.asformat
note,Release notes,https://docs.scipy.org/doc/scipy/reference/generated/scipy.sparse.bsr_array.asfptype.html#scipy.sparse.bsr_array.asfptype
only,"0: This method is for internal use only, and will be removed from the
public API in SciPy 1.",https://docs.scipy.org/doc/scipy/reference/generated/scipy.sparse.bsr_array.asfptype.html#scipy.sparse.bsr_array.asfptype
note,Release notes,https://docs.scipy.org/doc/scipy/reference/generated/scipy.sparse.bsr_array.astype.html#scipy.sparse.bsr_array.astype
should,‘no’ means the data types should not be cast at all.,https://docs.scipy.org/doc/scipy/reference/generated/scipy.sparse.bsr_array.astype.html#scipy.sparse.bsr_array.astype
only,‘equiv’ means only byte-order changes are allowed.,https://docs.scipy.org/doc/scipy/reference/generated/scipy.sparse.bsr_array.astype.html#scipy.sparse.bsr_array.astype
only,‘safe’ means only casts which can preserve values are allowed.,https://docs.scipy.org/doc/scipy/reference/generated/scipy.sparse.bsr_array.astype.html#scipy.sparse.bsr_array.astype
only,"‘same_kind’ means only safe casts or casts within a kind,
like float64 to float32, are allowed.",https://docs.scipy.org/doc/scipy/reference/generated/scipy.sparse.bsr_array.astype.html#scipy.sparse.bsr_array.astype
note,Release notes,https://docs.scipy.org/doc/scipy/reference/generated/scipy.sparse.bsr_array.ceil.html#scipy.sparse.bsr_array.ceil
note,Release notes,https://docs.scipy.org/doc/scipy/reference/generated/scipy.sparse.bsr_array.check_format.html#scipy.sparse.bsr_array.check_format
note,"Note that activating those check might copy arrays for casting,
modifying indices and index pointers’ inplace.",https://docs.scipy.org/doc/scipy/reference/generated/scipy.sparse.bsr_array.check_format.html#scipy.sparse.bsr_array.check_format
note,Release notes,https://docs.scipy.org/doc/scipy/reference/generated/scipy.sparse.bsr_array.conj.html#scipy.sparse.bsr_array.conj
note,Release notes,https://docs.scipy.org/doc/scipy/reference/generated/scipy.sparse.bsr_array.conjugate.html#scipy.sparse.bsr_array.conjugate
note,Release notes,https://docs.scipy.org/doc/scipy/reference/generated/scipy.sparse.bsr_array.copy.html#scipy.sparse.bsr_array.copy
note,Release notes,https://docs.scipy.org/doc/scipy/reference/generated/scipy.sparse.bsr_array.count_nonzero.html#scipy.sparse.bsr_array.count_nonzero
note,Release notes,https://docs.scipy.org/doc/scipy/reference/generated/scipy.sparse.bsr_array.deg2rad.html#scipy.sparse.bsr_array.deg2rad
note,Release notes,https://docs.scipy.org/doc/scipy/reference/generated/scipy.sparse.bsr_array.diagonal.html#scipy.sparse.bsr_array.diagonal
note,Release notes,https://docs.scipy.org/doc/scipy/reference/generated/scipy.sparse.bsr_array.dot.html#scipy.sparse.bsr_array.dot
note,Release notes,https://docs.scipy.org/doc/scipy/reference/generated/scipy.sparse.bsr_array.eliminate_zeros.html#scipy.sparse.bsr_array.eliminate_zeros
note,Release notes,https://docs.scipy.org/doc/scipy/reference/generated/scipy.sparse.bsr_array.expm1.html#scipy.sparse.bsr_array.expm1
note,Release notes,https://docs.scipy.org/doc/scipy/reference/generated/scipy.sparse.bsr_array.floor.html#scipy.sparse.bsr_array.floor
note,Release notes,https://docs.scipy.org/doc/scipy/reference/generated/scipy.sparse.bsr_array.getH.html#scipy.sparse.bsr_array.getH
note,Release notes,https://docs.scipy.org/doc/scipy/reference/generated/scipy.sparse.bsr_array.get_shape.html#scipy.sparse.bsr_array.get_shape
note,Release notes,https://docs.scipy.org/doc/scipy/reference/generated/scipy.sparse.bsr_array.getcol.html#scipy.sparse.bsr_array.getcol
note,Release notes,https://docs.scipy.org/doc/scipy/reference/generated/scipy.sparse.bsr_array.getformat.html#scipy.sparse.bsr_array.getformat
note,Release notes,https://docs.scipy.org/doc/scipy/reference/generated/scipy.sparse.bsr_array.getmaxprint.html#scipy.sparse.bsr_array.getmaxprint
only,"0: This method is for internal use only, and will be removed from the
public API in SciPy 1.",https://docs.scipy.org/doc/scipy/reference/generated/scipy.sparse.bsr_array.getmaxprint.html#scipy.sparse.bsr_array.getmaxprint
note,Release notes,https://docs.scipy.org/doc/scipy/reference/generated/scipy.sparse.bsr_array.getnnz.html#scipy.sparse.bsr_array.getnnz
note,Release notes,https://docs.scipy.org/doc/scipy/reference/generated/scipy.sparse.bsr_array.getrow.html#scipy.sparse.bsr_array.getrow
note,Release notes,https://docs.scipy.org/doc/scipy/reference/generated/scipy.sparse.bsr_array.log1p.html#scipy.sparse.bsr_array.log1p
note,Release notes,https://docs.scipy.org/doc/scipy/reference/generated/scipy.sparse.bsr_array.max.html#scipy.sparse.bsr_array.max
note,Release notes,https://docs.scipy.org/doc/scipy/reference/generated/scipy.sparse.bsr_array.maximum.html#scipy.sparse.bsr_array.maximum
note,Release notes,https://docs.scipy.org/doc/scipy/reference/generated/scipy.sparse.bsr_array.mean.html#scipy.sparse.bsr_array.mean
must,"It must
have the same shape as the expected output, but the type of the
output values will be cast if necessary.",https://docs.scipy.org/doc/scipy/reference/generated/scipy.sparse.bsr_array.mean.html#scipy.sparse.bsr_array.mean
note,Release notes,https://docs.scipy.org/doc/scipy/reference/generated/scipy.sparse.bsr_array.min.html#scipy.sparse.bsr_array.min
note,Release notes,https://docs.scipy.org/doc/scipy/reference/generated/scipy.sparse.bsr_array.minimum.html#scipy.sparse.bsr_array.minimum
note,Release notes,https://docs.scipy.org/doc/scipy/reference/generated/scipy.sparse.bsr_array.multiply.html#scipy.sparse.bsr_array.multiply
note,Release notes,https://docs.scipy.org/doc/scipy/reference/generated/scipy.sparse.bsr_array.nanmax.html#scipy.sparse.bsr_array.nanmax
note,Release notes,https://docs.scipy.org/doc/scipy/reference/generated/scipy.sparse.bsr_array.nanmin.html#scipy.sparse.bsr_array.nanmin
note,Release notes,https://docs.scipy.org/doc/scipy/reference/generated/scipy.sparse.bsr_array.nonzero.html#scipy.sparse.bsr_array.nonzero
note,Release notes,https://docs.scipy.org/doc/scipy/reference/generated/scipy.sparse.bsr_array.power.html#scipy.sparse.bsr_array.power
note,Release notes,https://docs.scipy.org/doc/scipy/reference/generated/scipy.sparse.bsr_array.prune.html#scipy.sparse.bsr_array.prune
note,Release notes,https://docs.scipy.org/doc/scipy/reference/generated/scipy.sparse.bsr_array.rad2deg.html#scipy.sparse.bsr_array.rad2deg
note,Release notes,https://docs.scipy.org/doc/scipy/reference/generated/scipy.sparse.bsr_array.reshape.html#scipy.sparse.bsr_array.reshape
should,The new shape should be compatible with the original shape.,https://docs.scipy.org/doc/scipy/reference/generated/scipy.sparse.bsr_array.reshape.html#scipy.sparse.bsr_array.reshape
should,"Indicates whether or not attributes of self should be copied
whenever possible.",https://docs.scipy.org/doc/scipy/reference/generated/scipy.sparse.bsr_array.reshape.html#scipy.sparse.bsr_array.reshape
note,Release notes,https://docs.scipy.org/doc/scipy/reference/generated/scipy.sparse.bsr_array.resize.html#scipy.sparse.bsr_array.resize
note,Notes,https://docs.scipy.org/doc/scipy/reference/generated/scipy.sparse.bsr_array.resize.html#scipy.sparse.bsr_array.resize
note,Release notes,https://docs.scipy.org/doc/scipy/reference/generated/scipy.sparse.bsr_array.rint.html#scipy.sparse.bsr_array.rint
note,Release notes,https://docs.scipy.org/doc/scipy/reference/generated/scipy.sparse.bsr_array.set_shape.html#scipy.sparse.bsr_array.set_shape
note,Release notes,https://docs.scipy.org/doc/scipy/reference/generated/scipy.sparse.bsr_array.setdiag.html#scipy.sparse.bsr_array.setdiag
note,Release notes,https://docs.scipy.org/doc/scipy/reference/generated/scipy.sparse.bsr_array.sign.html#scipy.sparse.bsr_array.sign
note,Release notes,https://docs.scipy.org/doc/scipy/reference/generated/scipy.sparse.bsr_array.sin.html#scipy.sparse.bsr_array.sin
note,Release notes,https://docs.scipy.org/doc/scipy/reference/generated/scipy.sparse.bsr_array.sinh.html#scipy.sparse.bsr_array.sinh
note,Release notes,https://docs.scipy.org/doc/scipy/reference/generated/scipy.sparse.bsr_array.sort_indices.html#scipy.sparse.bsr_array.sort_indices
note,Release notes,https://docs.scipy.org/doc/scipy/reference/generated/scipy.sparse.bsr_array.sorted_indices.html#scipy.sparse.bsr_array.sorted_indices
note,Release notes,https://docs.scipy.org/doc/scipy/reference/generated/scipy.sparse.bsr_array.sqrt.html#scipy.sparse.bsr_array.sqrt
note,Release notes,https://docs.scipy.org/doc/scipy/reference/generated/scipy.sparse.bsr_array.sum.html#scipy.sparse.bsr_array.sum
must,"It must
have the same shape as the expected output, but the type of the
output values will be cast if necessary.",https://docs.scipy.org/doc/scipy/reference/generated/scipy.sparse.bsr_array.sum.html#scipy.sparse.bsr_array.sum
note,Release notes,https://docs.scipy.org/doc/scipy/reference/generated/scipy.sparse.bsr_array.sum_duplicates.html#scipy.sparse.bsr_array.sum_duplicates
note,Release notes,https://docs.scipy.org/doc/scipy/reference/generated/scipy.sparse.bsr_array.tan.html#scipy.sparse.bsr_array.tan
note,Release notes,https://docs.scipy.org/doc/scipy/reference/generated/scipy.sparse.bsr_array.tanh.html#scipy.sparse.bsr_array.tanh
note,Release notes,https://docs.scipy.org/doc/scipy/reference/generated/scipy.sparse.bsr_array.toarray.html#scipy.sparse.bsr_array.toarray
must,"The provided
array must have the same shape and dtype as the sparse
array/matrix on which you are calling the method.",https://docs.scipy.org/doc/scipy/reference/generated/scipy.sparse.bsr_array.toarray.html#scipy.sparse.bsr_array.toarray
note,Release notes,https://docs.scipy.org/doc/scipy/reference/generated/scipy.sparse.bsr_array.tobsr.html#scipy.sparse.bsr_array.tobsr
note,Release notes,https://docs.scipy.org/doc/scipy/reference/generated/scipy.sparse.bsr_array.tocoo.html#scipy.sparse.bsr_array.tocoo
note,Release notes,https://docs.scipy.org/doc/scipy/reference/generated/scipy.sparse.bsr_array.tocsc.html#scipy.sparse.bsr_array.tocsc
note,Release notes,https://docs.scipy.org/doc/scipy/reference/generated/scipy.sparse.bsr_array.tocsr.html#scipy.sparse.bsr_array.tocsr
note,Release notes,https://docs.scipy.org/doc/scipy/reference/generated/scipy.sparse.bsr_array.todense.html#scipy.sparse.bsr_array.todense
must,"The provided array must have the same shape and
dtype as the sparse array/matrix on which you are calling the
method.",https://docs.scipy.org/doc/scipy/reference/generated/scipy.sparse.bsr_array.todense.html#scipy.sparse.bsr_array.todense
note,Release notes,https://docs.scipy.org/doc/scipy/reference/generated/scipy.sparse.bsr_array.todia.html#scipy.sparse.bsr_array.todia
note,Release notes,https://docs.scipy.org/doc/scipy/reference/generated/scipy.sparse.bsr_array.todok.html#scipy.sparse.bsr_array.todok
note,Release notes,https://docs.scipy.org/doc/scipy/reference/generated/scipy.sparse.bsr_array.tolil.html#scipy.sparse.bsr_array.tolil
note,Release notes,https://docs.scipy.org/doc/scipy/reference/generated/scipy.sparse.bsr_array.trace.html#scipy.sparse.bsr_array.trace
note,Release notes,https://docs.scipy.org/doc/scipy/reference/generated/scipy.sparse.bsr_array.transpose.html#scipy.sparse.bsr_array.transpose
should,"Indicates whether or not attributes of self should be
copied whenever possible.",https://docs.scipy.org/doc/scipy/reference/generated/scipy.sparse.bsr_array.transpose.html#scipy.sparse.bsr_array.transpose
note,Release notes,https://docs.scipy.org/doc/scipy/reference/generated/scipy.sparse.csc_array.shape.html#scipy.sparse.csc_array.shape
note,"Note that, starting in SciPy 1.",https://docs.scipy.org/doc/scipy/reference/generated/scipy.sparse.csc_array.shape.html#scipy.sparse.csc_array.shape
note,Release notes,https://docs.scipy.org/doc/scipy/reference/generated/scipy.sparse.csc_array.nnz.html#scipy.sparse.csc_array.nnz
note,Release notes,https://docs.scipy.org/doc/scipy/reference/generated/scipy.sparse.csc_array.size.html#scipy.sparse.csc_array.size
note,Release notes,https://docs.scipy.org/doc/scipy/reference/generated/scipy.sparse.csc_array.has_sorted_indices.html#scipy.sparse.csc_array.has_sorted_indices
note,Release notes,https://docs.scipy.org/doc/scipy/reference/generated/scipy.sparse.csc_array.has_canonical_format.html#scipy.sparse.csc_array.has_canonical_format
note,Release notes,https://docs.scipy.org/doc/scipy/reference/generated/scipy.sparse.csc_array.T.html#scipy.sparse.csc_array.T
note,Release notes,https://docs.scipy.org/doc/scipy/reference/generated/scipy.sparse.csc_array.__len__.html#scipy.sparse.csc_array.__len__
note,Release notes,https://docs.scipy.org/doc/scipy/reference/generated/scipy.sparse.csc_array.arcsin.html#scipy.sparse.csc_array.arcsin
note,Release notes,https://docs.scipy.org/doc/scipy/reference/generated/scipy.sparse.csc_array.arcsinh.html#scipy.sparse.csc_array.arcsinh
note,Release notes,https://docs.scipy.org/doc/scipy/reference/generated/scipy.sparse.csc_array.arctan.html#scipy.sparse.csc_array.arctan
note,Release notes,https://docs.scipy.org/doc/scipy/reference/generated/scipy.sparse.csc_array.arctanh.html#scipy.sparse.csc_array.arctanh
note,Release notes,https://docs.scipy.org/doc/scipy/reference/generated/scipy.sparse.csc_array.argmax.html#scipy.sparse.csc_array.argmax
note,Release notes,https://docs.scipy.org/doc/scipy/reference/generated/scipy.sparse.csc_array.argmin.html#scipy.sparse.csc_array.argmin
note,Release notes,https://docs.scipy.org/doc/scipy/reference/generated/scipy.sparse.csc_array.asformat.html#scipy.sparse.csc_array.asformat
note,Release notes,https://docs.scipy.org/doc/scipy/reference/generated/scipy.sparse.csc_array.asfptype.html#scipy.sparse.csc_array.asfptype
only,"0: This method is for internal use only, and will be removed from the
public API in SciPy 1.",https://docs.scipy.org/doc/scipy/reference/generated/scipy.sparse.csc_array.asfptype.html#scipy.sparse.csc_array.asfptype
note,Release notes,https://docs.scipy.org/doc/scipy/reference/generated/scipy.sparse.csc_array.astype.html#scipy.sparse.csc_array.astype
should,‘no’ means the data types should not be cast at all.,https://docs.scipy.org/doc/scipy/reference/generated/scipy.sparse.csc_array.astype.html#scipy.sparse.csc_array.astype
only,‘equiv’ means only byte-order changes are allowed.,https://docs.scipy.org/doc/scipy/reference/generated/scipy.sparse.csc_array.astype.html#scipy.sparse.csc_array.astype
only,‘safe’ means only casts which can preserve values are allowed.,https://docs.scipy.org/doc/scipy/reference/generated/scipy.sparse.csc_array.astype.html#scipy.sparse.csc_array.astype
only,"‘same_kind’ means only safe casts or casts within a kind,
like float64 to float32, are allowed.",https://docs.scipy.org/doc/scipy/reference/generated/scipy.sparse.csc_array.astype.html#scipy.sparse.csc_array.astype
note,Release notes,https://docs.scipy.org/doc/scipy/reference/generated/scipy.sparse.csc_array.ceil.html#scipy.sparse.csc_array.ceil
note,Release notes,https://docs.scipy.org/doc/scipy/reference/generated/scipy.sparse.csc_array.check_format.html#scipy.sparse.csc_array.check_format
note,"Note that activating those check might copy arrays for casting,
modifying indices and index pointers’ inplace.",https://docs.scipy.org/doc/scipy/reference/generated/scipy.sparse.csc_array.check_format.html#scipy.sparse.csc_array.check_format
note,Release notes,https://docs.scipy.org/doc/scipy/reference/generated/scipy.sparse.csc_array.conj.html#scipy.sparse.csc_array.conj
note,Release notes,https://docs.scipy.org/doc/scipy/reference/generated/scipy.sparse.csc_array.conjugate.html#scipy.sparse.csc_array.conjugate
note,Release notes,https://docs.scipy.org/doc/scipy/reference/generated/scipy.sparse.csc_array.copy.html#scipy.sparse.csc_array.copy
note,Release notes,https://docs.scipy.org/doc/scipy/reference/generated/scipy.sparse.csc_array.count_nonzero.html#scipy.sparse.csc_array.count_nonzero
note,Release notes,https://docs.scipy.org/doc/scipy/reference/generated/scipy.sparse.csc_array.deg2rad.html#scipy.sparse.csc_array.deg2rad
note,Release notes,https://docs.scipy.org/doc/scipy/reference/generated/scipy.sparse.csc_array.diagonal.html#scipy.sparse.csc_array.diagonal
note,Release notes,https://docs.scipy.org/doc/scipy/reference/generated/scipy.sparse.csc_array.dot.html#scipy.sparse.csc_array.dot
note,Release notes,https://docs.scipy.org/doc/scipy/reference/generated/scipy.sparse.csc_array.eliminate_zeros.html#scipy.sparse.csc_array.eliminate_zeros
note,Release notes,https://docs.scipy.org/doc/scipy/reference/generated/scipy.sparse.csc_array.expm1.html#scipy.sparse.csc_array.expm1
note,Release notes,https://docs.scipy.org/doc/scipy/reference/generated/scipy.sparse.csc_array.floor.html#scipy.sparse.csc_array.floor
note,Release notes,https://docs.scipy.org/doc/scipy/reference/generated/scipy.sparse.csc_array.getH.html#scipy.sparse.csc_array.getH
note,Release notes,https://docs.scipy.org/doc/scipy/reference/generated/scipy.sparse.csc_array.get_shape.html#scipy.sparse.csc_array.get_shape
note,Release notes,https://docs.scipy.org/doc/scipy/reference/generated/scipy.sparse.csc_array.getcol.html#scipy.sparse.csc_array.getcol
note,Release notes,https://docs.scipy.org/doc/scipy/reference/generated/scipy.sparse.csc_array.getformat.html#scipy.sparse.csc_array.getformat
note,Release notes,https://docs.scipy.org/doc/scipy/reference/generated/scipy.sparse.csc_array.getmaxprint.html#scipy.sparse.csc_array.getmaxprint
only,"0: This method is for internal use only, and will be removed from the
public API in SciPy 1.",https://docs.scipy.org/doc/scipy/reference/generated/scipy.sparse.csc_array.getmaxprint.html#scipy.sparse.csc_array.getmaxprint
note,Release notes,https://docs.scipy.org/doc/scipy/reference/generated/scipy.sparse.csc_array.getnnz.html#scipy.sparse.csc_array.getnnz
note,Release notes,https://docs.scipy.org/doc/scipy/reference/generated/scipy.sparse.csc_array.getrow.html#scipy.sparse.csc_array.getrow
note,Release notes,https://docs.scipy.org/doc/scipy/reference/generated/scipy.sparse.csc_array.log1p.html#scipy.sparse.csc_array.log1p
note,Release notes,https://docs.scipy.org/doc/scipy/reference/generated/scipy.sparse.csc_array.max.html#scipy.sparse.csc_array.max
note,Release notes,https://docs.scipy.org/doc/scipy/reference/generated/scipy.sparse.csc_array.maximum.html#scipy.sparse.csc_array.maximum
note,Release notes,https://docs.scipy.org/doc/scipy/reference/generated/scipy.sparse.csc_array.mean.html#scipy.sparse.csc_array.mean
must,"It must
have the same shape as the expected output, but the type of the
output values will be cast if necessary.",https://docs.scipy.org/doc/scipy/reference/generated/scipy.sparse.csc_array.mean.html#scipy.sparse.csc_array.mean
note,Release notes,https://docs.scipy.org/doc/scipy/reference/generated/scipy.sparse.csc_array.min.html#scipy.sparse.csc_array.min
note,Release notes,https://docs.scipy.org/doc/scipy/reference/generated/scipy.sparse.csc_array.minimum.html#scipy.sparse.csc_array.minimum
note,Release notes,https://docs.scipy.org/doc/scipy/reference/generated/scipy.sparse.csc_array.multiply.html#scipy.sparse.csc_array.multiply
note,Release notes,https://docs.scipy.org/doc/scipy/reference/generated/scipy.sparse.csc_array.nanmax.html#scipy.sparse.csc_array.nanmax
note,Release notes,https://docs.scipy.org/doc/scipy/reference/generated/scipy.sparse.csc_array.nanmin.html#scipy.sparse.csc_array.nanmin
note,Release notes,https://docs.scipy.org/doc/scipy/reference/generated/scipy.sparse.csc_array.nonzero.html#scipy.sparse.csc_array.nonzero
note,Release notes,https://docs.scipy.org/doc/scipy/reference/generated/scipy.sparse.csc_array.power.html#scipy.sparse.csc_array.power
note,Release notes,https://docs.scipy.org/doc/scipy/reference/generated/scipy.sparse.csc_array.prune.html#scipy.sparse.csc_array.prune
note,Release notes,https://docs.scipy.org/doc/scipy/reference/generated/scipy.sparse.csc_array.rad2deg.html#scipy.sparse.csc_array.rad2deg
note,Release notes,https://docs.scipy.org/doc/scipy/reference/generated/scipy.sparse.csc_array.reshape.html#scipy.sparse.csc_array.reshape
should,The new shape should be compatible with the original shape.,https://docs.scipy.org/doc/scipy/reference/generated/scipy.sparse.csc_array.reshape.html#scipy.sparse.csc_array.reshape
should,"Indicates whether or not attributes of self should be copied
whenever possible.",https://docs.scipy.org/doc/scipy/reference/generated/scipy.sparse.csc_array.reshape.html#scipy.sparse.csc_array.reshape
note,Release notes,https://docs.scipy.org/doc/scipy/reference/generated/scipy.sparse.csc_array.resize.html#scipy.sparse.csc_array.resize
note,Notes,https://docs.scipy.org/doc/scipy/reference/generated/scipy.sparse.csc_array.resize.html#scipy.sparse.csc_array.resize
note,Release notes,https://docs.scipy.org/doc/scipy/reference/generated/scipy.sparse.csc_array.rint.html#scipy.sparse.csc_array.rint
note,Release notes,https://docs.scipy.org/doc/scipy/reference/generated/scipy.sparse.csc_array.set_shape.html#scipy.sparse.csc_array.set_shape
note,Release notes,https://docs.scipy.org/doc/scipy/reference/generated/scipy.sparse.csc_array.setdiag.html#scipy.sparse.csc_array.setdiag
note,Release notes,https://docs.scipy.org/doc/scipy/reference/generated/scipy.sparse.csc_array.sign.html#scipy.sparse.csc_array.sign
note,Release notes,https://docs.scipy.org/doc/scipy/reference/generated/scipy.sparse.csc_array.sin.html#scipy.sparse.csc_array.sin
note,Release notes,https://docs.scipy.org/doc/scipy/reference/generated/scipy.sparse.csc_array.sinh.html#scipy.sparse.csc_array.sinh
note,Release notes,https://docs.scipy.org/doc/scipy/reference/generated/scipy.sparse.csc_array.sort_indices.html#scipy.sparse.csc_array.sort_indices
note,Release notes,https://docs.scipy.org/doc/scipy/reference/generated/scipy.sparse.csc_array.sorted_indices.html#scipy.sparse.csc_array.sorted_indices
note,Release notes,https://docs.scipy.org/doc/scipy/reference/generated/scipy.sparse.csc_array.sqrt.html#scipy.sparse.csc_array.sqrt
note,Release notes,https://docs.scipy.org/doc/scipy/reference/generated/scipy.sparse.csc_array.sum.html#scipy.sparse.csc_array.sum
must,"It must
have the same shape as the expected output, but the type of the
output values will be cast if necessary.",https://docs.scipy.org/doc/scipy/reference/generated/scipy.sparse.csc_array.sum.html#scipy.sparse.csc_array.sum
note,Release notes,https://docs.scipy.org/doc/scipy/reference/generated/scipy.sparse.csc_array.sum_duplicates.html#scipy.sparse.csc_array.sum_duplicates
note,Release notes,https://docs.scipy.org/doc/scipy/reference/generated/scipy.sparse.csc_array.tan.html#scipy.sparse.csc_array.tan
note,Release notes,https://docs.scipy.org/doc/scipy/reference/generated/scipy.sparse.csc_array.tanh.html#scipy.sparse.csc_array.tanh
note,Release notes,https://docs.scipy.org/doc/scipy/reference/generated/scipy.sparse.csc_array.toarray.html#scipy.sparse.csc_array.toarray
must,"The provided
array must have the same shape and dtype as the sparse
array/matrix on which you are calling the method.",https://docs.scipy.org/doc/scipy/reference/generated/scipy.sparse.csc_array.toarray.html#scipy.sparse.csc_array.toarray
note,Release notes,https://docs.scipy.org/doc/scipy/reference/generated/scipy.sparse.csc_array.tobsr.html#scipy.sparse.csc_array.tobsr
note,Release notes,https://docs.scipy.org/doc/scipy/reference/generated/scipy.sparse.csc_array.tocoo.html#scipy.sparse.csc_array.tocoo
note,Release notes,https://docs.scipy.org/doc/scipy/reference/generated/scipy.sparse.csc_array.tocsc.html#scipy.sparse.csc_array.tocsc
note,Release notes,https://docs.scipy.org/doc/scipy/reference/generated/scipy.sparse.csc_array.tocsr.html#scipy.sparse.csc_array.tocsr
note,Release notes,https://docs.scipy.org/doc/scipy/reference/generated/scipy.sparse.csc_array.todense.html#scipy.sparse.csc_array.todense
must,"The provided array must have the same shape and
dtype as the sparse array/matrix on which you are calling the
method.",https://docs.scipy.org/doc/scipy/reference/generated/scipy.sparse.csc_array.todense.html#scipy.sparse.csc_array.todense
note,Release notes,https://docs.scipy.org/doc/scipy/reference/generated/scipy.sparse.csc_array.todia.html#scipy.sparse.csc_array.todia
note,Release notes,https://docs.scipy.org/doc/scipy/reference/generated/scipy.sparse.csc_array.todok.html#scipy.sparse.csc_array.todok
note,Release notes,https://docs.scipy.org/doc/scipy/reference/generated/scipy.sparse.csc_array.tolil.html#scipy.sparse.csc_array.tolil
note,Release notes,https://docs.scipy.org/doc/scipy/reference/generated/scipy.sparse.csc_array.trace.html#scipy.sparse.csc_array.trace
note,Release notes,https://docs.scipy.org/doc/scipy/reference/generated/scipy.sparse.csc_array.transpose.html#scipy.sparse.csc_array.transpose
should,"Indicates whether or not attributes of self should be
copied whenever possible.",https://docs.scipy.org/doc/scipy/reference/generated/scipy.sparse.csc_array.transpose.html#scipy.sparse.csc_array.transpose
note,Release notes,https://docs.scipy.org/doc/scipy/reference/generated/scipy.sparse.dia_array.shape.html#scipy.sparse.dia_array.shape
note,"Note that, starting in SciPy 1.",https://docs.scipy.org/doc/scipy/reference/generated/scipy.sparse.dia_array.shape.html#scipy.sparse.dia_array.shape
note,Release notes,https://docs.scipy.org/doc/scipy/reference/generated/scipy.sparse.dia_array.nnz.html#scipy.sparse.dia_array.nnz
note,Release notes,https://docs.scipy.org/doc/scipy/reference/generated/scipy.sparse.dia_array.size.html#scipy.sparse.dia_array.size
note,Release notes,https://docs.scipy.org/doc/scipy/reference/generated/scipy.sparse.dia_array.T.html#scipy.sparse.dia_array.T
note,Release notes,https://docs.scipy.org/doc/scipy/reference/generated/scipy.sparse.dia_array.__len__.html#scipy.sparse.dia_array.__len__
note,Release notes,https://docs.scipy.org/doc/scipy/reference/generated/scipy.sparse.dia_array.arcsin.html#scipy.sparse.dia_array.arcsin
note,Release notes,https://docs.scipy.org/doc/scipy/reference/generated/scipy.sparse.dia_array.arcsinh.html#scipy.sparse.dia_array.arcsinh
note,Release notes,https://docs.scipy.org/doc/scipy/reference/generated/scipy.sparse.dia_array.arctan.html#scipy.sparse.dia_array.arctan
note,Release notes,https://docs.scipy.org/doc/scipy/reference/generated/scipy.sparse.dia_array.arctanh.html#scipy.sparse.dia_array.arctanh
note,Release notes,https://docs.scipy.org/doc/scipy/reference/generated/scipy.sparse.dia_array.asformat.html#scipy.sparse.dia_array.asformat
note,Release notes,https://docs.scipy.org/doc/scipy/reference/generated/scipy.sparse.dia_array.asfptype.html#scipy.sparse.dia_array.asfptype
only,"0: This method is for internal use only, and will be removed from the
public API in SciPy 1.",https://docs.scipy.org/doc/scipy/reference/generated/scipy.sparse.dia_array.asfptype.html#scipy.sparse.dia_array.asfptype
note,Release notes,https://docs.scipy.org/doc/scipy/reference/generated/scipy.sparse.dia_array.astype.html#scipy.sparse.dia_array.astype
should,‘no’ means the data types should not be cast at all.,https://docs.scipy.org/doc/scipy/reference/generated/scipy.sparse.dia_array.astype.html#scipy.sparse.dia_array.astype
only,‘equiv’ means only byte-order changes are allowed.,https://docs.scipy.org/doc/scipy/reference/generated/scipy.sparse.dia_array.astype.html#scipy.sparse.dia_array.astype
only,‘safe’ means only casts which can preserve values are allowed.,https://docs.scipy.org/doc/scipy/reference/generated/scipy.sparse.dia_array.astype.html#scipy.sparse.dia_array.astype
only,"‘same_kind’ means only safe casts or casts within a kind,
like float64 to float32, are allowed.",https://docs.scipy.org/doc/scipy/reference/generated/scipy.sparse.dia_array.astype.html#scipy.sparse.dia_array.astype
note,Release notes,https://docs.scipy.org/doc/scipy/reference/generated/scipy.sparse.dia_array.ceil.html#scipy.sparse.dia_array.ceil
note,Release notes,https://docs.scipy.org/doc/scipy/reference/generated/scipy.sparse.dia_array.conj.html#scipy.sparse.dia_array.conj
note,Release notes,https://docs.scipy.org/doc/scipy/reference/generated/scipy.sparse.dia_array.conjugate.html#scipy.sparse.dia_array.conjugate
note,Release notes,https://docs.scipy.org/doc/scipy/reference/generated/scipy.sparse.dia_array.copy.html#scipy.sparse.dia_array.copy
note,Release notes,https://docs.scipy.org/doc/scipy/reference/generated/scipy.sparse.dia_array.count_nonzero.html#scipy.sparse.dia_array.count_nonzero
note,Release notes,https://docs.scipy.org/doc/scipy/reference/generated/scipy.sparse.dia_array.deg2rad.html#scipy.sparse.dia_array.deg2rad
note,Release notes,https://docs.scipy.org/doc/scipy/reference/generated/scipy.sparse.dia_array.diagonal.html#scipy.sparse.dia_array.diagonal
note,Release notes,https://docs.scipy.org/doc/scipy/reference/generated/scipy.sparse.dia_array.dot.html#scipy.sparse.dia_array.dot
note,Release notes,https://docs.scipy.org/doc/scipy/reference/generated/scipy.sparse.dia_array.expm1.html#scipy.sparse.dia_array.expm1
note,Release notes,https://docs.scipy.org/doc/scipy/reference/generated/scipy.sparse.dia_array.floor.html#scipy.sparse.dia_array.floor
note,Release notes,https://docs.scipy.org/doc/scipy/reference/generated/scipy.sparse.dia_array.getH.html#scipy.sparse.dia_array.getH
note,Release notes,https://docs.scipy.org/doc/scipy/reference/generated/scipy.sparse.dia_array.get_shape.html#scipy.sparse.dia_array.get_shape
note,Release notes,https://docs.scipy.org/doc/scipy/reference/generated/scipy.sparse.dia_array.getcol.html#scipy.sparse.dia_array.getcol
note,Release notes,https://docs.scipy.org/doc/scipy/reference/generated/scipy.sparse.dia_array.getformat.html#scipy.sparse.dia_array.getformat
note,Release notes,https://docs.scipy.org/doc/scipy/reference/generated/scipy.sparse.dia_array.getmaxprint.html#scipy.sparse.dia_array.getmaxprint
only,"0: This method is for internal use only, and will be removed from the
public API in SciPy 1.",https://docs.scipy.org/doc/scipy/reference/generated/scipy.sparse.dia_array.getmaxprint.html#scipy.sparse.dia_array.getmaxprint
note,Release notes,https://docs.scipy.org/doc/scipy/reference/generated/scipy.sparse.dia_array.getnnz.html#scipy.sparse.dia_array.getnnz
note,Release notes,https://docs.scipy.org/doc/scipy/reference/generated/scipy.sparse.dia_array.getrow.html#scipy.sparse.dia_array.getrow
note,Release notes,https://docs.scipy.org/doc/scipy/reference/generated/scipy.sparse.dia_array.log1p.html#scipy.sparse.dia_array.log1p
note,Release notes,https://docs.scipy.org/doc/scipy/reference/generated/scipy.sparse.dia_array.maximum.html#scipy.sparse.dia_array.maximum
note,Release notes,https://docs.scipy.org/doc/scipy/reference/generated/scipy.sparse.dia_array.mean.html#scipy.sparse.dia_array.mean
must,"It must
have the same shape as the expected output, but the type of the
output values will be cast if necessary.",https://docs.scipy.org/doc/scipy/reference/generated/scipy.sparse.dia_array.mean.html#scipy.sparse.dia_array.mean
note,Release notes,https://docs.scipy.org/doc/scipy/reference/generated/scipy.sparse.dia_array.minimum.html#scipy.sparse.dia_array.minimum
note,Release notes,https://docs.scipy.org/doc/scipy/reference/generated/scipy.sparse.dia_array.multiply.html#scipy.sparse.dia_array.multiply
note,Release notes,https://docs.scipy.org/doc/scipy/reference/generated/scipy.sparse.dia_array.nonzero.html#scipy.sparse.dia_array.nonzero
note,Release notes,https://docs.scipy.org/doc/scipy/reference/generated/scipy.sparse.dia_array.power.html#scipy.sparse.dia_array.power
note,Release notes,https://docs.scipy.org/doc/scipy/reference/generated/scipy.sparse.dia_array.rad2deg.html#scipy.sparse.dia_array.rad2deg
note,Release notes,https://docs.scipy.org/doc/scipy/reference/generated/scipy.sparse.dia_array.reshape.html#scipy.sparse.dia_array.reshape
should,The new shape should be compatible with the original shape.,https://docs.scipy.org/doc/scipy/reference/generated/scipy.sparse.dia_array.reshape.html#scipy.sparse.dia_array.reshape
should,"Indicates whether or not attributes of self should be copied
whenever possible.",https://docs.scipy.org/doc/scipy/reference/generated/scipy.sparse.dia_array.reshape.html#scipy.sparse.dia_array.reshape
note,Release notes,https://docs.scipy.org/doc/scipy/reference/generated/scipy.sparse.dia_array.resize.html#scipy.sparse.dia_array.resize
note,Notes,https://docs.scipy.org/doc/scipy/reference/generated/scipy.sparse.dia_array.resize.html#scipy.sparse.dia_array.resize
note,Release notes,https://docs.scipy.org/doc/scipy/reference/generated/scipy.sparse.dia_array.rint.html#scipy.sparse.dia_array.rint
note,Release notes,https://docs.scipy.org/doc/scipy/reference/generated/scipy.sparse.dia_array.set_shape.html#scipy.sparse.dia_array.set_shape
note,Release notes,https://docs.scipy.org/doc/scipy/reference/generated/scipy.sparse.dia_array.setdiag.html#scipy.sparse.dia_array.setdiag
note,Release notes,https://docs.scipy.org/doc/scipy/reference/generated/scipy.sparse.dia_array.sign.html#scipy.sparse.dia_array.sign
note,Release notes,https://docs.scipy.org/doc/scipy/reference/generated/scipy.sparse.dia_array.sin.html#scipy.sparse.dia_array.sin
note,Release notes,https://docs.scipy.org/doc/scipy/reference/generated/scipy.sparse.dia_array.sinh.html#scipy.sparse.dia_array.sinh
note,Release notes,https://docs.scipy.org/doc/scipy/reference/generated/scipy.sparse.dia_array.sqrt.html#scipy.sparse.dia_array.sqrt
note,Release notes,https://docs.scipy.org/doc/scipy/reference/generated/scipy.sparse.dia_array.sum.html#scipy.sparse.dia_array.sum
must,"It must
have the same shape as the expected output, but the type of the
output values will be cast if necessary.",https://docs.scipy.org/doc/scipy/reference/generated/scipy.sparse.dia_array.sum.html#scipy.sparse.dia_array.sum
note,Release notes,https://docs.scipy.org/doc/scipy/reference/generated/scipy.sparse.dia_array.tan.html#scipy.sparse.dia_array.tan
note,Release notes,https://docs.scipy.org/doc/scipy/reference/generated/scipy.sparse.dia_array.tanh.html#scipy.sparse.dia_array.tanh
note,Release notes,https://docs.scipy.org/doc/scipy/reference/generated/scipy.sparse.dia_array.toarray.html#scipy.sparse.dia_array.toarray
must,"The provided
array must have the same shape and dtype as the sparse
array/matrix on which you are calling the method.",https://docs.scipy.org/doc/scipy/reference/generated/scipy.sparse.dia_array.toarray.html#scipy.sparse.dia_array.toarray
note,Release notes,https://docs.scipy.org/doc/scipy/reference/generated/scipy.sparse.dia_array.tobsr.html#scipy.sparse.dia_array.tobsr
note,Release notes,https://docs.scipy.org/doc/scipy/reference/generated/scipy.sparse.dia_array.tocoo.html#scipy.sparse.dia_array.tocoo
note,Release notes,https://docs.scipy.org/doc/scipy/reference/generated/scipy.sparse.dia_array.tocsc.html#scipy.sparse.dia_array.tocsc
note,Release notes,https://docs.scipy.org/doc/scipy/reference/generated/scipy.sparse.dia_array.tocsr.html#scipy.sparse.dia_array.tocsr
note,Release notes,https://docs.scipy.org/doc/scipy/reference/generated/scipy.sparse.dia_array.todense.html#scipy.sparse.dia_array.todense
must,"The provided array must have the same shape and
dtype as the sparse array/matrix on which you are calling the
method.",https://docs.scipy.org/doc/scipy/reference/generated/scipy.sparse.dia_array.todense.html#scipy.sparse.dia_array.todense
note,Release notes,https://docs.scipy.org/doc/scipy/reference/generated/scipy.sparse.dia_array.todia.html#scipy.sparse.dia_array.todia
note,Release notes,https://docs.scipy.org/doc/scipy/reference/generated/scipy.sparse.dia_array.todok.html#scipy.sparse.dia_array.todok
note,Release notes,https://docs.scipy.org/doc/scipy/reference/generated/scipy.sparse.dia_array.tolil.html#scipy.sparse.dia_array.tolil
note,Release notes,https://docs.scipy.org/doc/scipy/reference/generated/scipy.sparse.dia_array.trace.html#scipy.sparse.dia_array.trace
note,Release notes,https://docs.scipy.org/doc/scipy/reference/generated/scipy.sparse.dia_array.transpose.html#scipy.sparse.dia_array.transpose
should,"Indicates whether or not attributes of self should be
copied whenever possible.",https://docs.scipy.org/doc/scipy/reference/generated/scipy.sparse.dia_array.transpose.html#scipy.sparse.dia_array.transpose
note,Release notes,https://docs.scipy.org/doc/scipy/reference/generated/scipy.sparse.dia_array.trunc.html#scipy.sparse.dia_array.trunc
note,Release notes,https://docs.scipy.org/doc/scipy/reference/generated/scipy.sparse.dok_array.shape.html#scipy.sparse.dok_array.shape
note,"Note that, starting in SciPy 1.",https://docs.scipy.org/doc/scipy/reference/generated/scipy.sparse.dok_array.shape.html#scipy.sparse.dok_array.shape
note,Release notes,https://docs.scipy.org/doc/scipy/reference/generated/scipy.sparse.dok_array.nnz.html#scipy.sparse.dok_array.nnz
note,Release notes,https://docs.scipy.org/doc/scipy/reference/generated/scipy.sparse.dok_array.size.html#scipy.sparse.dok_array.size
note,Release notes,https://docs.scipy.org/doc/scipy/reference/generated/scipy.sparse.dok_array.T.html#scipy.sparse.dok_array.T
note,Release notes,https://docs.scipy.org/doc/scipy/reference/generated/scipy.sparse.dok_array.asformat.html#scipy.sparse.dok_array.asformat
note,Release notes,https://docs.scipy.org/doc/scipy/reference/generated/scipy.sparse.dok_array.asfptype.html#scipy.sparse.dok_array.asfptype
only,"0: This method is for internal use only, and will be removed from the
public API in SciPy 1.",https://docs.scipy.org/doc/scipy/reference/generated/scipy.sparse.dok_array.asfptype.html#scipy.sparse.dok_array.asfptype
note,Release notes,https://docs.scipy.org/doc/scipy/reference/generated/scipy.sparse.dok_array.astype.html#scipy.sparse.dok_array.astype
should,‘no’ means the data types should not be cast at all.,https://docs.scipy.org/doc/scipy/reference/generated/scipy.sparse.dok_array.astype.html#scipy.sparse.dok_array.astype
only,‘equiv’ means only byte-order changes are allowed.,https://docs.scipy.org/doc/scipy/reference/generated/scipy.sparse.dok_array.astype.html#scipy.sparse.dok_array.astype
only,‘safe’ means only casts which can preserve values are allowed.,https://docs.scipy.org/doc/scipy/reference/generated/scipy.sparse.dok_array.astype.html#scipy.sparse.dok_array.astype
only,"‘same_kind’ means only safe casts or casts within a kind,
like float64 to float32, are allowed.",https://docs.scipy.org/doc/scipy/reference/generated/scipy.sparse.dok_array.astype.html#scipy.sparse.dok_array.astype
note,Release notes,https://docs.scipy.org/doc/scipy/reference/generated/scipy.sparse.dok_array.conj.html#scipy.sparse.dok_array.conj
note,Release notes,https://docs.scipy.org/doc/scipy/reference/generated/scipy.sparse.dok_array.conjtransp.html#scipy.sparse.dok_array.conjtransp
note,Release notes,https://docs.scipy.org/doc/scipy/reference/generated/scipy.sparse.dok_array.conjugate.html#scipy.sparse.dok_array.conjugate
note,Release notes,https://docs.scipy.org/doc/scipy/reference/generated/scipy.sparse.dok_array.copy.html#scipy.sparse.dok_array.copy
note,Release notes,https://docs.scipy.org/doc/scipy/reference/generated/scipy.sparse.dok_array.count_nonzero.html#scipy.sparse.dok_array.count_nonzero
note,Release notes,https://docs.scipy.org/doc/scipy/reference/generated/scipy.sparse.dok_array.diagonal.html#scipy.sparse.dok_array.diagonal
note,Release notes,https://docs.scipy.org/doc/scipy/reference/generated/scipy.sparse.dok_array.dot.html#scipy.sparse.dok_array.dot
note,Release notes,https://docs.scipy.org/doc/scipy/reference/generated/scipy.sparse.dok_array.get.html#scipy.sparse.dok_array.get
note,Release notes,https://docs.scipy.org/doc/scipy/reference/generated/scipy.sparse.dok_array.getH.html#scipy.sparse.dok_array.getH
note,Release notes,https://docs.scipy.org/doc/scipy/reference/generated/scipy.sparse.dok_array.get_shape.html#scipy.sparse.dok_array.get_shape
note,Release notes,https://docs.scipy.org/doc/scipy/reference/generated/scipy.sparse.dok_array.getcol.html#scipy.sparse.dok_array.getcol
note,Release notes,https://docs.scipy.org/doc/scipy/reference/generated/scipy.sparse.dok_array.getformat.html#scipy.sparse.dok_array.getformat
note,Release notes,https://docs.scipy.org/doc/scipy/reference/generated/scipy.sparse.dok_array.getmaxprint.html#scipy.sparse.dok_array.getmaxprint
only,"0: This method is for internal use only, and will be removed from the
public API in SciPy 1.",https://docs.scipy.org/doc/scipy/reference/generated/scipy.sparse.dok_array.getmaxprint.html#scipy.sparse.dok_array.getmaxprint
note,Release notes,https://docs.scipy.org/doc/scipy/reference/generated/scipy.sparse.dok_array.getnnz.html#scipy.sparse.dok_array.getnnz
note,Release notes,https://docs.scipy.org/doc/scipy/reference/generated/scipy.sparse.dok_array.getrow.html#scipy.sparse.dok_array.getrow
note,Release notes,https://docs.scipy.org/doc/scipy/reference/generated/scipy.sparse.dok_array.maximum.html#scipy.sparse.dok_array.maximum
note,Release notes,https://docs.scipy.org/doc/scipy/reference/generated/scipy.sparse.dok_array.mean.html#scipy.sparse.dok_array.mean
must,"It must
have the same shape as the expected output, but the type of the
output values will be cast if necessary.",https://docs.scipy.org/doc/scipy/reference/generated/scipy.sparse.dok_array.mean.html#scipy.sparse.dok_array.mean
note,Release notes,https://docs.scipy.org/doc/scipy/reference/generated/scipy.sparse.dok_array.minimum.html#scipy.sparse.dok_array.minimum
note,Release notes,https://docs.scipy.org/doc/scipy/reference/generated/scipy.sparse.dok_array.multiply.html#scipy.sparse.dok_array.multiply
note,Release notes,https://docs.scipy.org/doc/scipy/reference/generated/scipy.sparse.dok_array.nonzero.html#scipy.sparse.dok_array.nonzero
note,Release notes,https://docs.scipy.org/doc/scipy/reference/generated/scipy.sparse.dok_array.power.html#scipy.sparse.dok_array.power
note,Release notes,https://docs.scipy.org/doc/scipy/reference/generated/scipy.sparse.dok_array.reshape.html#scipy.sparse.dok_array.reshape
should,The new shape should be compatible with the original shape.,https://docs.scipy.org/doc/scipy/reference/generated/scipy.sparse.dok_array.reshape.html#scipy.sparse.dok_array.reshape
should,"Indicates whether or not attributes of self should be copied
whenever possible.",https://docs.scipy.org/doc/scipy/reference/generated/scipy.sparse.dok_array.reshape.html#scipy.sparse.dok_array.reshape
note,Release notes,https://docs.scipy.org/doc/scipy/reference/generated/scipy.sparse.dok_array.resize.html#scipy.sparse.dok_array.resize
note,Notes,https://docs.scipy.org/doc/scipy/reference/generated/scipy.sparse.dok_array.resize.html#scipy.sparse.dok_array.resize
note,Release notes,https://docs.scipy.org/doc/scipy/reference/generated/scipy.sparse.dok_array.set_shape.html#scipy.sparse.dok_array.set_shape
note,Release notes,https://docs.scipy.org/doc/scipy/reference/generated/scipy.sparse.dok_array.setdiag.html#scipy.sparse.dok_array.setdiag
note,Release notes,https://docs.scipy.org/doc/scipy/reference/generated/scipy.sparse.dok_array.sum.html#scipy.sparse.dok_array.sum
must,"It must
have the same shape as the expected output, but the type of the
output values will be cast if necessary.",https://docs.scipy.org/doc/scipy/reference/generated/scipy.sparse.dok_array.sum.html#scipy.sparse.dok_array.sum
note,Release notes,https://docs.scipy.org/doc/scipy/reference/generated/scipy.sparse.dok_array.toarray.html#scipy.sparse.dok_array.toarray
must,"The provided
array must have the same shape and dtype as the sparse
array/matrix on which you are calling the method.",https://docs.scipy.org/doc/scipy/reference/generated/scipy.sparse.dok_array.toarray.html#scipy.sparse.dok_array.toarray
note,Release notes,https://docs.scipy.org/doc/scipy/reference/generated/scipy.sparse.dok_array.tobsr.html#scipy.sparse.dok_array.tobsr
note,Release notes,https://docs.scipy.org/doc/scipy/reference/generated/scipy.sparse.dok_array.tocoo.html#scipy.sparse.dok_array.tocoo
note,Release notes,https://docs.scipy.org/doc/scipy/reference/generated/scipy.sparse.dok_array.tocsc.html#scipy.sparse.dok_array.tocsc
note,Release notes,https://docs.scipy.org/doc/scipy/reference/generated/scipy.sparse.dok_array.tocsr.html#scipy.sparse.dok_array.tocsr
note,Release notes,https://docs.scipy.org/doc/scipy/reference/generated/scipy.sparse.dok_array.todense.html#scipy.sparse.dok_array.todense
must,"The provided array must have the same shape and
dtype as the sparse array/matrix on which you are calling the
method.",https://docs.scipy.org/doc/scipy/reference/generated/scipy.sparse.dok_array.todense.html#scipy.sparse.dok_array.todense
note,Release notes,https://docs.scipy.org/doc/scipy/reference/generated/scipy.sparse.dok_array.todia.html#scipy.sparse.dok_array.todia
note,Release notes,https://docs.scipy.org/doc/scipy/reference/generated/scipy.sparse.dok_array.todok.html#scipy.sparse.dok_array.todok
note,Release notes,https://docs.scipy.org/doc/scipy/reference/generated/scipy.sparse.dok_array.tolil.html#scipy.sparse.dok_array.tolil
note,Release notes,https://docs.scipy.org/doc/scipy/reference/generated/scipy.sparse.dok_array.trace.html#scipy.sparse.dok_array.trace
note,Release notes,https://docs.scipy.org/doc/scipy/reference/generated/scipy.sparse.dok_array.transpose.html#scipy.sparse.dok_array.transpose
should,"Indicates whether or not attributes of self should be
copied whenever possible.",https://docs.scipy.org/doc/scipy/reference/generated/scipy.sparse.dok_array.transpose.html#scipy.sparse.dok_array.transpose
note,Release notes,https://docs.scipy.org/doc/scipy/reference/generated/scipy.sparse.lil_array.shape.html#scipy.sparse.lil_array.shape
note,"Note that, starting in SciPy 1.",https://docs.scipy.org/doc/scipy/reference/generated/scipy.sparse.lil_array.shape.html#scipy.sparse.lil_array.shape
note,Release notes,https://docs.scipy.org/doc/scipy/reference/generated/scipy.sparse.lil_array.nnz.html#scipy.sparse.lil_array.nnz
note,Release notes,https://docs.scipy.org/doc/scipy/reference/generated/scipy.sparse.lil_array.size.html#scipy.sparse.lil_array.size
note,Release notes,https://docs.scipy.org/doc/scipy/reference/generated/scipy.sparse.lil_array.T.html#scipy.sparse.lil_array.T
note,Release notes,https://docs.scipy.org/doc/scipy/reference/generated/scipy.sparse.lil_array.__len__.html#scipy.sparse.lil_array.__len__
note,Release notes,https://docs.scipy.org/doc/scipy/reference/generated/scipy.sparse.lil_array.asformat.html#scipy.sparse.lil_array.asformat
note,Release notes,https://docs.scipy.org/doc/scipy/reference/generated/scipy.sparse.lil_array.asfptype.html#scipy.sparse.lil_array.asfptype
only,"0: This method is for internal use only, and will be removed from the
public API in SciPy 1.",https://docs.scipy.org/doc/scipy/reference/generated/scipy.sparse.lil_array.asfptype.html#scipy.sparse.lil_array.asfptype
note,Release notes,https://docs.scipy.org/doc/scipy/reference/generated/scipy.sparse.lil_array.astype.html#scipy.sparse.lil_array.astype
should,‘no’ means the data types should not be cast at all.,https://docs.scipy.org/doc/scipy/reference/generated/scipy.sparse.lil_array.astype.html#scipy.sparse.lil_array.astype
only,‘equiv’ means only byte-order changes are allowed.,https://docs.scipy.org/doc/scipy/reference/generated/scipy.sparse.lil_array.astype.html#scipy.sparse.lil_array.astype
only,‘safe’ means only casts which can preserve values are allowed.,https://docs.scipy.org/doc/scipy/reference/generated/scipy.sparse.lil_array.astype.html#scipy.sparse.lil_array.astype
only,"‘same_kind’ means only safe casts or casts within a kind,
like float64 to float32, are allowed.",https://docs.scipy.org/doc/scipy/reference/generated/scipy.sparse.lil_array.astype.html#scipy.sparse.lil_array.astype
note,Release notes,https://docs.scipy.org/doc/scipy/reference/generated/scipy.sparse.lil_array.conj.html#scipy.sparse.lil_array.conj
note,Release notes,https://docs.scipy.org/doc/scipy/reference/generated/scipy.sparse.lil_array.conjugate.html#scipy.sparse.lil_array.conjugate
note,Release notes,https://docs.scipy.org/doc/scipy/reference/generated/scipy.sparse.lil_array.copy.html#scipy.sparse.lil_array.copy
note,Release notes,https://docs.scipy.org/doc/scipy/reference/generated/scipy.sparse.lil_array.count_nonzero.html#scipy.sparse.lil_array.count_nonzero
note,Release notes,https://docs.scipy.org/doc/scipy/reference/generated/scipy.sparse.lil_array.diagonal.html#scipy.sparse.lil_array.diagonal
note,Release notes,https://docs.scipy.org/doc/scipy/reference/generated/scipy.sparse.lil_array.dot.html#scipy.sparse.lil_array.dot
note,Release notes,https://docs.scipy.org/doc/scipy/reference/generated/scipy.sparse.lil_array.getH.html#scipy.sparse.lil_array.getH
note,Release notes,https://docs.scipy.org/doc/scipy/reference/generated/scipy.sparse.lil_array.get_shape.html#scipy.sparse.lil_array.get_shape
note,Release notes,https://docs.scipy.org/doc/scipy/reference/generated/scipy.sparse.lil_array.getcol.html#scipy.sparse.lil_array.getcol
note,Release notes,https://docs.scipy.org/doc/scipy/reference/generated/scipy.sparse.lil_array.getformat.html#scipy.sparse.lil_array.getformat
note,Release notes,https://docs.scipy.org/doc/scipy/reference/generated/scipy.sparse.lil_array.getmaxprint.html#scipy.sparse.lil_array.getmaxprint
only,"0: This method is for internal use only, and will be removed from the
public API in SciPy 1.",https://docs.scipy.org/doc/scipy/reference/generated/scipy.sparse.lil_array.getmaxprint.html#scipy.sparse.lil_array.getmaxprint
note,Release notes,https://docs.scipy.org/doc/scipy/reference/generated/scipy.sparse.lil_array.getnnz.html#scipy.sparse.lil_array.getnnz
note,Release notes,https://docs.scipy.org/doc/scipy/reference/generated/scipy.sparse.lil_array.getrow.html#scipy.sparse.lil_array.getrow
note,Release notes,https://docs.scipy.org/doc/scipy/reference/generated/scipy.sparse.lil_array.getrowview.html#scipy.sparse.lil_array.getrowview
note,Release notes,https://docs.scipy.org/doc/scipy/reference/generated/scipy.sparse.lil_array.maximum.html#scipy.sparse.lil_array.maximum
note,Release notes,https://docs.scipy.org/doc/scipy/reference/generated/scipy.sparse.lil_array.mean.html#scipy.sparse.lil_array.mean
must,"It must
have the same shape as the expected output, but the type of the
output values will be cast if necessary.",https://docs.scipy.org/doc/scipy/reference/generated/scipy.sparse.lil_array.mean.html#scipy.sparse.lil_array.mean
note,Release notes,https://docs.scipy.org/doc/scipy/reference/generated/scipy.sparse.lil_array.minimum.html#scipy.sparse.lil_array.minimum
note,Release notes,https://docs.scipy.org/doc/scipy/reference/generated/scipy.sparse.lil_array.multiply.html#scipy.sparse.lil_array.multiply
note,Release notes,https://docs.scipy.org/doc/scipy/reference/generated/scipy.sparse.lil_array.nonzero.html#scipy.sparse.lil_array.nonzero
note,Release notes,https://docs.scipy.org/doc/scipy/reference/generated/scipy.sparse.lil_array.power.html#scipy.sparse.lil_array.power
note,Release notes,https://docs.scipy.org/doc/scipy/reference/generated/scipy.sparse.lil_array.reshape.html#scipy.sparse.lil_array.reshape
should,The new shape should be compatible with the original shape.,https://docs.scipy.org/doc/scipy/reference/generated/scipy.sparse.lil_array.reshape.html#scipy.sparse.lil_array.reshape
should,"Indicates whether or not attributes of self should be copied
whenever possible.",https://docs.scipy.org/doc/scipy/reference/generated/scipy.sparse.lil_array.reshape.html#scipy.sparse.lil_array.reshape
note,Release notes,https://docs.scipy.org/doc/scipy/reference/generated/scipy.sparse.lil_array.resize.html#scipy.sparse.lil_array.resize
note,Notes,https://docs.scipy.org/doc/scipy/reference/generated/scipy.sparse.lil_array.resize.html#scipy.sparse.lil_array.resize
note,Release notes,https://docs.scipy.org/doc/scipy/reference/generated/scipy.sparse.lil_array.set_shape.html#scipy.sparse.lil_array.set_shape
note,Release notes,https://docs.scipy.org/doc/scipy/reference/generated/scipy.sparse.lil_array.setdiag.html#scipy.sparse.lil_array.setdiag
note,Release notes,https://docs.scipy.org/doc/scipy/reference/generated/scipy.sparse.lil_array.sum.html#scipy.sparse.lil_array.sum
must,"It must
have the same shape as the expected output, but the type of the
output values will be cast if necessary.",https://docs.scipy.org/doc/scipy/reference/generated/scipy.sparse.lil_array.sum.html#scipy.sparse.lil_array.sum
note,Release notes,https://docs.scipy.org/doc/scipy/reference/generated/scipy.sparse.lil_array.toarray.html#scipy.sparse.lil_array.toarray
must,"The provided
array must have the same shape and dtype as the sparse
array/matrix on which you are calling the method.",https://docs.scipy.org/doc/scipy/reference/generated/scipy.sparse.lil_array.toarray.html#scipy.sparse.lil_array.toarray
note,Release notes,https://docs.scipy.org/doc/scipy/reference/generated/scipy.sparse.lil_array.tobsr.html#scipy.sparse.lil_array.tobsr
note,Release notes,https://docs.scipy.org/doc/scipy/reference/generated/scipy.sparse.lil_array.tocoo.html#scipy.sparse.lil_array.tocoo
note,Release notes,https://docs.scipy.org/doc/scipy/reference/generated/scipy.sparse.lil_array.tocsc.html#scipy.sparse.lil_array.tocsc
note,Release notes,https://docs.scipy.org/doc/scipy/reference/generated/scipy.sparse.lil_array.tocsr.html#scipy.sparse.lil_array.tocsr
note,Release notes,https://docs.scipy.org/doc/scipy/reference/generated/scipy.sparse.lil_array.todense.html#scipy.sparse.lil_array.todense
must,"The provided array must have the same shape and
dtype as the sparse array/matrix on which you are calling the
method.",https://docs.scipy.org/doc/scipy/reference/generated/scipy.sparse.lil_array.todense.html#scipy.sparse.lil_array.todense
note,Release notes,https://docs.scipy.org/doc/scipy/reference/generated/scipy.sparse.lil_array.todia.html#scipy.sparse.lil_array.todia
note,Release notes,https://docs.scipy.org/doc/scipy/reference/generated/scipy.sparse.lil_array.todok.html#scipy.sparse.lil_array.todok
note,Release notes,https://docs.scipy.org/doc/scipy/reference/generated/scipy.sparse.lil_array.tolil.html#scipy.sparse.lil_array.tolil
note,Release notes,https://docs.scipy.org/doc/scipy/reference/generated/scipy.sparse.lil_array.trace.html#scipy.sparse.lil_array.trace
note,Release notes,https://docs.scipy.org/doc/scipy/reference/generated/scipy.sparse.lil_array.transpose.html#scipy.sparse.lil_array.transpose
should,"Indicates whether or not attributes of self should be
copied whenever possible.",https://docs.scipy.org/doc/scipy/reference/generated/scipy.sparse.lil_array.transpose.html#scipy.sparse.lil_array.transpose
note,Release notes,https://docs.scipy.org/doc/scipy/reference/generated/scipy.sparse.csr_matrix.shape.html#scipy.sparse.csr_matrix.shape
note,Release notes,https://docs.scipy.org/doc/scipy/reference/generated/scipy.sparse.csr_matrix.nnz.html#scipy.sparse.csr_matrix.nnz
note,Release notes,https://docs.scipy.org/doc/scipy/reference/generated/scipy.sparse.csr_matrix.size.html#scipy.sparse.csr_matrix.size
note,Release notes,https://docs.scipy.org/doc/scipy/reference/generated/scipy.sparse.csr_matrix.has_sorted_indices.html#scipy.sparse.csr_matrix.has_sorted_indices
note,Release notes,https://docs.scipy.org/doc/scipy/reference/generated/scipy.sparse.csr_matrix.has_canonical_format.html#scipy.sparse.csr_matrix.has_canonical_format
note,Release notes,https://docs.scipy.org/doc/scipy/reference/generated/scipy.sparse.csr_matrix.T.html#scipy.sparse.csr_matrix.T
note,Release notes,https://docs.scipy.org/doc/scipy/reference/generated/scipy.sparse.csr_matrix.__len__.html#scipy.sparse.csr_matrix.__len__
note,Release notes,https://docs.scipy.org/doc/scipy/reference/generated/scipy.sparse.csr_matrix.__mul__.html#scipy.sparse.csr_matrix.__mul__
note,Release notes,https://docs.scipy.org/doc/scipy/reference/generated/scipy.sparse.csr_matrix.arcsin.html#scipy.sparse.csr_matrix.arcsin
note,Release notes,https://docs.scipy.org/doc/scipy/reference/generated/scipy.sparse.csr_matrix.arcsinh.html#scipy.sparse.csr_matrix.arcsinh
note,Release notes,https://docs.scipy.org/doc/scipy/reference/generated/scipy.sparse.csr_matrix.arctan.html#scipy.sparse.csr_matrix.arctan
note,Release notes,https://docs.scipy.org/doc/scipy/reference/generated/scipy.sparse.csr_matrix.arctanh.html#scipy.sparse.csr_matrix.arctanh
note,Release notes,https://docs.scipy.org/doc/scipy/reference/generated/scipy.sparse.csr_matrix.argmax.html#scipy.sparse.csr_matrix.argmax
note,Release notes,https://docs.scipy.org/doc/scipy/reference/generated/scipy.sparse.csr_matrix.argmin.html#scipy.sparse.csr_matrix.argmin
note,Release notes,https://docs.scipy.org/doc/scipy/reference/generated/scipy.sparse.csr_matrix.asformat.html#scipy.sparse.csr_matrix.asformat
note,Release notes,https://docs.scipy.org/doc/scipy/reference/generated/scipy.sparse.csr_matrix.asfptype.html#scipy.sparse.csr_matrix.asfptype
note,Release notes,https://docs.scipy.org/doc/scipy/reference/generated/scipy.sparse.csr_matrix.astype.html#scipy.sparse.csr_matrix.astype
should,‘no’ means the data types should not be cast at all.,https://docs.scipy.org/doc/scipy/reference/generated/scipy.sparse.csr_matrix.astype.html#scipy.sparse.csr_matrix.astype
only,‘equiv’ means only byte-order changes are allowed.,https://docs.scipy.org/doc/scipy/reference/generated/scipy.sparse.csr_matrix.astype.html#scipy.sparse.csr_matrix.astype
only,‘safe’ means only casts which can preserve values are allowed.,https://docs.scipy.org/doc/scipy/reference/generated/scipy.sparse.csr_matrix.astype.html#scipy.sparse.csr_matrix.astype
only,"‘same_kind’ means only safe casts or casts within a kind,
like float64 to float32, are allowed.",https://docs.scipy.org/doc/scipy/reference/generated/scipy.sparse.csr_matrix.astype.html#scipy.sparse.csr_matrix.astype
note,Release notes,https://docs.scipy.org/doc/scipy/reference/generated/scipy.sparse.csr_matrix.ceil.html#scipy.sparse.csr_matrix.ceil
note,Release notes,https://docs.scipy.org/doc/scipy/reference/generated/scipy.sparse.csr_matrix.check_format.html#scipy.sparse.csr_matrix.check_format
note,"Note that activating those check might copy arrays for casting,
modifying indices and index pointers’ inplace.",https://docs.scipy.org/doc/scipy/reference/generated/scipy.sparse.csr_matrix.check_format.html#scipy.sparse.csr_matrix.check_format
note,Release notes,https://docs.scipy.org/doc/scipy/reference/generated/scipy.sparse.csr_matrix.conj.html#scipy.sparse.csr_matrix.conj
note,Release notes,https://docs.scipy.org/doc/scipy/reference/generated/scipy.sparse.csr_matrix.conjugate.html#scipy.sparse.csr_matrix.conjugate
note,Release notes,https://docs.scipy.org/doc/scipy/reference/generated/scipy.sparse.csr_matrix.copy.html#scipy.sparse.csr_matrix.copy
note,Release notes,https://docs.scipy.org/doc/scipy/reference/generated/scipy.sparse.csr_matrix.count_nonzero.html#scipy.sparse.csr_matrix.count_nonzero
note,Release notes,https://docs.scipy.org/doc/scipy/reference/generated/scipy.sparse.csr_matrix.deg2rad.html#scipy.sparse.csr_matrix.deg2rad
note,Release notes,https://docs.scipy.org/doc/scipy/reference/generated/scipy.sparse.csr_matrix.diagonal.html#scipy.sparse.csr_matrix.diagonal
note,Release notes,https://docs.scipy.org/doc/scipy/reference/generated/scipy.sparse.csr_matrix.dot.html#scipy.sparse.csr_matrix.dot
note,Release notes,https://docs.scipy.org/doc/scipy/reference/generated/scipy.sparse.csr_matrix.eliminate_zeros.html#scipy.sparse.csr_matrix.eliminate_zeros
note,Release notes,https://docs.scipy.org/doc/scipy/reference/generated/scipy.sparse.csr_matrix.expm1.html#scipy.sparse.csr_matrix.expm1
note,Release notes,https://docs.scipy.org/doc/scipy/reference/generated/scipy.sparse.csr_matrix.floor.html#scipy.sparse.csr_matrix.floor
note,Release notes,https://docs.scipy.org/doc/scipy/reference/generated/scipy.sparse.csr_matrix.getH.html#scipy.sparse.csr_matrix.getH
note,Release notes,https://docs.scipy.org/doc/scipy/reference/generated/scipy.sparse.csr_matrix.get_shape.html#scipy.sparse.csr_matrix.get_shape
note,Release notes,https://docs.scipy.org/doc/scipy/reference/generated/scipy.sparse.csr_matrix.getcol.html#scipy.sparse.csr_matrix.getcol
note,Release notes,https://docs.scipy.org/doc/scipy/reference/generated/scipy.sparse.csr_matrix.getformat.html#scipy.sparse.csr_matrix.getformat
note,Release notes,https://docs.scipy.org/doc/scipy/reference/generated/scipy.sparse.csr_matrix.getmaxprint.html#scipy.sparse.csr_matrix.getmaxprint
note,Release notes,https://docs.scipy.org/doc/scipy/reference/generated/scipy.sparse.csr_matrix.getnnz.html#scipy.sparse.csr_matrix.getnnz
note,Release notes,https://docs.scipy.org/doc/scipy/reference/generated/scipy.sparse.csr_matrix.getrow.html#scipy.sparse.csr_matrix.getrow
note,Release notes,https://docs.scipy.org/doc/scipy/reference/generated/scipy.sparse.csr_matrix.log1p.html#scipy.sparse.csr_matrix.log1p
note,Release notes,https://docs.scipy.org/doc/scipy/reference/generated/scipy.sparse.csr_matrix.max.html#scipy.sparse.csr_matrix.max
note,Release notes,https://docs.scipy.org/doc/scipy/reference/generated/scipy.sparse.csr_matrix.maximum.html#scipy.sparse.csr_matrix.maximum
note,Release notes,https://docs.scipy.org/doc/scipy/reference/generated/scipy.sparse.csr_matrix.mean.html#scipy.sparse.csr_matrix.mean
must,"It must
have the same shape as the expected output, but the type of the
output values will be cast if necessary.",https://docs.scipy.org/doc/scipy/reference/generated/scipy.sparse.csr_matrix.mean.html#scipy.sparse.csr_matrix.mean
note,Release notes,https://docs.scipy.org/doc/scipy/reference/generated/scipy.sparse.csr_matrix.min.html#scipy.sparse.csr_matrix.min
note,Release notes,https://docs.scipy.org/doc/scipy/reference/generated/scipy.sparse.csr_matrix.minimum.html#scipy.sparse.csr_matrix.minimum
note,Release notes,https://docs.scipy.org/doc/scipy/reference/generated/scipy.sparse.csr_matrix.multiply.html#scipy.sparse.csr_matrix.multiply
note,Release notes,https://docs.scipy.org/doc/scipy/reference/generated/scipy.sparse.csr_matrix.nanmax.html#scipy.sparse.csr_matrix.nanmax
note,Release notes,https://docs.scipy.org/doc/scipy/reference/generated/scipy.sparse.csr_matrix.nanmin.html#scipy.sparse.csr_matrix.nanmin
note,Release notes,https://docs.scipy.org/doc/scipy/reference/generated/scipy.sparse.csr_matrix.nonzero.html#scipy.sparse.csr_matrix.nonzero
note,Release notes,https://docs.scipy.org/doc/scipy/reference/generated/scipy.sparse.csr_matrix.power.html#scipy.sparse.csr_matrix.power
note,Release notes,https://docs.scipy.org/doc/scipy/reference/generated/scipy.sparse.csr_matrix.prune.html#scipy.sparse.csr_matrix.prune
note,Release notes,https://docs.scipy.org/doc/scipy/reference/generated/scipy.sparse.csr_matrix.rad2deg.html#scipy.sparse.csr_matrix.rad2deg
note,Release notes,https://docs.scipy.org/doc/scipy/reference/generated/scipy.sparse.csr_matrix.reshape.html#scipy.sparse.csr_matrix.reshape
should,The new shape should be compatible with the original shape.,https://docs.scipy.org/doc/scipy/reference/generated/scipy.sparse.csr_matrix.reshape.html#scipy.sparse.csr_matrix.reshape
should,"Indicates whether or not attributes of self should be copied
whenever possible.",https://docs.scipy.org/doc/scipy/reference/generated/scipy.sparse.csr_matrix.reshape.html#scipy.sparse.csr_matrix.reshape
note,Release notes,https://docs.scipy.org/doc/scipy/reference/generated/scipy.sparse.csr_matrix.resize.html#scipy.sparse.csr_matrix.resize
note,Notes,https://docs.scipy.org/doc/scipy/reference/generated/scipy.sparse.csr_matrix.resize.html#scipy.sparse.csr_matrix.resize
note,Release notes,https://docs.scipy.org/doc/scipy/reference/generated/scipy.sparse.csr_matrix.rint.html#scipy.sparse.csr_matrix.rint
note,Release notes,https://docs.scipy.org/doc/scipy/reference/generated/scipy.sparse.csr_matrix.set_shape.html#scipy.sparse.csr_matrix.set_shape
note,Release notes,https://docs.scipy.org/doc/scipy/reference/generated/scipy.sparse.csr_matrix.setdiag.html#scipy.sparse.csr_matrix.setdiag
note,Release notes,https://docs.scipy.org/doc/scipy/reference/generated/scipy.sparse.csr_matrix.sign.html#scipy.sparse.csr_matrix.sign
note,Release notes,https://docs.scipy.org/doc/scipy/reference/generated/scipy.sparse.csr_matrix.sin.html#scipy.sparse.csr_matrix.sin
note,Release notes,https://docs.scipy.org/doc/scipy/reference/generated/scipy.sparse.csr_matrix.sinh.html#scipy.sparse.csr_matrix.sinh
note,Release notes,https://docs.scipy.org/doc/scipy/reference/generated/scipy.sparse.csr_matrix.sort_indices.html#scipy.sparse.csr_matrix.sort_indices
note,Release notes,https://docs.scipy.org/doc/scipy/reference/generated/scipy.sparse.csr_matrix.sorted_indices.html#scipy.sparse.csr_matrix.sorted_indices
note,Release notes,https://docs.scipy.org/doc/scipy/reference/generated/scipy.sparse.csr_matrix.sqrt.html#scipy.sparse.csr_matrix.sqrt
note,Release notes,https://docs.scipy.org/doc/scipy/reference/generated/scipy.sparse.csr_matrix.sum.html#scipy.sparse.csr_matrix.sum
must,"It must
have the same shape as the expected output, but the type of the
output values will be cast if necessary.",https://docs.scipy.org/doc/scipy/reference/generated/scipy.sparse.csr_matrix.sum.html#scipy.sparse.csr_matrix.sum
note,Release notes,https://docs.scipy.org/doc/scipy/reference/generated/scipy.sparse.csr_matrix.sum_duplicates.html#scipy.sparse.csr_matrix.sum_duplicates
note,Release notes,https://docs.scipy.org/doc/scipy/reference/generated/scipy.sparse.csr_matrix.tan.html#scipy.sparse.csr_matrix.tan
note,Release notes,https://docs.scipy.org/doc/scipy/reference/generated/scipy.sparse.csr_matrix.tanh.html#scipy.sparse.csr_matrix.tanh
note,Release notes,https://docs.scipy.org/doc/scipy/reference/generated/scipy.sparse.csr_matrix.toarray.html#scipy.sparse.csr_matrix.toarray
must,"The provided
array must have the same shape and dtype as the sparse
array/matrix on which you are calling the method.",https://docs.scipy.org/doc/scipy/reference/generated/scipy.sparse.csr_matrix.toarray.html#scipy.sparse.csr_matrix.toarray
note,Release notes,https://docs.scipy.org/doc/scipy/reference/generated/scipy.sparse.csr_matrix.tobsr.html#scipy.sparse.csr_matrix.tobsr
note,Release notes,https://docs.scipy.org/doc/scipy/reference/generated/scipy.sparse.csr_matrix.tocoo.html#scipy.sparse.csr_matrix.tocoo
note,Release notes,https://docs.scipy.org/doc/scipy/reference/generated/scipy.sparse.csr_matrix.tocsc.html#scipy.sparse.csr_matrix.tocsc
note,Release notes,https://docs.scipy.org/doc/scipy/reference/generated/scipy.sparse.csr_matrix.tocsr.html#scipy.sparse.csr_matrix.tocsr
note,Release notes,https://docs.scipy.org/doc/scipy/reference/generated/scipy.sparse.csr_matrix.todense.html#scipy.sparse.csr_matrix.todense
must,"The provided array must have the same shape and
dtype as the sparse array/matrix on which you are calling the
method.",https://docs.scipy.org/doc/scipy/reference/generated/scipy.sparse.csr_matrix.todense.html#scipy.sparse.csr_matrix.todense
note,Release notes,https://docs.scipy.org/doc/scipy/reference/generated/scipy.sparse.csr_matrix.todia.html#scipy.sparse.csr_matrix.todia
note,Release notes,https://docs.scipy.org/doc/scipy/reference/generated/scipy.sparse.csr_matrix.todok.html#scipy.sparse.csr_matrix.todok
note,Release notes,https://docs.scipy.org/doc/scipy/reference/generated/scipy.sparse.csr_matrix.tolil.html#scipy.sparse.csr_matrix.tolil
note,Release notes,https://docs.scipy.org/doc/scipy/reference/generated/scipy.sparse.csr_matrix.trace.html#scipy.sparse.csr_matrix.trace
note,Release notes,https://docs.scipy.org/doc/scipy/reference/generated/scipy.sparse.csr_matrix.transpose.html#scipy.sparse.csr_matrix.transpose
should,"Indicates whether or not attributes of self should be
copied whenever possible.",https://docs.scipy.org/doc/scipy/reference/generated/scipy.sparse.csr_matrix.transpose.html#scipy.sparse.csr_matrix.transpose
note,Release notes,https://docs.scipy.org/doc/scipy/reference/generated/scipy.sparse.csr_matrix.trunc.html#scipy.sparse.csr_matrix.trunc
note,Release notes,https://docs.scipy.org/doc/scipy/reference/generated/scipy.sparse.csc_matrix.trunc.html
note,Release notes,https://docs.scipy.org/doc/scipy/reference/generated/scipy.spatial.KDTree.count_neighbors.html#scipy.spatial.KDTree.count_neighbors
note,See notes for further discussion.,https://docs.scipy.org/doc/scipy/reference/generated/scipy.spatial.KDTree.count_neighbors.html#scipy.spatial.KDTree.count_neighbors
must,"If the count is non-cumulative(cumulative=False), r defines
the edges of the bins, and must be non-decreasing.",https://docs.scipy.org/doc/scipy/reference/generated/scipy.spatial.KDTree.count_neighbors.html#scipy.spatial.KDTree.count_neighbors
must,"For this to make sense, self and
other must be the same tree.",https://docs.scipy.org/doc/scipy/reference/generated/scipy.spatial.KDTree.count_neighbors.html#scipy.spatial.KDTree.count_neighbors
note,Notes,https://docs.scipy.org/doc/scipy/reference/generated/scipy.spatial.KDTree.count_neighbors.html#scipy.spatial.KDTree.count_neighbors
only,"The algorithm for cumulative == True scales linearly with the
number of bins, though it is slightly faster when only
1 or 2 bins are used.",https://docs.scipy.org/doc/scipy/reference/generated/scipy.spatial.KDTree.count_neighbors.html#scipy.spatial.KDTree.count_neighbors
note,Release notes,https://docs.scipy.org/doc/scipy/reference/generated/scipy.spatial.KDTree.query.html#scipy.spatial.KDTree.query
only,Return only neighbors within this distance.,https://docs.scipy.org/doc/scipy/reference/generated/scipy.spatial.KDTree.query.html#scipy.spatial.KDTree.query
note,Release notes,https://docs.scipy.org/doc/scipy/reference/generated/scipy.spatial.KDTree.query_ball_point.html#scipy.spatial.KDTree.query_ball_point
must,"The radius of points to return, must broadcast to the length of x.",https://docs.scipy.org/doc/scipy/reference/generated/scipy.spatial.KDTree.query_ball_point.html#scipy.spatial.KDTree.query_ball_point
should,"Should be in the range [1, inf].",https://docs.scipy.org/doc/scipy/reference/generated/scipy.spatial.KDTree.query_ball_point.html#scipy.spatial.KDTree.query_ball_point
note,Notes,https://docs.scipy.org/doc/scipy/reference/generated/scipy.spatial.KDTree.query_ball_point.html#scipy.spatial.KDTree.query_ball_point
note,Release notes,https://docs.scipy.org/doc/scipy/reference/generated/scipy.spatial.KDTree.query_ball_tree.html#scipy.spatial.KDTree.query_ball_tree
note,Release notes,https://docs.scipy.org/doc/scipy/reference/generated/scipy.spatial.KDTree.query_pairs.html#scipy.spatial.KDTree.query_pairs
note,Release notes,https://docs.scipy.org/doc/scipy/reference/generated/scipy.spatial.KDTree.sparse_distance_matrix.html#scipy.spatial.KDTree.sparse_distance_matrix
note,Release notes,https://docs.scipy.org/doc/scipy/tutorial/stats/discrete_bernoulli.html
only,A Bernoulli random variable of parameter \(p\) takes one of only two values \(X=0\) or \(X=1\) .,https://docs.scipy.org/doc/scipy/tutorial/stats/discrete_bernoulli.html
note,Release notes,https://docs.scipy.org/doc/scipy/tutorial/stats/discrete_betabinom.html
note,Release notes,https://docs.scipy.org/doc/scipy/tutorial/stats/discrete_betanbinom.html
note,Release notes,https://docs.scipy.org/doc/scipy/tutorial/stats/discrete_binom.html
note,Release notes,https://docs.scipy.org/doc/scipy/tutorial/stats/discrete_boltzmann.html
note,Release notes,https://docs.scipy.org/doc/scipy/tutorial/stats/discrete_planck.html
note,Release notes,https://docs.scipy.org/doc/scipy/tutorial/stats/discrete_poisson.html
note,Release notes,https://docs.scipy.org/doc/scipy/tutorial/stats/discrete_geom.html
note,Release notes,https://docs.scipy.org/doc/scipy/tutorial/stats/discrete_nbinom.html
note,Release notes,https://docs.scipy.org/doc/scipy/tutorial/stats/discrete_hypergeom.html
note,Release notes,https://docs.scipy.org/doc/scipy/tutorial/stats/discrete_nchypergeom_fisher.html
note,Release notes,https://docs.scipy.org/doc/scipy/tutorial/stats/discrete_nchypergeom_wallenius.html
note,Release notes,https://docs.scipy.org/doc/scipy/tutorial/stats/discrete_nhypergeom.html
note,Release notes,https://docs.scipy.org/doc/scipy/tutorial/stats/discrete_zipf.html
note,Release notes,https://docs.scipy.org/doc/scipy/tutorial/stats/discrete_zipfian.html
note,Release notes,https://docs.scipy.org/doc/scipy/tutorial/stats/discrete_logser.html
note,Release notes,https://docs.scipy.org/doc/scipy/tutorial/stats/discrete_randint.html
only,If \(a\) is not given it is assumed to be zero and the only parameter is \(b\).,https://docs.scipy.org/doc/scipy/tutorial/stats/discrete_randint.html
note,Release notes,https://docs.scipy.org/doc/scipy/tutorial/stats/discrete_dlaplace.html
note,Release notes,https://docs.scipy.org/doc/scipy/tutorial/stats/discrete_yulesimon.html
note,Release notes,https://docs.scipy.org/doc/scipy/tutorial/stats/continuous_alpha.html
note,Release notes,https://docs.scipy.org/doc/scipy/tutorial/stats/continuous_anglit.html
note,Release notes,https://docs.scipy.org/doc/scipy/tutorial/stats/continuous_arcsine.html
note,Release notes,https://docs.scipy.org/doc/scipy/tutorial/stats/continuous_beta.html
note,Release notes,https://docs.scipy.org/doc/scipy/tutorial/stats/continuous_betaprime.html
note,Note the CDF evaluation uses Eq.,https://docs.scipy.org/doc/scipy/tutorial/stats/continuous_betaprime.html
note,Release notes,https://docs.scipy.org/doc/scipy/tutorial/stats/continuous_bradford.html
note,Release notes,https://docs.scipy.org/doc/scipy/tutorial/stats/continuous_burr.html
note,Release notes,https://docs.scipy.org/doc/scipy/tutorial/stats/continuous_burr12.html
note,Release notes,https://docs.scipy.org/doc/scipy/tutorial/stats/continuous_cauchy.html
note,Release notes,https://docs.scipy.org/doc/scipy/tutorial/stats/continuous_skewcauchy.html
note,Release notes,https://docs.scipy.org/doc/scipy/tutorial/stats/continuous_chi.html
note,Release notes,https://docs.scipy.org/doc/scipy/tutorial/stats/continuous_chi2.html
only,The standard form (most often used in standard form only) has support \(x\geq0\).,https://docs.scipy.org/doc/scipy/tutorial/stats/continuous_chi2.html
note,Release notes,https://docs.scipy.org/doc/scipy/tutorial/stats/continuous_cosine.html
note,Release notes,https://docs.scipy.org/doc/scipy/tutorial/stats/continuous_dgamma.html
note,Release notes,https://docs.scipy.org/doc/scipy/tutorial/stats/continuous_dweibull.html
note,Release notes,https://docs.scipy.org/doc/scipy/tutorial/stats/continuous_erlang.html
note,Release notes,https://docs.scipy.org/doc/scipy/tutorial/stats/continuous_expon.html
note,Release notes,https://docs.scipy.org/doc/scipy/tutorial/stats/continuous_exponweib.html
note,Release notes,https://docs.scipy.org/doc/scipy/tutorial/stats/continuous_exponpow.html
note,Release notes,https://docs.scipy.org/doc/scipy/tutorial/stats/continuous_fatiguelife.html
note,Release notes,https://docs.scipy.org/doc/scipy/tutorial/stats/continuous_fisk.html
note,Release notes,https://docs.scipy.org/doc/scipy/tutorial/stats/continuous_foldcauchy.html
note,Release notes,https://docs.scipy.org/doc/scipy/tutorial/stats/continuous_foldnorm.html
note,\) Note that \(c\geq0\) .,https://docs.scipy.org/doc/scipy/tutorial/stats/continuous_foldnorm.html
note,Release notes,https://docs.scipy.org/doc/scipy/tutorial/stats/continuous_f.html
note,Release notes,https://docs.scipy.org/doc/scipy/tutorial/stats/continuous_gamma.html
note,Release notes,https://docs.scipy.org/doc/scipy/tutorial/stats/continuous_genlogistic.html
note,Note that the polygamma function is,https://docs.scipy.org/doc/scipy/tutorial/stats/continuous_genlogistic.html
note,"Note that \(\zeta\left(n\right)\equiv\zeta\left(n,1\right)\).",https://docs.scipy.org/doc/scipy/tutorial/stats/continuous_genlogistic.html
note,Release notes,https://docs.scipy.org/doc/scipy/tutorial/stats/continuous_genpareto.html
note,Release notes,https://docs.scipy.org/doc/scipy/tutorial/stats/continuous_genexpon.html
note,Release notes,https://docs.scipy.org/doc/scipy/tutorial/stats/continuous_genextreme.html
note,Release notes,https://docs.scipy.org/doc/scipy/tutorial/stats/continuous_gengamma.html
note,Release notes,https://docs.scipy.org/doc/scipy/tutorial/stats/continuous_genhalflogistic.html
note,Release notes,https://docs.scipy.org/doc/scipy/tutorial/stats/continuous_genhyperbolic.html
note,)\) denotes the modified Bessel function of the second kind and order \(p\) (scipy.,https://docs.scipy.org/doc/scipy/tutorial/stats/continuous_genhyperbolic.html
note,)\) denotes the modified Bessel function of the second kind and order \(p\) (scipy.,https://docs.scipy.org/doc/scipy/tutorial/stats/continuous_genhyperbolic.html
should,"\(p\) can be seen as the width of the shoulders of the probability density distribution (where \(p < 1\) results in narrow shoulders and vice versa) or - equivalently - as the shape of the log-probability hyperbola, which is convex for \(p < 1\) and concave otherwise.",https://docs.scipy.org/doc/scipy/tutorial/stats/continuous_genhyperbolic.html
note,Release notes,https://docs.scipy.org/doc/scipy/tutorial/stats/continuous_geninvgauss.html
note,Release notes,https://docs.scipy.org/doc/scipy/tutorial/stats/continuous_gennorm.html
note,Release notes,https://docs.scipy.org/doc/scipy/tutorial/stats/continuous_gibrat.html
note,Release notes,https://docs.scipy.org/doc/scipy/tutorial/stats/continuous_gompertz.html
note,Release notes,https://docs.scipy.org/doc/scipy/tutorial/stats/continuous_gumbel_r.html
note,Release notes,https://docs.scipy.org/doc/scipy/tutorial/stats/continuous_gumbel_l.html
note,"Note, that \(\mu\) is negative the mean for the right-skewed distribution.",https://docs.scipy.org/doc/scipy/tutorial/stats/continuous_gumbel_l.html
note,Release notes,https://docs.scipy.org/doc/scipy/tutorial/stats/continuous_halfcauchy.html
note,Release notes,https://docs.scipy.org/doc/scipy/tutorial/stats/continuous_halfnorm.html
note,Release notes,https://docs.scipy.org/doc/scipy/tutorial/stats/continuous_halflogistic.html
note,Release notes,https://docs.scipy.org/doc/scipy/tutorial/stats/continuous_hypsecant.html
note,Release notes,https://docs.scipy.org/doc/scipy/tutorial/stats/continuous_gausshyper.html
note,Release notes,https://docs.scipy.org/doc/scipy/tutorial/stats/continuous_invgamma.html
note,Release notes,https://docs.scipy.org/doc/scipy/tutorial/stats/continuous_invgauss.html
only,"Notice that in JKB the skew \(\left(\sqrt{\beta_{1}}\right)\) and the
kurtosis ( \(\beta_{2}-3\) ) are both functions only of
\(\mu_{2}/\lambda=\mu S/S=\mu\) as shown here, while the variance
and mean of the standard form here are transformed appropriately.",https://docs.scipy.org/doc/scipy/tutorial/stats/continuous_invgauss.html
note,Release notes,https://docs.scipy.org/doc/scipy/tutorial/stats/continuous_invweibull.html
note,Release notes,https://docs.scipy.org/doc/scipy/tutorial/stats/continuous_jf_skew_t.html
note,Release notes,https://docs.scipy.org/doc/scipy/tutorial/stats/continuous_johnsonsb.html
note,Release notes,https://docs.scipy.org/doc/scipy/tutorial/stats/continuous_johnsonsu.html
note,Release notes,https://docs.scipy.org/doc/scipy/tutorial/stats/continuous_ksone.html
note,Release notes,https://docs.scipy.org/doc/scipy/tutorial/stats/continuous_kstwo.html
note,Release notes,https://docs.scipy.org/doc/scipy/tutorial/stats/continuous_kstwobign.html
note,"Note that \(D_n=\max(D_n^+, D_n^-)\), but \(D_n^+\) and \(D_n^-\) are not independent.",https://docs.scipy.org/doc/scipy/tutorial/stats/continuous_kstwobign.html
note,Release notes,https://docs.scipy.org/doc/scipy/tutorial/stats/continuous_laplace.html
note,Release notes,https://docs.scipy.org/doc/scipy/tutorial/stats/continuous_laplace_asymmetric.html
note,Release notes,https://docs.scipy.org/doc/scipy/tutorial/stats/continuous_levy_l.html
note,Release notes,https://docs.scipy.org/doc/scipy/tutorial/stats/continuous_levy.html
note,Release notes,https://docs.scipy.org/doc/scipy/tutorial/stats/continuous_logistic.html
note,Release notes,https://docs.scipy.org/doc/scipy/tutorial/stats/continuous_loglaplace.html
note,Release notes,https://docs.scipy.org/doc/scipy/tutorial/stats/continuous_loggamma.html
note,Release notes,https://docs.scipy.org/doc/scipy/tutorial/stats/continuous_lognorm.html
note,"Also, note that if \(X\) is a log-normally distributed random-variable with \(L=0\) and \(S\) and shape parameter \(\sigma.",https://docs.scipy.org/doc/scipy/tutorial/stats/continuous_lognorm.html
note,Release notes,https://docs.scipy.org/doc/scipy/tutorial/stats/continuous_loguniform.html
note,Release notes,https://docs.scipy.org/doc/scipy/tutorial/stats/continuous_maxwell.html
note,Release notes,https://docs.scipy.org/doc/scipy/tutorial/stats/continuous_mielke.html
note,Release notes,https://docs.scipy.org/doc/scipy/tutorial/stats/continuous_nakagami.html
note,Release notes,https://docs.scipy.org/doc/scipy/tutorial/stats/continuous_ncx2.html
note,Release notes,https://docs.scipy.org/doc/scipy/tutorial/stats/continuous_ncf.html
note,Release notes,https://docs.scipy.org/doc/scipy/tutorial/stats/continuous_nct.html
note,Note \(\lambda>0\) and \(\nu>0\) .,https://docs.scipy.org/doc/scipy/tutorial/stats/continuous_nct.html
note,Release notes,https://docs.scipy.org/doc/scipy/tutorial/stats/continuous_norm.html
note,Release notes,https://docs.scipy.org/doc/scipy/tutorial/stats/continuous_norminvgauss.html
note,Release notes,https://docs.scipy.org/doc/scipy/tutorial/stats/continuous_pareto.html
note,Release notes,https://docs.scipy.org/doc/scipy/tutorial/stats/continuous_lomax.html
note,Release notes,https://docs.scipy.org/doc/scipy/tutorial/stats/continuous_powerlognorm.html
note,Release notes,https://docs.scipy.org/doc/scipy/tutorial/stats/continuous_powernorm.html
note,Release notes,https://docs.scipy.org/doc/scipy/tutorial/stats/continuous_powerlaw.html
note,Release notes,https://docs.scipy.org/doc/scipy/tutorial/stats/continuous_rdist.html
note,Release notes,https://docs.scipy.org/doc/scipy/tutorial/stats/continuous_rayleigh.html
note,Release notes,https://docs.scipy.org/doc/scipy/tutorial/stats/continuous_rice.html
note,Release notes,https://docs.scipy.org/doc/scipy/tutorial/stats/continuous_recipinvgauss.html
note,Release notes,https://docs.scipy.org/doc/scipy/tutorial/stats/continuous_rel_breitwigner.html
note,Release notes,https://docs.scipy.org/doc/scipy/tutorial/stats/continuous_semicircular.html
note,Release notes,https://docs.scipy.org/doc/scipy/tutorial/stats/continuous_studentized_range.html
note,"Note: \(\phi(z)\) and \(\Phi(z)\) represent the normal PDF and normal CDF, respectively.",https://docs.scipy.org/doc/scipy/tutorial/stats/continuous_studentized_range.html
note,Release notes,https://docs.scipy.org/doc/scipy/tutorial/stats/continuous_t.html
note,Release notes,https://docs.scipy.org/doc/scipy/tutorial/stats/continuous_trapezoid.html
note,Release notes,https://docs.scipy.org/doc/scipy/tutorial/stats/continuous_triang.html
note,Release notes,https://docs.scipy.org/doc/scipy/tutorial/stats/continuous_truncexpon.html
only,This is an exponential distribution defined only over a certain region \(0\leq x\leq B\) .,https://docs.scipy.org/doc/scipy/tutorial/stats/continuous_truncexpon.html
note,Release notes,https://docs.scipy.org/doc/scipy/tutorial/stats/continuous_truncnorm.html
note,Release notes,https://docs.scipy.org/doc/scipy/tutorial/stats/continuous_truncpareto.html
note,Release notes,https://docs.scipy.org/doc/scipy/tutorial/stats/continuous_truncweibull_min.html
note,Release notes,https://docs.scipy.org/doc/scipy/tutorial/stats/continuous_tukeylambda.html
note,Release notes,https://docs.scipy.org/doc/scipy/tutorial/stats/continuous_uniform.html
note,Release notes,https://docs.scipy.org/doc/scipy/tutorial/stats/continuous_vonmises.html
note,[Note that the PDF and CDF functions below are periodic with period \(2\pi\).,https://docs.scipy.org/doc/scipy/tutorial/stats/continuous_vonmises.html
note,Release notes,https://docs.scipy.org/doc/scipy/tutorial/stats/continuous_wald.html
note,Release notes,https://docs.scipy.org/doc/scipy/tutorial/stats/continuous_weibull_max.html
note,Release notes,https://docs.scipy.org/doc/scipy/tutorial/stats/continuous_weibull_min.html
note,Release notes,https://docs.scipy.org/doc/scipy/tutorial/stats/continuous_wrapcauchy.html
note,Release notes,https://docs.scipy.org/doc/scipy/tutorial/stats/sampling_tdr.html
must,"These functions must be present as methods of a python
object which can then be passed to the generators to instantiate their object.",https://docs.scipy.org/doc/scipy/tutorial/stats/sampling_tdr.html
note,"Note that we can drop the normalization constant while
computing the PDF.",https://docs.scipy.org/doc/scipy/tutorial/stats/sampling_tdr.html
note,"Also, note
that the PDF doesn’t need to be vectorized.",https://docs.scipy.org/doc/scipy/tutorial/stats/sampling_tdr.html
should,"It should accept and return a
scalar.",https://docs.scipy.org/doc/scipy/tutorial/stats/sampling_tdr.html
note,Release notes,https://docs.scipy.org/doc/scipy/tutorial/stats/sampling_dau.html
only,"It needs one random number
and only one comparison for each generated random variate.",https://docs.scipy.org/doc/scipy/tutorial/stats/sampling_dau.html
note,Note,https://docs.scipy.org/doc/scipy/tutorial/stats/sampling_dau.html
note,Note,https://docs.scipy.org/doc/scipy/tutorial/stats/sampling_dau.html
note,Release notes,https://docs.scipy.org/doc/scipy/tutorial/stats/sampling_pinv.html
only,"Polynomial interpolation based INVersion of CDF (PINV) is an inversion method
that only requires the density function to sample from a distribution.",https://docs.scipy.org/doc/scipy/tutorial/stats/sampling_pinv.html
only,"The user only has to provide the PDF
and optionally a point near the mode (called “center”) together with the size
of the maximal acceptable error.",https://docs.scipy.org/doc/scipy/tutorial/stats/sampling_pinv.html
only,"The method is not exact, as it only produces random
variates of the approximated distribution.",https://docs.scipy.org/doc/scipy/tutorial/stats/sampling_pinv.html
only,"Also, the method only works for bounded distributions.",https://docs.scipy.org/doc/scipy/tutorial/stats/sampling_pinv.html
must,", the region where the PDF is strictly
positive) must be connected.",https://docs.scipy.org/doc/scipy/tutorial/stats/sampling_pinv.html
must,"In practice this means, that the region where
PDF is “not too small” must be connected.",https://docs.scipy.org/doc/scipy/tutorial/stats/sampling_pinv.html
must,", the region where the PDF is strictly
positive) must be connected.",https://docs.scipy.org/doc/scipy/tutorial/stats/sampling_pinv.html
must,"In practice this means, that the region where
PDF is “not too small” must be connected.",https://docs.scipy.org/doc/scipy/tutorial/stats/sampling_pinv.html
must,"When the PDF is integrated numerically, then the given PDF must be
continuous and should be smooth.",https://docs.scipy.org/doc/scipy/tutorial/stats/sampling_pinv.html
should,"When the PDF is integrated numerically, then the given PDF must be
continuous and should be smooth.",https://docs.scipy.org/doc/scipy/tutorial/stats/sampling_pinv.html
must,"When the PDF is integrated numerically, then the given PDF must be
continuous and should be smooth.",https://docs.scipy.org/doc/scipy/tutorial/stats/sampling_pinv.html
should,"When the PDF is integrated numerically, then the given PDF must be
continuous and should be smooth.",https://docs.scipy.org/doc/scipy/tutorial/stats/sampling_pinv.html
must,The PDF must be bounded.,https://docs.scipy.org/doc/scipy/tutorial/stats/sampling_pinv.html
must,The PDF must be bounded.,https://docs.scipy.org/doc/scipy/tutorial/stats/sampling_pinv.html
note,"Although, note
that it comes at the cost of an expensive setup.",https://docs.scipy.org/doc/scipy/tutorial/stats/sampling_pinv.html
note,"Note that we can
ignore the normalization constant to speed up the evaluations of the PDF.",https://docs.scipy.org/doc/scipy/tutorial/stats/sampling_pinv.html
only,"The CDF table computed during setup is used to evaluate the CDF and only some
further fine-tuning is required.",https://docs.scipy.org/doc/scipy/tutorial/stats/sampling_pinv.html
only,"“Random variate
generation by numerical inversion when only the density is known.",https://docs.scipy.org/doc/scipy/tutorial/stats/sampling_pinv.html
note,Release notes,https://docs.scipy.org/doc/scipy/tutorial/stats/sampling_dgt.html
note,"On the other hand the setup time for guide table is O(N), where N denotes
the length of the probability vector (for size 1 no preprocessing is
required).",https://docs.scipy.org/doc/scipy/tutorial/stats/sampling_dgt.html
only,"If only a few random numbers have to be generated, (much) smaller
table sizes are better.",https://docs.scipy.org/doc/scipy/tutorial/stats/sampling_dgt.html
note,Note,https://docs.scipy.org/doc/scipy/tutorial/stats/sampling_dgt.html
only,"The user only has to provide the probability vector and the
PPF (inverse CDF) can be evaluated using ppf method.",https://docs.scipy.org/doc/scipy/tutorial/stats/sampling_dgt.html
note,Release notes,https://docs.scipy.org/doc/scipy/tutorial/stats/sampling_hinv.html
only,For linear interpolation only the CDF is required.,https://docs.scipy.org/doc/scipy/tutorial/stats/sampling_hinv.html
only,"However, it only works for
distributions with bounded domain; for distributions with unbounded domain the tails
are chopped off such that the probability for the tail regions is small compared to
the given u-resolution.",https://docs.scipy.org/doc/scipy/tutorial/stats/sampling_hinv.html
only,"The method is not exact, as it only produces random variates of the approximated
distribution.",https://docs.scipy.org/doc/scipy/tutorial/stats/sampling_hinv.html
note,"Note that this comes at the cost of computation time as a result of the increased
setup time and number of intervals.",https://docs.scipy.org/doc/scipy/tutorial/stats/sampling_hinv.html
note,Release notes,https://docs.scipy.org/doc/scipy/tutorial/stats/sampling_srou.html
note,Release notes,https://docs.scipy.org/doc/scipy/reference/generated/scipy.stats.rv_discrete.pmf.html#scipy.stats.rv_discrete.pmf
note,Release notes,https://docs.scipy.org/doc/scipy/reference/generated/scipy.stats.rv_discrete.random_state.html#scipy.stats.rv_discrete.random_state
note,Release notes,https://docs.scipy.org/doc/scipy/reference/generated/scipy.stats.rv_discrete.rvs.html#scipy.stats.rv_discrete.rvs
note,"Note that size
has to be given as keyword, not as positional argument.",https://docs.scipy.org/doc/scipy/reference/generated/scipy.stats.rv_discrete.rvs.html#scipy.stats.rv_discrete.rvs
note,Release notes,https://docs.scipy.org/doc/scipy/reference/generated/scipy.stats.rv_discrete.logpmf.html#scipy.stats.rv_discrete.logpmf
note,Release notes,https://docs.scipy.org/doc/scipy/reference/generated/scipy.stats.rv_discrete.cdf.html#scipy.stats.rv_discrete.cdf
note,Release notes,https://docs.scipy.org/doc/scipy/reference/generated/scipy.stats.rv_discrete.logcdf.html#scipy.stats.rv_discrete.logcdf
note,Release notes,https://docs.scipy.org/doc/scipy/reference/generated/scipy.stats.rv_discrete.sf.html#scipy.stats.rv_discrete.sf
note,Release notes,https://docs.scipy.org/doc/scipy/reference/generated/scipy.stats.rv_discrete.logsf.html#scipy.stats.rv_discrete.logsf
note,Release notes,https://docs.scipy.org/doc/scipy/reference/generated/scipy.stats.rv_discrete.ppf.html#scipy.stats.rv_discrete.ppf
note,Release notes,https://docs.scipy.org/doc/scipy/reference/generated/scipy.stats.rv_discrete.isf.html#scipy.stats.rv_discrete.isf
note,Release notes,https://docs.scipy.org/doc/scipy/reference/generated/scipy.stats.rv_discrete.moment.html#scipy.stats.rv_discrete.moment
note,Release notes,https://docs.scipy.org/doc/scipy/reference/generated/scipy.stats.rv_discrete.stats.html#scipy.stats.rv_discrete.stats
note,Release notes,https://docs.scipy.org/doc/scipy/reference/generated/scipy.stats.rv_discrete.entropy.html#scipy.stats.rv_discrete.entropy
note,Notes,https://docs.scipy.org/doc/scipy/reference/generated/scipy.stats.rv_discrete.entropy.html#scipy.stats.rv_discrete.entropy
note,Release notes,https://docs.scipy.org/doc/scipy/reference/generated/scipy.stats.rv_discrete.expect.html#scipy.stats.rv_discrete.expect
only,Takes only one argument.,https://docs.scipy.org/doc/scipy/reference/generated/scipy.stats.rv_discrete.expect.html#scipy.stats.rv_discrete.expect
note,Notes,https://docs.scipy.org/doc/scipy/reference/generated/scipy.stats.rv_discrete.expect.html#scipy.stats.rv_discrete.expect
only,"For instance, for
zipf(4), accuracy for mean, variance in example is only 1e-5.",https://docs.scipy.org/doc/scipy/reference/generated/scipy.stats.rv_discrete.expect.html#scipy.stats.rv_discrete.expect
note,Release notes,https://docs.scipy.org/doc/scipy/reference/generated/scipy.stats.rv_discrete.median.html#scipy.stats.rv_discrete.median
note,Release notes,https://docs.scipy.org/doc/scipy/reference/generated/scipy.stats.rv_discrete.mean.html#scipy.stats.rv_discrete.mean
note,Release notes,https://docs.scipy.org/doc/scipy/reference/generated/scipy.stats.rv_discrete.std.html#scipy.stats.rv_discrete.std
note,Release notes,https://docs.scipy.org/doc/scipy/reference/generated/scipy.stats.rv_discrete.var.html#scipy.stats.rv_discrete.var
note,Release notes,https://docs.scipy.org/doc/scipy/reference/generated/scipy.stats.rv_discrete.interval.html#scipy.stats.rv_discrete.interval
should,"Each value should be in the range [0, 1].",https://docs.scipy.org/doc/scipy/reference/generated/scipy.stats.rv_discrete.interval.html#scipy.stats.rv_discrete.interval
note,Notes,https://docs.scipy.org/doc/scipy/reference/generated/scipy.stats.rv_discrete.interval.html#scipy.stats.rv_discrete.interval
note,Release notes,https://docs.scipy.org/doc/scipy/reference/generated/scipy.stats.rv_discrete.__call__.html#scipy.stats.rv_discrete.__call__
should,"Should include all
the non-optional arguments, may include loc and scale.",https://docs.scipy.org/doc/scipy/reference/generated/scipy.stats.rv_discrete.__call__.html#scipy.stats.rv_discrete.__call__
note,Release notes,https://docs.scipy.org/doc/scipy/reference/generated/scipy.stats.rv_discrete.support.html#scipy.stats.rv_discrete.support
note,Release notes,https://docs.scipy.org/doc/scipy/reference/generated/scipy.stats.rv_continuous.support.html
note,Release notes,https://docs.scipy.org/doc/scipy/reference/generated/scipy.stats.gaussian_kde.scotts_factor.html#scipy.stats.gaussian_kde.scotts_factor
note,Release notes,https://docs.scipy.org/doc/scipy/reference/generated/scipy.stats.gaussian_kde.silverman_factor.html#scipy.stats.gaussian_kde.silverman_factor
note,Release notes,https://docs.scipy.org/doc/scipy/reference/generated/scipy.stats.gaussian_kde.evaluate.html#scipy.stats.gaussian_kde.evaluate
note,Release notes,https://docs.scipy.org/doc/scipy/reference/generated/scipy.stats.gaussian_kde.__call__.html#scipy.stats.gaussian_kde.__call__
note,Release notes,https://docs.scipy.org/doc/scipy/reference/generated/scipy.stats.gaussian_kde.integrate_gaussian.html#scipy.stats.gaussian_kde.integrate_gaussian
note,Release notes,https://docs.scipy.org/doc/scipy/reference/generated/scipy.stats.gaussian_kde.integrate_box_1d.html#scipy.stats.gaussian_kde.integrate_box_1d
note,Release notes,https://docs.scipy.org/doc/scipy/reference/generated/scipy.stats.gaussian_kde.integrate_box.html#scipy.stats.gaussian_kde.integrate_box
note,Release notes,https://docs.scipy.org/doc/scipy/reference/generated/scipy.stats.gaussian_kde.integrate_kde.html#scipy.stats.gaussian_kde.integrate_kde
note,Release notes,https://docs.scipy.org/doc/scipy/reference/generated/scipy.stats.gaussian_kde.pdf.html#scipy.stats.gaussian_kde.pdf
note,Notes,https://docs.scipy.org/doc/scipy/reference/generated/scipy.stats.gaussian_kde.pdf.html#scipy.stats.gaussian_kde.pdf
note,Release notes,https://docs.scipy.org/doc/scipy/reference/generated/scipy.stats.gaussian_kde.set_bandwidth.html#scipy.stats.gaussian_kde.set_bandwidth
only,"If a callable,
it should take a gaussian_kde instance as only parameter and
return a scalar.",https://docs.scipy.org/doc/scipy/reference/generated/scipy.stats.gaussian_kde.set_bandwidth.html#scipy.stats.gaussian_kde.set_bandwidth
should,"If a callable,
it should take a gaussian_kde instance as only parameter and
return a scalar.",https://docs.scipy.org/doc/scipy/reference/generated/scipy.stats.gaussian_kde.set_bandwidth.html#scipy.stats.gaussian_kde.set_bandwidth
note,Notes,https://docs.scipy.org/doc/scipy/reference/generated/scipy.stats.gaussian_kde.set_bandwidth.html#scipy.stats.gaussian_kde.set_bandwidth
note,Release notes,https://docs.scipy.org/doc/scipy/reference/generated/scipy.stats.gaussian_kde.covariance_factor.html#scipy.stats.gaussian_kde.covariance_factor
note,Release notes,https://docs.scipy.org/doc/scipy/reference/generated/scipy.stats.qmc.MultivariateNormalQMC.random.html
note,Release notes,https://docs.scipy.org/doc/scipy/reference/generated/scipy.stats.qmc.Sobol.random_base2.html#scipy.stats.qmc.Sobol.random_base2
note,Release notes,https://docs.scipy.org/doc/scipy/reference/generated/scipy.stats.qmc.Sobol.random.html#scipy.stats.qmc.Sobol.random
only,Only supported with Halton.,https://docs.scipy.org/doc/scipy/reference/generated/scipy.stats.qmc.Sobol.random.html#scipy.stats.qmc.Sobol.random
note,Release notes,https://docs.scipy.org/doc/scipy/reference/generated/scipy.stats.qmc.Sobol.fast_forward.html#scipy.stats.qmc.Sobol.fast_forward
note,Release notes,https://docs.scipy.org/doc/scipy/reference/generated/scipy.stats.qmc.Sobol.integers.html#scipy.stats.qmc.Sobol.integers
must,"If array-like, must contain integer values.",https://docs.scipy.org/doc/scipy/reference/generated/scipy.stats.qmc.Sobol.integers.html#scipy.stats.qmc.Sobol.integers
only,"Only supported when using Halton
Default is 1.",https://docs.scipy.org/doc/scipy/reference/generated/scipy.stats.qmc.Sobol.integers.html#scipy.stats.qmc.Sobol.integers
note,Notes,https://docs.scipy.org/doc/scipy/reference/generated/scipy.stats.qmc.Sobol.integers.html#scipy.stats.qmc.Sobol.integers
note,Release notes,https://docs.scipy.org/doc/scipy/reference/generated/scipy.stats.qmc.Sobol.reset.html#scipy.stats.qmc.Sobol.reset
note,Release notes,https://docs.scipy.org/doc/scipy/reference/generated/scipy.stats.qmc.QMCEngine.reset.html
note,Release notes,https://docs.scipy.org/doc/scipy/reference/generated/scipy.stats.qmc.Halton.random.html#scipy.stats.qmc.Halton.random
only,Only supported with Halton.,https://docs.scipy.org/doc/scipy/reference/generated/scipy.stats.qmc.Halton.random.html#scipy.stats.qmc.Halton.random
note,Release notes,https://docs.scipy.org/doc/scipy/reference/generated/scipy.stats.qmc.Halton.fast_forward.html#scipy.stats.qmc.Halton.fast_forward
note,Release notes,https://docs.scipy.org/doc/scipy/reference/generated/scipy.stats.qmc.Halton.integers.html#scipy.stats.qmc.Halton.integers
must,"If array-like, must contain integer values.",https://docs.scipy.org/doc/scipy/reference/generated/scipy.stats.qmc.Halton.integers.html#scipy.stats.qmc.Halton.integers
only,"Only supported when using Halton
Default is 1.",https://docs.scipy.org/doc/scipy/reference/generated/scipy.stats.qmc.Halton.integers.html#scipy.stats.qmc.Halton.integers
note,Notes,https://docs.scipy.org/doc/scipy/reference/generated/scipy.stats.qmc.Halton.integers.html#scipy.stats.qmc.Halton.integers
note,Release notes,https://docs.scipy.org/doc/scipy/reference/generated/scipy.stats.qmc.Halton.reset.html#scipy.stats.qmc.Halton.reset
note,Release notes,https://docs.scipy.org/doc/scipy/reference/generated/scipy.stats.qmc.QMCEngine.fast_forward.html#scipy.stats.qmc.QMCEngine.fast_forward
note,Release notes,https://docs.scipy.org/doc/scipy/reference/generated/scipy.stats.qmc.QMCEngine.integers.html#scipy.stats.qmc.QMCEngine.integers
must,"If array-like, must contain integer values.",https://docs.scipy.org/doc/scipy/reference/generated/scipy.stats.qmc.QMCEngine.integers.html#scipy.stats.qmc.QMCEngine.integers
only,"Only supported when using Halton
Default is 1.",https://docs.scipy.org/doc/scipy/reference/generated/scipy.stats.qmc.QMCEngine.integers.html#scipy.stats.qmc.QMCEngine.integers
note,Notes,https://docs.scipy.org/doc/scipy/reference/generated/scipy.stats.qmc.QMCEngine.integers.html#scipy.stats.qmc.QMCEngine.integers
note,Release notes,https://docs.scipy.org/doc/scipy/reference/generated/scipy.stats.qmc.QMCEngine.random.html#scipy.stats.qmc.QMCEngine.random
only,Only supported with Halton.,https://docs.scipy.org/doc/scipy/reference/generated/scipy.stats.qmc.QMCEngine.random.html#scipy.stats.qmc.QMCEngine.random
note,Release notes,https://docs.scipy.org/doc/scipy/reference/generated/scipy.io.netcdf_file.close.html#scipy.io.netcdf_file.close
note,Release notes,https://docs.scipy.org/doc/scipy/reference/generated/scipy.io.netcdf_file.createDimension.html#scipy.io.netcdf_file.createDimension
note,"Note that this function merely adds a new dimension that the variables can
reference.",https://docs.scipy.org/doc/scipy/reference/generated/scipy.io.netcdf_file.createDimension.html#scipy.io.netcdf_file.createDimension
should,"The values for the dimension, if desired, should be added as
a variable using createVariable, referring to this dimension.",https://docs.scipy.org/doc/scipy/reference/generated/scipy.io.netcdf_file.createDimension.html#scipy.io.netcdf_file.createDimension
note,Release notes,https://docs.scipy.org/doc/scipy/reference/generated/scipy.io.netcdf_file.createVariable.html#scipy.io.netcdf_file.createVariable
note,Notes,https://docs.scipy.org/doc/scipy/reference/generated/scipy.io.netcdf_file.createVariable.html#scipy.io.netcdf_file.createVariable
should,"Any dimensions to be used by the variable should already exist in the
NetCDF data structure or should be created by createDimension prior to
creating the NetCDF variable.",https://docs.scipy.org/doc/scipy/reference/generated/scipy.io.netcdf_file.createVariable.html#scipy.io.netcdf_file.createVariable
note,Release notes,https://docs.scipy.org/doc/scipy/reference/generated/scipy.io.netcdf_file.flush.html#scipy.io.netcdf_file.flush
note,Release notes,https://docs.scipy.org/doc/scipy/reference/generated/scipy.io.netcdf_file.sync.html#scipy.io.netcdf_file.sync
note,Release notes,https://docs.scipy.org/doc/scipy/reference/generated/scipy.interpolate.interp2d.__call__.html#scipy.interpolate.interp2d.__call__
note,Release notes,https://docs.scipy.org/doc/scipy/reference/generated/scipy.interpolate.Rbf.__call__.html
note,Release notes,https://docs.scipy.org/doc/scipy/reference/generated/scipy.interpolate.RectBivariateSpline.__call__.html#scipy.interpolate.RectBivariateSpline.__call__
must,"The arrays must be
sorted to increasing order.",https://docs.scipy.org/doc/scipy/reference/generated/scipy.interpolate.RectBivariateSpline.__call__.html#scipy.interpolate.RectBivariateSpline.__call__
note,"Note that the default indexing=”xy”
of meshgrid would result in an unexpected (transposed) result after
interpolation.",https://docs.scipy.org/doc/scipy/reference/generated/scipy.interpolate.RectBivariateSpline.__call__.html#scipy.interpolate.RectBivariateSpline.__call__
note,Release notes,https://docs.scipy.org/doc/scipy/reference/generated/scipy.interpolate.RectBivariateSpline.ev.html#scipy.interpolate.RectBivariateSpline.ev
note,"Note that
the default indexing=""xy"" of meshgrid would result in an unexpected
(transposed) result after interpolation.",https://docs.scipy.org/doc/scipy/reference/generated/scipy.interpolate.RectBivariateSpline.ev.html#scipy.interpolate.RectBivariateSpline.ev
note,Release notes,https://docs.scipy.org/doc/scipy/reference/generated/scipy.interpolate.RectBivariateSpline.get_coeffs.html#scipy.interpolate.RectBivariateSpline.get_coeffs
note,Release notes,https://docs.scipy.org/doc/scipy/reference/generated/scipy.interpolate.RectBivariateSpline.get_knots.html#scipy.interpolate.RectBivariateSpline.get_knots
note,Release notes,https://docs.scipy.org/doc/scipy/reference/generated/scipy.interpolate.RectBivariateSpline.get_residual.html#scipy.interpolate.RectBivariateSpline.get_residual
note,Release notes,https://docs.scipy.org/doc/scipy/reference/generated/scipy.interpolate.RectBivariateSpline.integral.html#scipy.interpolate.RectBivariateSpline.integral
note,Release notes,https://docs.scipy.org/doc/scipy/reference/generated/scipy.interpolate.RectBivariateSpline.partial_derivative.html#scipy.interpolate.RectBivariateSpline.partial_derivative
must,"They must be
non-negative integers and less than the respective degree of the
original spline (self) in that direction (kx, ky).",https://docs.scipy.org/doc/scipy/reference/generated/scipy.interpolate.RectBivariateSpline.partial_derivative.html#scipy.interpolate.RectBivariateSpline.partial_derivative
note,Notes,https://docs.scipy.org/doc/scipy/reference/generated/scipy.interpolate.RectBivariateSpline.partial_derivative.html#scipy.interpolate.RectBivariateSpline.partial_derivative
note,Release notes,https://docs.scipy.org/doc/scipy/reference/generated/scipy.interpolate.LSQSphereBivariateSpline.partial_derivative.html
must,"They must be
non-negative integers and less than the respective degree of the
original spline (self) in that direction (kx, ky).",https://docs.scipy.org/doc/scipy/reference/generated/scipy.interpolate.LSQSphereBivariateSpline.partial_derivative.html
note,Notes,https://docs.scipy.org/doc/scipy/reference/generated/scipy.interpolate.LSQSphereBivariateSpline.partial_derivative.html
note,Release notes,https://docs.scipy.org/doc/scipy/reference/generated/scipy.cluster.hierarchy.DisjointSet.subsets.html
note,Release notes,https://docs.scipy.org/doc/scipy/reference/generated/scipy.integrate.RK23.dense_output.html#scipy.integrate.RK23.dense_output
note,Release notes,https://docs.scipy.org/doc/scipy/reference/generated/scipy.integrate.DOP853.dense_output.html#scipy.integrate.DOP853.dense_output
note,Release notes,https://docs.scipy.org/doc/scipy/reference/generated/scipy.integrate.BDF.dense_output.html#scipy.integrate.BDF.dense_output
note,Release notes,https://docs.scipy.org/doc/scipy/reference/generated/scipy.integrate.BDF.step.html#scipy.integrate.BDF.step
note,Release notes,https://docs.scipy.org/doc/scipy/reference/generated/scipy.integrate.LSODA.dense_output.html#scipy.integrate.LSODA.dense_output
note,Release notes,https://docs.scipy.org/doc/scipy/reference/generated/scipy.integrate.LSODA.step.html#scipy.integrate.LSODA.step
note,Release notes,https://docs.scipy.org/doc/scipy/reference/generated/scipy.integrate.OdeSolver.dense_output.html#scipy.integrate.OdeSolver.dense_output
note,Release notes,https://docs.scipy.org/doc/scipy/reference/generated/scipy.integrate.OdeSolver.step.html#scipy.integrate.OdeSolver.step
note,Release notes,https://docs.scipy.org/doc/scipy/reference/generated/scipy.integrate.DenseOutput.__call__.html#scipy.integrate.DenseOutput.__call__
note,Release notes,https://docs.scipy.org/doc/scipy/reference/generated/scipy.integrate.ode.set_integrator.html#scipy.integrate.ode.set_integrator
note,Release notes,https://docs.scipy.org/doc/scipy/reference/generated/scipy.integrate.ode.get_return_code.html#scipy.integrate.ode.get_return_code
note,Notes,https://docs.scipy.org/doc/scipy/reference/generated/scipy.integrate.ode.get_return_code.html#scipy.integrate.ode.get_return_code
note,Release notes,https://docs.scipy.org/doc/scipy/reference/generated/scipy.integrate.ode.integrate.html#scipy.integrate.ode.integrate
should,"This parameter is provided in order to expose internals of
the implementation, and should not be changed from its default
value in most cases.",https://docs.scipy.org/doc/scipy/reference/generated/scipy.integrate.ode.integrate.html#scipy.integrate.ode.integrate
should,"This parameter is provided in order to expose internals of
the implementation, and should not be changed from its default
value in most cases.",https://docs.scipy.org/doc/scipy/reference/generated/scipy.integrate.ode.integrate.html#scipy.integrate.ode.integrate
note,Release notes,https://docs.scipy.org/doc/scipy/reference/generated/scipy.integrate.ode.set_f_params.html#scipy.integrate.ode.set_f_params
note,Release notes,https://docs.scipy.org/doc/scipy/reference/generated/scipy.integrate.ode.set_jac_params.html#scipy.integrate.ode.set_jac_params
note,Release notes,https://docs.scipy.org/doc/scipy/reference/generated/scipy.integrate.ode.successful.html#scipy.integrate.ode.successful
note,Release notes,https://docs.scipy.org/doc/scipy/reference/generated/scipy.integrate.complex_ode.get_return_code.html#scipy.integrate.complex_ode.get_return_code
note,Notes,https://docs.scipy.org/doc/scipy/reference/generated/scipy.integrate.complex_ode.get_return_code.html#scipy.integrate.complex_ode.get_return_code
note,Release notes,https://docs.scipy.org/doc/scipy/reference/generated/scipy.integrate.complex_ode.integrate.html#scipy.integrate.complex_ode.integrate
should,"This parameter is provided in order to expose internals of
the implementation, and should not be changed from its default
value in most cases.",https://docs.scipy.org/doc/scipy/reference/generated/scipy.integrate.complex_ode.integrate.html#scipy.integrate.complex_ode.integrate
should,"This parameter is provided in order to expose internals of
the implementation, and should not be changed from its default
value in most cases.",https://docs.scipy.org/doc/scipy/reference/generated/scipy.integrate.complex_ode.integrate.html#scipy.integrate.complex_ode.integrate
note,Release notes,https://docs.scipy.org/doc/scipy/reference/generated/scipy.integrate.complex_ode.set_f_params.html#scipy.integrate.complex_ode.set_f_params
note,Release notes,https://docs.scipy.org/doc/scipy/reference/generated/scipy.integrate.complex_ode.set_initial_value.html#scipy.integrate.complex_ode.set_initial_value
note,Release notes,https://docs.scipy.org/doc/scipy/reference/generated/scipy.integrate.complex_ode.set_integrator.html#scipy.integrate.complex_ode.set_integrator
note,Release notes,https://docs.scipy.org/doc/scipy/reference/generated/scipy.integrate.complex_ode.set_jac_params.html#scipy.integrate.complex_ode.set_jac_params
note,Release notes,https://docs.scipy.org/doc/scipy/reference/generated/scipy.integrate.complex_ode.set_solout.html#scipy.integrate.complex_ode.set_solout
note,Release notes,https://docs.scipy.org/doc/scipy/reference/generated/scipy.integrate.complex_ode.successful.html#scipy.integrate.complex_ode.successful
note,Release notes,https://docs.scipy.org/doc/scipy/reference/generated/scipy.interpolate.BarycentricInterpolator.__call__.html#scipy.interpolate.BarycentricInterpolator.__call__
note,Notes,https://docs.scipy.org/doc/scipy/reference/generated/scipy.interpolate.BarycentricInterpolator.__call__.html#scipy.interpolate.BarycentricInterpolator.__call__
note,Release notes,https://docs.scipy.org/doc/scipy/reference/generated/scipy.interpolate.BarycentricInterpolator.add_xi.html#scipy.interpolate.BarycentricInterpolator.add_xi
should,"The x coordinates of the points that the polynomial should pass
through.",https://docs.scipy.org/doc/scipy/reference/generated/scipy.interpolate.BarycentricInterpolator.add_xi.html#scipy.interpolate.BarycentricInterpolator.add_xi
should,The y coordinates of the points the polynomial should pass through.,https://docs.scipy.org/doc/scipy/reference/generated/scipy.interpolate.BarycentricInterpolator.add_xi.html#scipy.interpolate.BarycentricInterpolator.add_xi
should,Should have shape (xi.,https://docs.scipy.org/doc/scipy/reference/generated/scipy.interpolate.BarycentricInterpolator.add_xi.html#scipy.interpolate.BarycentricInterpolator.add_xi
only,"yi
should be given if and only if the interpolator has y values
specified.",https://docs.scipy.org/doc/scipy/reference/generated/scipy.interpolate.BarycentricInterpolator.add_xi.html#scipy.interpolate.BarycentricInterpolator.add_xi
should,"yi
should be given if and only if the interpolator has y values
specified.",https://docs.scipy.org/doc/scipy/reference/generated/scipy.interpolate.BarycentricInterpolator.add_xi.html#scipy.interpolate.BarycentricInterpolator.add_xi
note,Notes,https://docs.scipy.org/doc/scipy/reference/generated/scipy.interpolate.BarycentricInterpolator.add_xi.html#scipy.interpolate.BarycentricInterpolator.add_xi
note,Release notes,https://docs.scipy.org/doc/scipy/reference/generated/scipy.interpolate.BarycentricInterpolator.derivative.html#scipy.interpolate.BarycentricInterpolator.derivative
note,Release notes,https://docs.scipy.org/doc/scipy/reference/generated/scipy.interpolate.BarycentricInterpolator.derivatives.html#scipy.interpolate.BarycentricInterpolator.derivatives
note,Release notes,https://docs.scipy.org/doc/scipy/reference/generated/scipy.interpolate.BarycentricInterpolator.set_yi.html#scipy.interpolate.BarycentricInterpolator.set_yi
only,"The barycentric interpolation algorithm requires the calculation
of weights, but these depend only on the xi.",https://docs.scipy.org/doc/scipy/reference/generated/scipy.interpolate.BarycentricInterpolator.set_yi.html#scipy.interpolate.BarycentricInterpolator.set_yi
must,"If None, the y values must be supplied later.",https://docs.scipy.org/doc/scipy/reference/generated/scipy.interpolate.BarycentricInterpolator.set_yi.html#scipy.interpolate.BarycentricInterpolator.set_yi
note,Release notes,https://docs.scipy.org/doc/scipy/reference/generated/scipy.interpolate.KroghInterpolator.__call__.html#scipy.interpolate.KroghInterpolator.__call__
note,Notes,https://docs.scipy.org/doc/scipy/reference/generated/scipy.interpolate.KroghInterpolator.__call__.html#scipy.interpolate.KroghInterpolator.__call__
must,"Input values x must be convertible to float values like int
or float.",https://docs.scipy.org/doc/scipy/reference/generated/scipy.interpolate.KroghInterpolator.__call__.html#scipy.interpolate.KroghInterpolator.__call__
note,Release notes,https://docs.scipy.org/doc/scipy/reference/generated/scipy.interpolate.KroghInterpolator.derivative.html#scipy.interpolate.KroghInterpolator.derivative
note,Notes,https://docs.scipy.org/doc/scipy/reference/generated/scipy.interpolate.KroghInterpolator.derivative.html#scipy.interpolate.KroghInterpolator.derivative
note,Release notes,https://docs.scipy.org/doc/scipy/reference/generated/scipy.interpolate.KroghInterpolator.derivatives.html#scipy.interpolate.KroghInterpolator.derivatives
note,Release notes,https://docs.scipy.org/doc/scipy/reference/generated/scipy.interpolate.CubicHermiteSpline.__call__.html#scipy.interpolate.CubicHermiteSpline.__call__
must,Must be non-negative.,https://docs.scipy.org/doc/scipy/reference/generated/scipy.interpolate.CubicHermiteSpline.__call__.html#scipy.interpolate.CubicHermiteSpline.__call__
note,Notes,https://docs.scipy.org/doc/scipy/reference/generated/scipy.interpolate.CubicHermiteSpline.__call__.html#scipy.interpolate.CubicHermiteSpline.__call__
note,Release notes,https://docs.scipy.org/doc/scipy/reference/generated/scipy.interpolate.CubicHermiteSpline.derivative.html#scipy.interpolate.CubicHermiteSpline.derivative
note,Notes,https://docs.scipy.org/doc/scipy/reference/generated/scipy.interpolate.CubicHermiteSpline.derivative.html#scipy.interpolate.CubicHermiteSpline.derivative
note,Release notes,https://docs.scipy.org/doc/scipy/reference/generated/scipy.interpolate.CubicHermiteSpline.antiderivative.html#scipy.interpolate.CubicHermiteSpline.antiderivative
note,Notes,https://docs.scipy.org/doc/scipy/reference/generated/scipy.interpolate.CubicHermiteSpline.antiderivative.html#scipy.interpolate.CubicHermiteSpline.antiderivative
note,Release notes,https://docs.scipy.org/doc/scipy/reference/generated/scipy.interpolate.CubicHermiteSpline.integrate.html#scipy.interpolate.CubicHermiteSpline.integrate
note,Release notes,https://docs.scipy.org/doc/scipy/reference/generated/scipy.interpolate.Akima1DInterpolator.__call__.html#scipy.interpolate.Akima1DInterpolator.__call__
must,Must be non-negative.,https://docs.scipy.org/doc/scipy/reference/generated/scipy.interpolate.Akima1DInterpolator.__call__.html#scipy.interpolate.Akima1DInterpolator.__call__
note,Notes,https://docs.scipy.org/doc/scipy/reference/generated/scipy.interpolate.Akima1DInterpolator.__call__.html#scipy.interpolate.Akima1DInterpolator.__call__
note,Release notes,https://docs.scipy.org/doc/scipy/reference/generated/scipy.interpolate.Akima1DInterpolator.derivative.html#scipy.interpolate.Akima1DInterpolator.derivative
note,Notes,https://docs.scipy.org/doc/scipy/reference/generated/scipy.interpolate.Akima1DInterpolator.derivative.html#scipy.interpolate.Akima1DInterpolator.derivative
note,Release notes,https://docs.scipy.org/doc/scipy/reference/generated/scipy.interpolate.Akima1DInterpolator.antiderivative.html#scipy.interpolate.Akima1DInterpolator.antiderivative
note,Notes,https://docs.scipy.org/doc/scipy/reference/generated/scipy.interpolate.Akima1DInterpolator.antiderivative.html#scipy.interpolate.Akima1DInterpolator.antiderivative
note,Release notes,https://docs.scipy.org/doc/scipy/reference/generated/scipy.interpolate.PPoly.__call__.html#scipy.interpolate.PPoly.__call__
must,Must be non-negative.,https://docs.scipy.org/doc/scipy/reference/generated/scipy.interpolate.PPoly.__call__.html#scipy.interpolate.PPoly.__call__
note,Notes,https://docs.scipy.org/doc/scipy/reference/generated/scipy.interpolate.PPoly.__call__.html#scipy.interpolate.PPoly.__call__
note,Release notes,https://docs.scipy.org/doc/scipy/reference/generated/scipy.interpolate.PPoly.derivative.html#scipy.interpolate.PPoly.derivative
note,Notes,https://docs.scipy.org/doc/scipy/reference/generated/scipy.interpolate.PPoly.derivative.html#scipy.interpolate.PPoly.derivative
note,Release notes,https://docs.scipy.org/doc/scipy/reference/generated/scipy.interpolate.PPoly.antiderivative.html#scipy.interpolate.PPoly.antiderivative
note,Notes,https://docs.scipy.org/doc/scipy/reference/generated/scipy.interpolate.PPoly.antiderivative.html#scipy.interpolate.PPoly.antiderivative
note,Release notes,https://docs.scipy.org/doc/scipy/reference/generated/scipy.interpolate.PPoly.integrate.html#scipy.interpolate.PPoly.integrate
note,Release notes,https://docs.scipy.org/doc/scipy/reference/generated/scipy.interpolate.PPoly.solve.html#scipy.interpolate.PPoly.solve
note,Notes,https://docs.scipy.org/doc/scipy/reference/generated/scipy.interpolate.PPoly.solve.html#scipy.interpolate.PPoly.solve
only,This routine works only on real-valued polynomials.,https://docs.scipy.org/doc/scipy/reference/generated/scipy.interpolate.PPoly.solve.html#scipy.interpolate.PPoly.solve
note,Release notes,https://docs.scipy.org/doc/scipy/reference/generated/scipy.interpolate.PPoly.roots.html#scipy.interpolate.PPoly.roots
note,Release notes,https://docs.scipy.org/doc/scipy/reference/generated/scipy.interpolate.PPoly.extend.html#scipy.interpolate.PPoly.extend
note,"Note that
the first additional interval will be formed using one of the
self.",https://docs.scipy.org/doc/scipy/reference/generated/scipy.interpolate.PPoly.extend.html#scipy.interpolate.PPoly.extend
must,"Must be sorted in the same order as
self.",https://docs.scipy.org/doc/scipy/reference/generated/scipy.interpolate.PPoly.extend.html#scipy.interpolate.PPoly.extend
note,Release notes,https://docs.scipy.org/doc/scipy/reference/generated/scipy.interpolate.PPoly.from_bernstein_basis.html#scipy.interpolate.PPoly.from_bernstein_basis
note,Release notes,https://docs.scipy.org/doc/scipy/reference/generated/scipy.interpolate.PPoly.construct_fast.html#scipy.interpolate.PPoly.construct_fast
must,"Input arguments
c and x must be arrays of the correct shape and type.",https://docs.scipy.org/doc/scipy/reference/generated/scipy.interpolate.PPoly.construct_fast.html#scipy.interpolate.PPoly.construct_fast
must,"The
c array can only be of dtypes float and complex, and x
array must have dtype float.",https://docs.scipy.org/doc/scipy/reference/generated/scipy.interpolate.PPoly.construct_fast.html#scipy.interpolate.PPoly.construct_fast
only,"The
c array can only be of dtypes float and complex, and x
array must have dtype float.",https://docs.scipy.org/doc/scipy/reference/generated/scipy.interpolate.PPoly.construct_fast.html#scipy.interpolate.PPoly.construct_fast
note,Release notes,https://docs.scipy.org/doc/scipy/reference/generated/scipy.interpolate.BPoly.__call__.html#scipy.interpolate.BPoly.__call__
must,Must be non-negative.,https://docs.scipy.org/doc/scipy/reference/generated/scipy.interpolate.BPoly.__call__.html#scipy.interpolate.BPoly.__call__
note,Notes,https://docs.scipy.org/doc/scipy/reference/generated/scipy.interpolate.BPoly.__call__.html#scipy.interpolate.BPoly.__call__
note,Release notes,https://docs.scipy.org/doc/scipy/reference/generated/scipy.interpolate.BPoly.extend.html#scipy.interpolate.BPoly.extend
note,"Note that
the first additional interval will be formed using one of the
self.",https://docs.scipy.org/doc/scipy/reference/generated/scipy.interpolate.BPoly.extend.html#scipy.interpolate.BPoly.extend
must,"Must be sorted in the same order as
self.",https://docs.scipy.org/doc/scipy/reference/generated/scipy.interpolate.BPoly.extend.html#scipy.interpolate.BPoly.extend
note,Release notes,https://docs.scipy.org/doc/scipy/reference/generated/scipy.interpolate.BPoly.derivative.html#scipy.interpolate.BPoly.derivative
note,Release notes,https://docs.scipy.org/doc/scipy/reference/generated/scipy.interpolate.BPoly.antiderivative.html#scipy.interpolate.BPoly.antiderivative
note,Notes,https://docs.scipy.org/doc/scipy/reference/generated/scipy.interpolate.BPoly.antiderivative.html#scipy.interpolate.BPoly.antiderivative
note,Release notes,https://docs.scipy.org/doc/scipy/reference/generated/scipy.interpolate.BPoly.integrate.html#scipy.interpolate.BPoly.integrate
note,Release notes,https://docs.scipy.org/doc/scipy/reference/generated/scipy.interpolate.BPoly.construct_fast.html#scipy.interpolate.BPoly.construct_fast
must,"Input arguments
c and x must be arrays of the correct shape and type.",https://docs.scipy.org/doc/scipy/reference/generated/scipy.interpolate.BPoly.construct_fast.html#scipy.interpolate.BPoly.construct_fast
must,"The
c array can only be of dtypes float and complex, and x
array must have dtype float.",https://docs.scipy.org/doc/scipy/reference/generated/scipy.interpolate.BPoly.construct_fast.html#scipy.interpolate.BPoly.construct_fast
only,"The
c array can only be of dtypes float and complex, and x
array must have dtype float.",https://docs.scipy.org/doc/scipy/reference/generated/scipy.interpolate.BPoly.construct_fast.html#scipy.interpolate.BPoly.construct_fast
note,Release notes,https://docs.scipy.org/doc/scipy/reference/generated/scipy.interpolate.BPoly.from_power_basis.html#scipy.interpolate.BPoly.from_power_basis
note,Release notes,https://docs.scipy.org/doc/scipy/reference/generated/scipy.interpolate.NdPPoly.__call__.html#scipy.interpolate.NdPPoly.__call__
must,Each must be non-negative.,https://docs.scipy.org/doc/scipy/reference/generated/scipy.interpolate.NdPPoly.__call__.html#scipy.interpolate.NdPPoly.__call__
note,Notes,https://docs.scipy.org/doc/scipy/reference/generated/scipy.interpolate.NdPPoly.__call__.html#scipy.interpolate.NdPPoly.__call__
note,Release notes,https://docs.scipy.org/doc/scipy/reference/generated/scipy.interpolate.NdPPoly.derivative.html#scipy.interpolate.NdPPoly.derivative
note,Notes,https://docs.scipy.org/doc/scipy/reference/generated/scipy.interpolate.NdPPoly.derivative.html#scipy.interpolate.NdPPoly.derivative
note,Release notes,https://docs.scipy.org/doc/scipy/reference/generated/scipy.interpolate.NdPPoly.antiderivative.html#scipy.interpolate.NdPPoly.antiderivative
note,Notes,https://docs.scipy.org/doc/scipy/reference/generated/scipy.interpolate.NdPPoly.antiderivative.html#scipy.interpolate.NdPPoly.antiderivative
note,Release notes,https://docs.scipy.org/doc/scipy/reference/generated/scipy.interpolate.NdPPoly.integrate.html#scipy.interpolate.NdPPoly.integrate
note,Release notes,https://docs.scipy.org/doc/scipy/reference/generated/scipy.interpolate.NdPPoly.integrate_1d.html#scipy.interpolate.NdPPoly.integrate_1d
note,Release notes,https://docs.scipy.org/doc/scipy/reference/generated/scipy.interpolate.NdPPoly.construct_fast.html#scipy.interpolate.NdPPoly.construct_fast
must,"Input arguments
c and x must be arrays of the correct shape and type.",https://docs.scipy.org/doc/scipy/reference/generated/scipy.interpolate.NdPPoly.construct_fast.html#scipy.interpolate.NdPPoly.construct_fast
must,"The
c array can only be of dtypes float and complex, and x
array must have dtype float.",https://docs.scipy.org/doc/scipy/reference/generated/scipy.interpolate.NdPPoly.construct_fast.html#scipy.interpolate.NdPPoly.construct_fast
only,"The
c array can only be of dtypes float and complex, and x
array must have dtype float.",https://docs.scipy.org/doc/scipy/reference/generated/scipy.interpolate.NdPPoly.construct_fast.html#scipy.interpolate.NdPPoly.construct_fast
note,Release notes,https://docs.scipy.org/doc/scipy/reference/generated/scipy.interpolate.NdBSpline.__call__.html#scipy.interpolate.NdBSpline.__call__
must,Each must be non-negative.,https://docs.scipy.org/doc/scipy/reference/generated/scipy.interpolate.NdBSpline.__call__.html#scipy.interpolate.NdBSpline.__call__
note,Release notes,https://docs.scipy.org/doc/scipy/reference/generated/scipy.interpolate.BSpline.tck.html#scipy.interpolate.BSpline.tck
only,k) (read-only).,https://docs.scipy.org/doc/scipy/reference/generated/scipy.interpolate.BSpline.tck.html#scipy.interpolate.BSpline.tck
note,Release notes,https://docs.scipy.org/doc/scipy/reference/generated/scipy.interpolate.BSpline.__call__.html#scipy.interpolate.BSpline.__call__
note,Release notes,https://docs.scipy.org/doc/scipy/reference/generated/scipy.interpolate.BSpline.derivative.html#scipy.interpolate.BSpline.derivative
note,Release notes,https://docs.scipy.org/doc/scipy/reference/generated/scipy.interpolate.BSpline.antiderivative.html#scipy.interpolate.BSpline.antiderivative
note,Notes,https://docs.scipy.org/doc/scipy/reference/generated/scipy.interpolate.BSpline.antiderivative.html#scipy.interpolate.BSpline.antiderivative
note,Release notes,https://docs.scipy.org/doc/scipy/reference/generated/scipy.interpolate.BSpline.integrate.html#scipy.interpolate.BSpline.integrate
note,Release notes,https://docs.scipy.org/doc/scipy/reference/generated/scipy.interpolate.BSpline.construct_fast.html#scipy.interpolate.BSpline.construct_fast
must,"Input arrays
t and c must of correct shape and dtype.",https://docs.scipy.org/doc/scipy/reference/generated/scipy.interpolate.BSpline.construct_fast.html#scipy.interpolate.BSpline.construct_fast
note,Release notes,https://docs.scipy.org/doc/scipy/reference/generated/scipy.interpolate.UnivariateSpline.antiderivative.html#scipy.interpolate.UnivariateSpline.antiderivative
note,Notes,https://docs.scipy.org/doc/scipy/reference/generated/scipy.interpolate.UnivariateSpline.antiderivative.html#scipy.interpolate.UnivariateSpline.antiderivative
note,Release notes,https://docs.scipy.org/doc/scipy/reference/generated/scipy.interpolate.UnivariateSpline.derivative.html#scipy.interpolate.UnivariateSpline.derivative
note,Notes,https://docs.scipy.org/doc/scipy/reference/generated/scipy.interpolate.UnivariateSpline.derivative.html#scipy.interpolate.UnivariateSpline.derivative
note,Release notes,https://docs.scipy.org/doc/scipy/reference/generated/scipy.interpolate.UnivariateSpline.get_coeffs.html#scipy.interpolate.UnivariateSpline.get_coeffs
note,Release notes,https://docs.scipy.org/doc/scipy/reference/generated/scipy.interpolate.UnivariateSpline.get_knots.html#scipy.interpolate.UnivariateSpline.get_knots
note,Release notes,https://docs.scipy.org/doc/scipy/reference/generated/scipy.interpolate.UnivariateSpline.get_residual.html#scipy.interpolate.UnivariateSpline.get_residual
note,Release notes,https://docs.scipy.org/doc/scipy/reference/generated/scipy.interpolate.UnivariateSpline.set_smoothing_factor.html#scipy.interpolate.UnivariateSpline.set_smoothing_factor
note,Release notes,https://docs.scipy.org/doc/scipy/reference/generated/scipy.interpolate.InterpolatedUnivariateSpline.__call__.html#scipy.interpolate.InterpolatedUnivariateSpline.__call__
note,"Note: x can be unordered but the
evaluation is more efficient if x is (partially) ordered.",https://docs.scipy.org/doc/scipy/reference/generated/scipy.interpolate.InterpolatedUnivariateSpline.__call__.html#scipy.interpolate.InterpolatedUnivariateSpline.__call__
note,Release notes,https://docs.scipy.org/doc/scipy/reference/generated/scipy.interpolate.InterpolatedUnivariateSpline.antiderivative.html#scipy.interpolate.InterpolatedUnivariateSpline.antiderivative
note,Notes,https://docs.scipy.org/doc/scipy/reference/generated/scipy.interpolate.InterpolatedUnivariateSpline.antiderivative.html#scipy.interpolate.InterpolatedUnivariateSpline.antiderivative
note,Release notes,https://docs.scipy.org/doc/scipy/reference/generated/scipy.interpolate.InterpolatedUnivariateSpline.derivative.html#scipy.interpolate.InterpolatedUnivariateSpline.derivative
note,Notes,https://docs.scipy.org/doc/scipy/reference/generated/scipy.interpolate.InterpolatedUnivariateSpline.derivative.html#scipy.interpolate.InterpolatedUnivariateSpline.derivative
note,Release notes,https://docs.scipy.org/doc/scipy/reference/generated/scipy.interpolate.InterpolatedUnivariateSpline.derivatives.html#scipy.interpolate.InterpolatedUnivariateSpline.derivatives
note,Release notes,https://docs.scipy.org/doc/scipy/reference/generated/scipy.interpolate.InterpolatedUnivariateSpline.get_coeffs.html#scipy.interpolate.InterpolatedUnivariateSpline.get_coeffs
note,Release notes,https://docs.scipy.org/doc/scipy/reference/generated/scipy.interpolate.InterpolatedUnivariateSpline.get_knots.html#scipy.interpolate.InterpolatedUnivariateSpline.get_knots
note,Release notes,https://docs.scipy.org/doc/scipy/reference/generated/scipy.interpolate.InterpolatedUnivariateSpline.get_residual.html#scipy.interpolate.InterpolatedUnivariateSpline.get_residual
note,Release notes,https://docs.scipy.org/doc/scipy/reference/generated/scipy.interpolate.InterpolatedUnivariateSpline.integral.html#scipy.interpolate.InterpolatedUnivariateSpline.integral
note,Release notes,https://docs.scipy.org/doc/scipy/reference/generated/scipy.interpolate.InterpolatedUnivariateSpline.roots.html#scipy.interpolate.InterpolatedUnivariateSpline.roots
note,Notes,https://docs.scipy.org/doc/scipy/reference/generated/scipy.interpolate.InterpolatedUnivariateSpline.roots.html#scipy.interpolate.InterpolatedUnivariateSpline.roots
only,Restriction: only cubic splines are supported by FITPACK.,https://docs.scipy.org/doc/scipy/reference/generated/scipy.interpolate.InterpolatedUnivariateSpline.roots.html#scipy.interpolate.InterpolatedUnivariateSpline.roots
note,Release notes,https://docs.scipy.org/doc/scipy/reference/generated/scipy.interpolate.InterpolatedUnivariateSpline.set_smoothing_factor.html#scipy.interpolate.InterpolatedUnivariateSpline.set_smoothing_factor
note,Release notes,https://docs.scipy.org/doc/scipy/reference/generated/scipy.interpolate.LSQUnivariateSpline.__call__.html#scipy.interpolate.LSQUnivariateSpline.__call__
note,"Note: x can be unordered but the
evaluation is more efficient if x is (partially) ordered.",https://docs.scipy.org/doc/scipy/reference/generated/scipy.interpolate.LSQUnivariateSpline.__call__.html#scipy.interpolate.LSQUnivariateSpline.__call__
note,Release notes,https://docs.scipy.org/doc/scipy/reference/generated/scipy.interpolate.LSQUnivariateSpline.antiderivative.html#scipy.interpolate.LSQUnivariateSpline.antiderivative
note,Notes,https://docs.scipy.org/doc/scipy/reference/generated/scipy.interpolate.LSQUnivariateSpline.antiderivative.html#scipy.interpolate.LSQUnivariateSpline.antiderivative
note,Release notes,https://docs.scipy.org/doc/scipy/reference/generated/scipy.interpolate.LSQUnivariateSpline.derivative.html#scipy.interpolate.LSQUnivariateSpline.derivative
note,Notes,https://docs.scipy.org/doc/scipy/reference/generated/scipy.interpolate.LSQUnivariateSpline.derivative.html#scipy.interpolate.LSQUnivariateSpline.derivative
note,Release notes,https://docs.scipy.org/doc/scipy/reference/generated/scipy.interpolate.LSQUnivariateSpline.derivatives.html#scipy.interpolate.LSQUnivariateSpline.derivatives
note,Release notes,https://docs.scipy.org/doc/scipy/reference/generated/scipy.interpolate.LSQUnivariateSpline.get_coeffs.html#scipy.interpolate.LSQUnivariateSpline.get_coeffs
note,Release notes,https://docs.scipy.org/doc/scipy/reference/generated/scipy.interpolate.LSQUnivariateSpline.get_knots.html#scipy.interpolate.LSQUnivariateSpline.get_knots
note,Release notes,https://docs.scipy.org/doc/scipy/reference/generated/scipy.interpolate.LSQUnivariateSpline.get_residual.html#scipy.interpolate.LSQUnivariateSpline.get_residual
note,Release notes,https://docs.scipy.org/doc/scipy/reference/generated/scipy.interpolate.LSQUnivariateSpline.integral.html#scipy.interpolate.LSQUnivariateSpline.integral
note,Release notes,https://docs.scipy.org/doc/scipy/reference/generated/scipy.interpolate.LSQUnivariateSpline.roots.html#scipy.interpolate.LSQUnivariateSpline.roots
note,Notes,https://docs.scipy.org/doc/scipy/reference/generated/scipy.interpolate.LSQUnivariateSpline.roots.html#scipy.interpolate.LSQUnivariateSpline.roots
only,Restriction: only cubic splines are supported by FITPACK.,https://docs.scipy.org/doc/scipy/reference/generated/scipy.interpolate.LSQUnivariateSpline.roots.html#scipy.interpolate.LSQUnivariateSpline.roots
note,Release notes,https://docs.scipy.org/doc/scipy/reference/generated/scipy.interpolate.LSQUnivariateSpline.set_smoothing_factor.html#scipy.interpolate.LSQUnivariateSpline.set_smoothing_factor
note,Release notes,https://docs.scipy.org/doc/scipy/reference/generated/scipy.interpolate.RectSphereBivariateSpline.__call__.html#scipy.interpolate.RectSphereBivariateSpline.__call__
must,"The arrays
must be sorted to increasing order.",https://docs.scipy.org/doc/scipy/reference/generated/scipy.interpolate.RectSphereBivariateSpline.__call__.html#scipy.interpolate.RectSphereBivariateSpline.__call__
note,"Note that the default indexing=”xy”
of meshgrid would result in an unexpected (transposed) result after
interpolation.",https://docs.scipy.org/doc/scipy/reference/generated/scipy.interpolate.RectSphereBivariateSpline.__call__.html#scipy.interpolate.RectSphereBivariateSpline.__call__
note,Release notes,https://docs.scipy.org/doc/scipy/reference/generated/scipy.interpolate.RectSphereBivariateSpline.ev.html#scipy.interpolate.RectSphereBivariateSpline.ev
note,"Note that the default indexing=”xy”
of meshgrid would result in an unexpected (transposed) result after
interpolation.",https://docs.scipy.org/doc/scipy/reference/generated/scipy.interpolate.RectSphereBivariateSpline.ev.html#scipy.interpolate.RectSphereBivariateSpline.ev
note,Release notes,https://docs.scipy.org/doc/scipy/reference/generated/scipy.interpolate.RectSphereBivariateSpline.get_coeffs.html#scipy.interpolate.RectSphereBivariateSpline.get_coeffs
note,Release notes,https://docs.scipy.org/doc/scipy/reference/generated/scipy.interpolate.RectSphereBivariateSpline.get_knots.html#scipy.interpolate.RectSphereBivariateSpline.get_knots
note,Release notes,https://docs.scipy.org/doc/scipy/reference/generated/scipy.interpolate.RectSphereBivariateSpline.get_residual.html#scipy.interpolate.RectSphereBivariateSpline.get_residual
note,Release notes,https://docs.scipy.org/doc/scipy/reference/generated/scipy.interpolate.RectSphereBivariateSpline.partial_derivative.html#scipy.interpolate.RectSphereBivariateSpline.partial_derivative
must,"They must be
non-negative integers and less than the respective degree of the
original spline (self) in that direction (kx, ky).",https://docs.scipy.org/doc/scipy/reference/generated/scipy.interpolate.RectSphereBivariateSpline.partial_derivative.html#scipy.interpolate.RectSphereBivariateSpline.partial_derivative
note,Notes,https://docs.scipy.org/doc/scipy/reference/generated/scipy.interpolate.RectSphereBivariateSpline.partial_derivative.html#scipy.interpolate.RectSphereBivariateSpline.partial_derivative
note,Release notes,https://docs.scipy.org/doc/scipy/reference/generated/scipy.interpolate.BivariateSpline.__call__.html#scipy.interpolate.BivariateSpline.__call__
must,"The arrays must be
sorted to increasing order.",https://docs.scipy.org/doc/scipy/reference/generated/scipy.interpolate.BivariateSpline.__call__.html#scipy.interpolate.BivariateSpline.__call__
note,"Note that the default indexing=”xy”
of meshgrid would result in an unexpected (transposed) result after
interpolation.",https://docs.scipy.org/doc/scipy/reference/generated/scipy.interpolate.BivariateSpline.__call__.html#scipy.interpolate.BivariateSpline.__call__
note,Release notes,https://docs.scipy.org/doc/scipy/reference/generated/scipy.interpolate.BivariateSpline.ev.html#scipy.interpolate.BivariateSpline.ev
note,"Note that
the default indexing=""xy"" of meshgrid would result in an unexpected
(transposed) result after interpolation.",https://docs.scipy.org/doc/scipy/reference/generated/scipy.interpolate.BivariateSpline.ev.html#scipy.interpolate.BivariateSpline.ev
note,Release notes,https://docs.scipy.org/doc/scipy/reference/generated/scipy.interpolate.BivariateSpline.get_coeffs.html#scipy.interpolate.BivariateSpline.get_coeffs
note,Release notes,https://docs.scipy.org/doc/scipy/reference/generated/scipy.interpolate.BivariateSpline.get_knots.html#scipy.interpolate.BivariateSpline.get_knots
note,Release notes,https://docs.scipy.org/doc/scipy/reference/generated/scipy.interpolate.BivariateSpline.get_residual.html#scipy.interpolate.BivariateSpline.get_residual
note,Release notes,https://docs.scipy.org/doc/scipy/reference/generated/scipy.interpolate.BivariateSpline.integral.html#scipy.interpolate.BivariateSpline.integral
note,Release notes,https://docs.scipy.org/doc/scipy/reference/generated/scipy.interpolate.BivariateSpline.partial_derivative.html#scipy.interpolate.BivariateSpline.partial_derivative
must,"They must be
non-negative integers and less than the respective degree of the
original spline (self) in that direction (kx, ky).",https://docs.scipy.org/doc/scipy/reference/generated/scipy.interpolate.BivariateSpline.partial_derivative.html#scipy.interpolate.BivariateSpline.partial_derivative
note,Notes,https://docs.scipy.org/doc/scipy/reference/generated/scipy.interpolate.BivariateSpline.partial_derivative.html#scipy.interpolate.BivariateSpline.partial_derivative
note,Release notes,https://docs.scipy.org/doc/scipy/reference/generated/scipy.interpolate.SmoothBivariateSpline.__call__.html#scipy.interpolate.SmoothBivariateSpline.__call__
must,"The arrays must be
sorted to increasing order.",https://docs.scipy.org/doc/scipy/reference/generated/scipy.interpolate.SmoothBivariateSpline.__call__.html#scipy.interpolate.SmoothBivariateSpline.__call__
note,"Note that the default indexing=”xy”
of meshgrid would result in an unexpected (transposed) result after
interpolation.",https://docs.scipy.org/doc/scipy/reference/generated/scipy.interpolate.SmoothBivariateSpline.__call__.html#scipy.interpolate.SmoothBivariateSpline.__call__
note,Release notes,https://docs.scipy.org/doc/scipy/reference/generated/scipy.interpolate.SmoothBivariateSpline.ev.html#scipy.interpolate.SmoothBivariateSpline.ev
note,"Note that
the default indexing=""xy"" of meshgrid would result in an unexpected
(transposed) result after interpolation.",https://docs.scipy.org/doc/scipy/reference/generated/scipy.interpolate.SmoothBivariateSpline.ev.html#scipy.interpolate.SmoothBivariateSpline.ev
note,Release notes,https://docs.scipy.org/doc/scipy/reference/generated/scipy.interpolate.SmoothBivariateSpline.get_coeffs.html#scipy.interpolate.SmoothBivariateSpline.get_coeffs
note,Release notes,https://docs.scipy.org/doc/scipy/reference/generated/scipy.interpolate.SmoothBivariateSpline.get_knots.html#scipy.interpolate.SmoothBivariateSpline.get_knots
note,Release notes,https://docs.scipy.org/doc/scipy/reference/generated/scipy.interpolate.SmoothBivariateSpline.get_residual.html#scipy.interpolate.SmoothBivariateSpline.get_residual
note,Release notes,https://docs.scipy.org/doc/scipy/reference/generated/scipy.interpolate.SmoothBivariateSpline.integral.html#scipy.interpolate.SmoothBivariateSpline.integral
note,Release notes,https://docs.scipy.org/doc/scipy/reference/generated/scipy.interpolate.SmoothBivariateSpline.partial_derivative.html#scipy.interpolate.SmoothBivariateSpline.partial_derivative
must,"They must be
non-negative integers and less than the respective degree of the
original spline (self) in that direction (kx, ky).",https://docs.scipy.org/doc/scipy/reference/generated/scipy.interpolate.SmoothBivariateSpline.partial_derivative.html#scipy.interpolate.SmoothBivariateSpline.partial_derivative
note,Notes,https://docs.scipy.org/doc/scipy/reference/generated/scipy.interpolate.SmoothBivariateSpline.partial_derivative.html#scipy.interpolate.SmoothBivariateSpline.partial_derivative
note,Release notes,https://docs.scipy.org/doc/scipy/reference/generated/scipy.interpolate.SmoothSphereBivariateSpline.__call__.html#scipy.interpolate.SmoothSphereBivariateSpline.__call__
must,"The arrays
must be sorted to increasing order.",https://docs.scipy.org/doc/scipy/reference/generated/scipy.interpolate.SmoothSphereBivariateSpline.__call__.html#scipy.interpolate.SmoothSphereBivariateSpline.__call__
note,"Note that the default indexing=”xy”
of meshgrid would result in an unexpected (transposed) result after
interpolation.",https://docs.scipy.org/doc/scipy/reference/generated/scipy.interpolate.SmoothSphereBivariateSpline.__call__.html#scipy.interpolate.SmoothSphereBivariateSpline.__call__
note,Release notes,https://docs.scipy.org/doc/scipy/reference/generated/scipy.interpolate.SmoothSphereBivariateSpline.ev.html#scipy.interpolate.SmoothSphereBivariateSpline.ev
note,"Note that the default indexing=”xy”
of meshgrid would result in an unexpected (transposed) result after
interpolation.",https://docs.scipy.org/doc/scipy/reference/generated/scipy.interpolate.SmoothSphereBivariateSpline.ev.html#scipy.interpolate.SmoothSphereBivariateSpline.ev
note,Release notes,https://docs.scipy.org/doc/scipy/reference/generated/scipy.interpolate.SmoothSphereBivariateSpline.get_coeffs.html#scipy.interpolate.SmoothSphereBivariateSpline.get_coeffs
note,Release notes,https://docs.scipy.org/doc/scipy/reference/generated/scipy.interpolate.SmoothSphereBivariateSpline.get_knots.html#scipy.interpolate.SmoothSphereBivariateSpline.get_knots
note,Release notes,https://docs.scipy.org/doc/scipy/reference/generated/scipy.interpolate.SmoothSphereBivariateSpline.get_residual.html#scipy.interpolate.SmoothSphereBivariateSpline.get_residual
note,Release notes,https://docs.scipy.org/doc/scipy/reference/generated/scipy.interpolate.SmoothSphereBivariateSpline.partial_derivative.html#scipy.interpolate.SmoothSphereBivariateSpline.partial_derivative
must,"They must be
non-negative integers and less than the respective degree of the
original spline (self) in that direction (kx, ky).",https://docs.scipy.org/doc/scipy/reference/generated/scipy.interpolate.SmoothSphereBivariateSpline.partial_derivative.html#scipy.interpolate.SmoothSphereBivariateSpline.partial_derivative
note,Notes,https://docs.scipy.org/doc/scipy/reference/generated/scipy.interpolate.SmoothSphereBivariateSpline.partial_derivative.html#scipy.interpolate.SmoothSphereBivariateSpline.partial_derivative
note,Release notes,https://docs.scipy.org/doc/scipy/reference/generated/scipy.interpolate.LSQBivariateSpline.__call__.html#scipy.interpolate.LSQBivariateSpline.__call__
must,"The arrays must be
sorted to increasing order.",https://docs.scipy.org/doc/scipy/reference/generated/scipy.interpolate.LSQBivariateSpline.__call__.html#scipy.interpolate.LSQBivariateSpline.__call__
note,"Note that the default indexing=”xy”
of meshgrid would result in an unexpected (transposed) result after
interpolation.",https://docs.scipy.org/doc/scipy/reference/generated/scipy.interpolate.LSQBivariateSpline.__call__.html#scipy.interpolate.LSQBivariateSpline.__call__
note,Release notes,https://docs.scipy.org/doc/scipy/reference/generated/scipy.interpolate.LSQBivariateSpline.ev.html#scipy.interpolate.LSQBivariateSpline.ev
note,"Note that
the default indexing=""xy"" of meshgrid would result in an unexpected
(transposed) result after interpolation.",https://docs.scipy.org/doc/scipy/reference/generated/scipy.interpolate.LSQBivariateSpline.ev.html#scipy.interpolate.LSQBivariateSpline.ev
note,Release notes,https://docs.scipy.org/doc/scipy/reference/generated/scipy.interpolate.LSQBivariateSpline.get_coeffs.html#scipy.interpolate.LSQBivariateSpline.get_coeffs
note,Release notes,https://docs.scipy.org/doc/scipy/reference/generated/scipy.interpolate.LSQBivariateSpline.get_knots.html#scipy.interpolate.LSQBivariateSpline.get_knots
note,Release notes,https://docs.scipy.org/doc/scipy/reference/generated/scipy.interpolate.LSQBivariateSpline.get_residual.html#scipy.interpolate.LSQBivariateSpline.get_residual
note,Release notes,https://docs.scipy.org/doc/scipy/reference/generated/scipy.interpolate.LSQBivariateSpline.integral.html#scipy.interpolate.LSQBivariateSpline.integral
note,Release notes,https://docs.scipy.org/doc/scipy/reference/generated/scipy.interpolate.LSQBivariateSpline.partial_derivative.html#scipy.interpolate.LSQBivariateSpline.partial_derivative
must,"They must be
non-negative integers and less than the respective degree of the
original spline (self) in that direction (kx, ky).",https://docs.scipy.org/doc/scipy/reference/generated/scipy.interpolate.LSQBivariateSpline.partial_derivative.html#scipy.interpolate.LSQBivariateSpline.partial_derivative
note,Notes,https://docs.scipy.org/doc/scipy/reference/generated/scipy.interpolate.LSQBivariateSpline.partial_derivative.html#scipy.interpolate.LSQBivariateSpline.partial_derivative
note,Release notes,https://docs.scipy.org/doc/scipy/reference/generated/scipy.interpolate.LSQSphereBivariateSpline.__call__.html#scipy.interpolate.LSQSphereBivariateSpline.__call__
must,"The arrays
must be sorted to increasing order.",https://docs.scipy.org/doc/scipy/reference/generated/scipy.interpolate.LSQSphereBivariateSpline.__call__.html#scipy.interpolate.LSQSphereBivariateSpline.__call__
note,"Note that the default indexing=”xy”
of meshgrid would result in an unexpected (transposed) result after
interpolation.",https://docs.scipy.org/doc/scipy/reference/generated/scipy.interpolate.LSQSphereBivariateSpline.__call__.html#scipy.interpolate.LSQSphereBivariateSpline.__call__
note,Release notes,https://docs.scipy.org/doc/scipy/reference/generated/scipy.interpolate.LSQSphereBivariateSpline.ev.html#scipy.interpolate.LSQSphereBivariateSpline.ev
note,"Note that the default indexing=”xy”
of meshgrid would result in an unexpected (transposed) result after
interpolation.",https://docs.scipy.org/doc/scipy/reference/generated/scipy.interpolate.LSQSphereBivariateSpline.ev.html#scipy.interpolate.LSQSphereBivariateSpline.ev
note,Release notes,https://docs.scipy.org/doc/scipy/reference/generated/scipy.interpolate.LSQSphereBivariateSpline.get_coeffs.html#scipy.interpolate.LSQSphereBivariateSpline.get_coeffs
note,Release notes,https://docs.scipy.org/doc/scipy/reference/generated/scipy.interpolate.LSQSphereBivariateSpline.get_knots.html#scipy.interpolate.LSQSphereBivariateSpline.get_knots
note,Release notes,https://docs.scipy.org/doc/scipy/reference/generated/scipy.interpolate.LSQSphereBivariateSpline.get_residual.html#scipy.interpolate.LSQSphereBivariateSpline.get_residual
note,Release notes,https://docs.scipy.org/doc/scipy/reference/generated/scipy.io.FortranFile.close.html#scipy.io.FortranFile.close
note,Release notes,https://docs.scipy.org/doc/scipy/reference/generated/scipy.io.FortranFile.read_ints.html#scipy.io.FortranFile.read_ints
note,Release notes,https://docs.scipy.org/doc/scipy/reference/generated/scipy.io.FortranFile.read_reals.html#scipy.io.FortranFile.read_reals
note,Release notes,https://docs.scipy.org/doc/scipy/reference/generated/scipy.io.FortranFile.read_record.html#scipy.io.FortranFile.read_record
note,Notes,https://docs.scipy.org/doc/scipy/reference/generated/scipy.io.FortranFile.read_record.html#scipy.io.FortranFile.read_record
note,"Note that this function does not assume the file data is in Fortran
column major order, so you need to (i) swap the order of dimensions
when reading and (ii) transpose the resulting array.",https://docs.scipy.org/doc/scipy/reference/generated/scipy.io.FortranFile.read_record.html#scipy.io.FortranFile.read_record
note,Release notes,https://docs.scipy.org/doc/scipy/reference/generated/scipy.io.FortranFile.write_record.html#scipy.io.FortranFile.write_record
note,Notes,https://docs.scipy.org/doc/scipy/reference/generated/scipy.io.FortranFile.write_record.html#scipy.io.FortranFile.write_record
note,"Note that data in multidimensional arrays is written in
row-major order — to make them read correctly by Fortran
programs, you need to transpose the arrays yourself when
writing them.",https://docs.scipy.org/doc/scipy/reference/generated/scipy.io.FortranFile.write_record.html#scipy.io.FortranFile.write_record
note,Release notes,https://docs.scipy.org/doc/scipy/reference/generated/scipy.io.netcdf_variable.getValue.html#scipy.io.netcdf_variable.getValue
note,Release notes,https://docs.scipy.org/doc/scipy/reference/generated/scipy.io.netcdf_variable.assignValue.html#scipy.io.netcdf_variable.assignValue
note,Release notes,https://docs.scipy.org/doc/scipy/reference/generated/scipy.io.netcdf_variable.shape.html#scipy.io.netcdf_variable.shape
only,"This is a read-only attribute and can not be modified in the
same manner of other numpy arrays.",https://docs.scipy.org/doc/scipy/reference/generated/scipy.io.netcdf_variable.shape.html#scipy.io.netcdf_variable.shape
note,Release notes,https://docs.scipy.org/doc/scipy/reference/generated/scipy.io.netcdf_variable.isrec.html#scipy.io.netcdf_variable.isrec
only,"This attribute is a read-only property of the
netcdf_variable.",https://docs.scipy.org/doc/scipy/reference/generated/scipy.io.netcdf_variable.isrec.html#scipy.io.netcdf_variable.isrec
note,Release notes,https://docs.scipy.org/doc/scipy/reference/generated/scipy.io.netcdf_variable.itemsize.html#scipy.io.netcdf_variable.itemsize
note,Release notes,https://docs.scipy.org/doc/scipy/reference/generated/scipy.io.netcdf_variable.typecode.html#scipy.io.netcdf_variable.typecode
note,Release notes,https://docs.scipy.org/doc/scipy/reference/generated/scipy.io.arff.MetaData.names.html#scipy.io.arff.MetaData.names
note,Release notes,https://docs.scipy.org/doc/scipy/reference/generated/scipy.io.arff.MetaData.types.html#scipy.io.arff.MetaData.types
note,Release notes,https://docs.scipy.org/doc/scipy/reference/generated/scipy.odr.Data.set_meta.html#scipy.odr.Data.set_meta
note,Release notes,https://docs.scipy.org/doc/scipy/reference/generated/scipy.odr.RealData.set_meta.html#scipy.odr.RealData.set_meta
note,Release notes,https://docs.scipy.org/doc/scipy/reference/generated/scipy.odr.Model.set_meta.html#scipy.odr.Model.set_meta
note,Release notes,https://docs.scipy.org/doc/scipy/reference/generated/scipy.odr.ODR.restart.html#scipy.odr.ODR.restart
note,Release notes,https://docs.scipy.org/doc/scipy/reference/generated/scipy.odr.ODR.run.html#scipy.odr.ODR.run
note,Release notes,https://docs.scipy.org/doc/scipy/reference/generated/scipy.odr.ODR.set_iprint.html#scipy.odr.ODR.set_iprint
permissible,"The permissible values are 0, 1, and 2 representing “no
report”, “short report”, and “long report” respectively.",https://docs.scipy.org/doc/scipy/reference/generated/scipy.odr.ODR.set_iprint.html#scipy.odr.ODR.set_iprint
note,Release notes,https://docs.scipy.org/doc/scipy/reference/generated/scipy.odr.ODR.set_job.html#scipy.odr.ODR.set_job
note,Notes,https://docs.scipy.org/doc/scipy/reference/generated/scipy.odr.ODR.set_job.html#scipy.odr.ODR.set_job
permissible,The permissible values are different from those given on pg.,https://docs.scipy.org/doc/scipy/reference/generated/scipy.odr.ODR.set_job.html#scipy.odr.ODR.set_job
only,"31 of the
ODRPACK User’s Guide only in that one cannot specify numbers greater than
the last value for each variable.",https://docs.scipy.org/doc/scipy/reference/generated/scipy.odr.ODR.set_job.html#scipy.odr.ODR.set_job
note,Release notes,https://docs.scipy.org/doc/scipy/reference/generated/scipy.odr.Output.pprint.html#scipy.odr.Output.pprint
note,Release notes,https://docs.scipy.org/doc/scipy/reference/generated/scipy.optimize.OptimizeResult.keys.html#scipy.optimize.OptimizeResult.keys
note,Release notes,https://docs.scipy.org/doc/scipy/reference/generated/scipy.optimize.OptimizeResult.__getitem__.html#scipy.optimize.OptimizeResult.__getitem__
note,Release notes,https://docs.scipy.org/doc/scipy/reference/generated/scipy.optimize.OptimizeResult.__len__.html#scipy.optimize.OptimizeResult.__len__
note,Release notes,https://docs.scipy.org/doc/scipy/reference/generated/scipy.optimize.OptimizeResult.clear.html#scipy.optimize.OptimizeResult.clear
note,Release notes,https://docs.scipy.org/doc/scipy/reference/generated/scipy.optimize.OptimizeResult.copy.html#scipy.optimize.OptimizeResult.copy
note,Release notes,https://docs.scipy.org/doc/scipy/reference/generated/scipy.optimize.OptimizeResult.fromkeys.html#scipy.optimize.OptimizeResult.fromkeys
note,Release notes,https://docs.scipy.org/doc/scipy/reference/generated/scipy.optimize.OptimizeResult.get.html#scipy.optimize.OptimizeResult.get
note,Release notes,https://docs.scipy.org/doc/scipy/reference/generated/scipy.optimize.OptimizeResult.items.html#scipy.optimize.OptimizeResult.items
note,Release notes,https://docs.scipy.org/doc/scipy/reference/generated/scipy.optimize.OptimizeResult.pop.html#scipy.optimize.OptimizeResult.pop
note,Release notes,https://docs.scipy.org/doc/scipy/reference/generated/scipy.optimize.OptimizeResult.popitem.html#scipy.optimize.OptimizeResult.popitem
note,Release notes,https://docs.scipy.org/doc/scipy/reference/generated/scipy.optimize.OptimizeResult.setdefault.html#scipy.optimize.OptimizeResult.setdefault
note,Release notes,https://docs.scipy.org/doc/scipy/reference/generated/scipy.optimize.OptimizeResult.update.html#scipy.optimize.OptimizeResult.update
note,Release notes,https://docs.scipy.org/doc/scipy/reference/generated/scipy.optimize.OptimizeResult.values.html#scipy.optimize.OptimizeResult.values
note,Release notes,https://docs.scipy.org/doc/scipy/reference/generated/scipy.optimize.RootResults.__getitem__.html#scipy.optimize.RootResults.__getitem__
note,Release notes,https://docs.scipy.org/doc/scipy/reference/generated/scipy.optimize.RootResults.__len__.html#scipy.optimize.RootResults.__len__
note,Release notes,https://docs.scipy.org/doc/scipy/reference/generated/scipy.optimize.RootResults.clear.html#scipy.optimize.RootResults.clear
note,Release notes,https://docs.scipy.org/doc/scipy/reference/generated/scipy.optimize.RootResults.copy.html#scipy.optimize.RootResults.copy
note,Release notes,https://docs.scipy.org/doc/scipy/reference/generated/scipy.optimize.RootResults.fromkeys.html#scipy.optimize.RootResults.fromkeys
note,Release notes,https://docs.scipy.org/doc/scipy/reference/generated/scipy.optimize.RootResults.get.html#scipy.optimize.RootResults.get
note,Release notes,https://docs.scipy.org/doc/scipy/reference/generated/scipy.optimize.RootResults.items.html#scipy.optimize.RootResults.items
note,Release notes,https://docs.scipy.org/doc/scipy/reference/generated/scipy.optimize.RootResults.keys.html#scipy.optimize.RootResults.keys
note,Release notes,https://docs.scipy.org/doc/scipy/reference/generated/scipy.optimize.RootResults.pop.html#scipy.optimize.RootResults.pop
note,Release notes,https://docs.scipy.org/doc/scipy/reference/generated/scipy.optimize.RootResults.popitem.html#scipy.optimize.RootResults.popitem
note,Release notes,https://docs.scipy.org/doc/scipy/reference/generated/scipy.optimize.RootResults.setdefault.html#scipy.optimize.RootResults.setdefault
note,Release notes,https://docs.scipy.org/doc/scipy/reference/generated/scipy.optimize.RootResults.update.html#scipy.optimize.RootResults.update
note,Release notes,https://docs.scipy.org/doc/scipy/reference/generated/scipy.optimize.RootResults.values.html#scipy.optimize.RootResults.values
note,Release notes,https://docs.scipy.org/doc/scipy/reference/generated/scipy.optimize.LbfgsInvHessProduct.H.html#scipy.optimize.LbfgsInvHessProduct.H
note,Release notes,https://docs.scipy.org/doc/scipy/reference/generated/scipy.optimize.LbfgsInvHessProduct.T.html#scipy.optimize.LbfgsInvHessProduct.T
note,Release notes,https://docs.scipy.org/doc/scipy/reference/generated/scipy.optimize.LbfgsInvHessProduct.__call__.html#scipy.optimize.LbfgsInvHessProduct.__call__
note,Release notes,https://docs.scipy.org/doc/scipy/reference/generated/scipy.optimize.LbfgsInvHessProduct.adjoint.html#scipy.optimize.LbfgsInvHessProduct.adjoint
note,Release notes,https://docs.scipy.org/doc/scipy/reference/generated/scipy.optimize.LbfgsInvHessProduct.dot.html#scipy.optimize.LbfgsInvHessProduct.dot
note,Release notes,https://docs.scipy.org/doc/scipy/reference/generated/scipy.optimize.LbfgsInvHessProduct.matmat.html#scipy.optimize.LbfgsInvHessProduct.matmat
note,Notes,https://docs.scipy.org/doc/scipy/reference/generated/scipy.optimize.LbfgsInvHessProduct.matmat.html#scipy.optimize.LbfgsInvHessProduct.matmat
note,Release notes,https://docs.scipy.org/doc/scipy/reference/generated/scipy.optimize.LbfgsInvHessProduct.matvec.html#scipy.optimize.LbfgsInvHessProduct.matvec
note,Notes,https://docs.scipy.org/doc/scipy/reference/generated/scipy.optimize.LbfgsInvHessProduct.matvec.html#scipy.optimize.LbfgsInvHessProduct.matvec
note,Release notes,https://docs.scipy.org/doc/scipy/reference/generated/scipy.optimize.LbfgsInvHessProduct.rmatmat.html#scipy.optimize.LbfgsInvHessProduct.rmatmat
note,Notes,https://docs.scipy.org/doc/scipy/reference/generated/scipy.optimize.LbfgsInvHessProduct.rmatmat.html#scipy.optimize.LbfgsInvHessProduct.rmatmat
note,Release notes,https://docs.scipy.org/doc/scipy/reference/generated/scipy.optimize.LbfgsInvHessProduct.rmatvec.html#scipy.optimize.LbfgsInvHessProduct.rmatvec
note,Notes,https://docs.scipy.org/doc/scipy/reference/generated/scipy.optimize.LbfgsInvHessProduct.rmatvec.html#scipy.optimize.LbfgsInvHessProduct.rmatvec
note,Release notes,https://docs.scipy.org/doc/scipy/reference/generated/scipy.optimize.LbfgsInvHessProduct.todense.html#scipy.optimize.LbfgsInvHessProduct.todense
note,Release notes,https://docs.scipy.org/doc/scipy/reference/generated/scipy.signal.lti.zeros.html#scipy.signal.lti.zeros
note,Release notes,https://docs.scipy.org/doc/scipy/reference/generated/scipy.signal.lti.dt.html#scipy.signal.lti.dt
note,Release notes,https://docs.scipy.org/doc/scipy/reference/generated/scipy.signal.lti.poles.html#scipy.signal.lti.poles
note,Release notes,https://docs.scipy.org/doc/scipy/reference/generated/scipy.signal.lti.bode.html#scipy.signal.lti.bode
note,Release notes,https://docs.scipy.org/doc/scipy/reference/generated/scipy.signal.lti.freqresp.html#scipy.signal.lti.freqresp
note,Release notes,https://docs.scipy.org/doc/scipy/reference/generated/scipy.signal.lti.impulse.html#scipy.signal.lti.impulse
note,Release notes,https://docs.scipy.org/doc/scipy/reference/generated/scipy.signal.lti.output.html#scipy.signal.lti.output
note,Release notes,https://docs.scipy.org/doc/scipy/reference/generated/scipy.signal.lti.step.html#scipy.signal.lti.step
note,Release notes,https://docs.scipy.org/doc/scipy/reference/generated/scipy.signal.lti.to_discrete.html#scipy.signal.lti.to_discrete
note,Release notes,https://docs.scipy.org/doc/scipy/reference/generated/scipy.signal.StateSpace.zeros.html#scipy.signal.StateSpace.zeros
note,Release notes,https://docs.scipy.org/doc/scipy/reference/generated/scipy.signal.StateSpace.poles.html#scipy.signal.StateSpace.poles
note,Release notes,https://docs.scipy.org/doc/scipy/reference/generated/scipy.signal.StateSpace.A.html#scipy.signal.StateSpace.A
note,Release notes,https://docs.scipy.org/doc/scipy/reference/generated/scipy.signal.StateSpace.B.html#scipy.signal.StateSpace.B
note,Release notes,https://docs.scipy.org/doc/scipy/reference/generated/scipy.signal.StateSpace.C.html#scipy.signal.StateSpace.C
note,Release notes,https://docs.scipy.org/doc/scipy/reference/generated/scipy.signal.StateSpace.D.html#scipy.signal.StateSpace.D
note,Release notes,https://docs.scipy.org/doc/scipy/reference/generated/scipy.signal.StateSpace.dt.html#scipy.signal.StateSpace.dt
note,Release notes,https://docs.scipy.org/doc/scipy/reference/generated/scipy.signal.StateSpace.__mul__.html#scipy.signal.StateSpace.__mul__
note,Notes,https://docs.scipy.org/doc/scipy/reference/generated/scipy.signal.StateSpace.__mul__.html#scipy.signal.StateSpace.__mul__
note,Release notes,https://docs.scipy.org/doc/scipy/reference/generated/scipy.signal.StateSpace.to_ss.html#scipy.signal.StateSpace.to_ss
note,Release notes,https://docs.scipy.org/doc/scipy/reference/generated/scipy.signal.StateSpace.to_tf.html#scipy.signal.StateSpace.to_tf
note,Release notes,https://docs.scipy.org/doc/scipy/reference/generated/scipy.signal.StateSpace.to_zpk.html#scipy.signal.StateSpace.to_zpk
note,Release notes,https://docs.scipy.org/doc/scipy/reference/generated/scipy.signal.TransferFunction.num.html#scipy.signal.TransferFunction.num
note,Release notes,https://docs.scipy.org/doc/scipy/reference/generated/scipy.signal.TransferFunction.den.html#scipy.signal.TransferFunction.den
note,Release notes,https://docs.scipy.org/doc/scipy/reference/generated/scipy.signal.TransferFunction.dt.html#scipy.signal.TransferFunction.dt
note,Release notes,https://docs.scipy.org/doc/scipy/reference/generated/scipy.signal.TransferFunction.poles.html#scipy.signal.TransferFunction.poles
note,Release notes,https://docs.scipy.org/doc/scipy/reference/generated/scipy.signal.TransferFunction.zeros.html#scipy.signal.TransferFunction.zeros
note,Release notes,https://docs.scipy.org/doc/scipy/reference/generated/scipy.signal.TransferFunction.to_ss.html#scipy.signal.TransferFunction.to_ss
note,Release notes,https://docs.scipy.org/doc/scipy/reference/generated/scipy.signal.TransferFunction.to_tf.html#scipy.signal.TransferFunction.to_tf
note,Release notes,https://docs.scipy.org/doc/scipy/reference/generated/scipy.signal.TransferFunction.to_zpk.html#scipy.signal.TransferFunction.to_zpk
note,Release notes,https://docs.scipy.org/doc/scipy/reference/generated/scipy.signal.ZerosPolesGain.gain.html#scipy.signal.ZerosPolesGain.gain
note,Release notes,https://docs.scipy.org/doc/scipy/reference/generated/scipy.signal.ZerosPolesGain.zeros.html#scipy.signal.ZerosPolesGain.zeros
note,Release notes,https://docs.scipy.org/doc/scipy/reference/generated/scipy.signal.ZerosPolesGain.poles.html#scipy.signal.ZerosPolesGain.poles
note,Release notes,https://docs.scipy.org/doc/scipy/reference/generated/scipy.signal.ZerosPolesGain.dt.html#scipy.signal.ZerosPolesGain.dt
note,Release notes,https://docs.scipy.org/doc/scipy/reference/generated/scipy.signal.ZerosPolesGain.to_ss.html#scipy.signal.ZerosPolesGain.to_ss
note,Release notes,https://docs.scipy.org/doc/scipy/reference/generated/scipy.signal.ZerosPolesGain.to_tf.html#scipy.signal.ZerosPolesGain.to_tf
note,Release notes,https://docs.scipy.org/doc/scipy/reference/generated/scipy.signal.ZerosPolesGain.to_zpk.html#scipy.signal.ZerosPolesGain.to_zpk
note,Release notes,https://docs.scipy.org/doc/scipy/reference/generated/scipy.signal.dlti.zeros.html#scipy.signal.dlti.zeros
note,Release notes,https://docs.scipy.org/doc/scipy/reference/generated/scipy.signal.dlti.dt.html#scipy.signal.dlti.dt
note,Release notes,https://docs.scipy.org/doc/scipy/reference/generated/scipy.signal.dlti.poles.html#scipy.signal.dlti.poles
note,Release notes,https://docs.scipy.org/doc/scipy/reference/generated/scipy.signal.dlti.bode.html#scipy.signal.dlti.bode
note,Release notes,https://docs.scipy.org/doc/scipy/reference/generated/scipy.signal.dlti.freqresp.html#scipy.signal.dlti.freqresp
note,Release notes,https://docs.scipy.org/doc/scipy/reference/generated/scipy.signal.dlti.impulse.html#scipy.signal.dlti.impulse
note,Release notes,https://docs.scipy.org/doc/scipy/reference/generated/scipy.signal.dlti.output.html#scipy.signal.dlti.output
note,Release notes,https://docs.scipy.org/doc/scipy/reference/generated/scipy.signal.dlti.step.html#scipy.signal.dlti.step
note,Release notes,https://docs.scipy.org/doc/scipy/reference/generated/scipy.signal.CZT.__call__.html#scipy.signal.CZT.__call__
note,Release notes,https://docs.scipy.org/doc/scipy/reference/generated/scipy.signal.CZT.points.html#scipy.signal.CZT.points
note,Release notes,https://docs.scipy.org/doc/scipy/reference/generated/scipy.signal.ZoomFFT.__call__.html#scipy.signal.ZoomFFT.__call__
note,Release notes,https://docs.scipy.org/doc/scipy/reference/generated/scipy.signal.ZoomFFT.points.html#scipy.signal.ZoomFFT.points
note,Release notes,https://docs.scipy.org/doc/scipy/reference/generated/scipy.sparse.bsr_matrix.shape.html#scipy.sparse.bsr_matrix.shape
note,Release notes,https://docs.scipy.org/doc/scipy/reference/generated/scipy.sparse.bsr_matrix.nnz.html#scipy.sparse.bsr_matrix.nnz
note,Release notes,https://docs.scipy.org/doc/scipy/reference/generated/scipy.sparse.bsr_matrix.size.html#scipy.sparse.bsr_matrix.size
note,Release notes,https://docs.scipy.org/doc/scipy/reference/generated/scipy.sparse.bsr_matrix.blocksize.html#scipy.sparse.bsr_matrix.blocksize
note,Release notes,https://docs.scipy.org/doc/scipy/reference/generated/scipy.sparse.bsr_matrix.has_sorted_indices.html#scipy.sparse.bsr_matrix.has_sorted_indices
note,Release notes,https://docs.scipy.org/doc/scipy/reference/generated/scipy.sparse.bsr_matrix.has_canonical_format.html#scipy.sparse.bsr_matrix.has_canonical_format
note,Release notes,https://docs.scipy.org/doc/scipy/reference/generated/scipy.sparse.bsr_matrix.T.html#scipy.sparse.bsr_matrix.T
note,Release notes,https://docs.scipy.org/doc/scipy/reference/generated/scipy.sparse.bsr_matrix.__len__.html#scipy.sparse.bsr_matrix.__len__
note,Release notes,https://docs.scipy.org/doc/scipy/reference/generated/scipy.sparse.bsr_matrix.__mul__.html#scipy.sparse.bsr_matrix.__mul__
note,Release notes,https://docs.scipy.org/doc/scipy/reference/generated/scipy.sparse.bsr_matrix.arcsin.html#scipy.sparse.bsr_matrix.arcsin
note,Release notes,https://docs.scipy.org/doc/scipy/reference/generated/scipy.sparse.bsr_matrix.arcsinh.html#scipy.sparse.bsr_matrix.arcsinh
note,Release notes,https://docs.scipy.org/doc/scipy/reference/generated/scipy.sparse.bsr_matrix.arctan.html#scipy.sparse.bsr_matrix.arctan
note,Release notes,https://docs.scipy.org/doc/scipy/reference/generated/scipy.sparse.bsr_matrix.arctanh.html#scipy.sparse.bsr_matrix.arctanh
note,Release notes,https://docs.scipy.org/doc/scipy/reference/generated/scipy.sparse.bsr_matrix.argmax.html#scipy.sparse.bsr_matrix.argmax
note,Release notes,https://docs.scipy.org/doc/scipy/reference/generated/scipy.sparse.bsr_matrix.argmin.html#scipy.sparse.bsr_matrix.argmin
note,Release notes,https://docs.scipy.org/doc/scipy/reference/generated/scipy.sparse.bsr_matrix.asformat.html#scipy.sparse.bsr_matrix.asformat
note,Release notes,https://docs.scipy.org/doc/scipy/reference/generated/scipy.sparse.bsr_matrix.asfptype.html#scipy.sparse.bsr_matrix.asfptype
note,Release notes,https://docs.scipy.org/doc/scipy/reference/generated/scipy.sparse.bsr_matrix.astype.html#scipy.sparse.bsr_matrix.astype
should,‘no’ means the data types should not be cast at all.,https://docs.scipy.org/doc/scipy/reference/generated/scipy.sparse.bsr_matrix.astype.html#scipy.sparse.bsr_matrix.astype
only,‘equiv’ means only byte-order changes are allowed.,https://docs.scipy.org/doc/scipy/reference/generated/scipy.sparse.bsr_matrix.astype.html#scipy.sparse.bsr_matrix.astype
only,‘safe’ means only casts which can preserve values are allowed.,https://docs.scipy.org/doc/scipy/reference/generated/scipy.sparse.bsr_matrix.astype.html#scipy.sparse.bsr_matrix.astype
only,"‘same_kind’ means only safe casts or casts within a kind,
like float64 to float32, are allowed.",https://docs.scipy.org/doc/scipy/reference/generated/scipy.sparse.bsr_matrix.astype.html#scipy.sparse.bsr_matrix.astype
note,Release notes,https://docs.scipy.org/doc/scipy/reference/generated/scipy.sparse.bsr_matrix.ceil.html#scipy.sparse.bsr_matrix.ceil
note,Release notes,https://docs.scipy.org/doc/scipy/reference/generated/scipy.sparse.bsr_matrix.check_format.html#scipy.sparse.bsr_matrix.check_format
note,"Note that activating those check might copy arrays for casting,
modifying indices and index pointers’ inplace.",https://docs.scipy.org/doc/scipy/reference/generated/scipy.sparse.bsr_matrix.check_format.html#scipy.sparse.bsr_matrix.check_format
note,Release notes,https://docs.scipy.org/doc/scipy/reference/generated/scipy.sparse.bsr_matrix.conj.html#scipy.sparse.bsr_matrix.conj
note,Release notes,https://docs.scipy.org/doc/scipy/reference/generated/scipy.sparse.bsr_matrix.conjugate.html#scipy.sparse.bsr_matrix.conjugate
note,Release notes,https://docs.scipy.org/doc/scipy/reference/generated/scipy.sparse.bsr_matrix.copy.html#scipy.sparse.bsr_matrix.copy
note,Release notes,https://docs.scipy.org/doc/scipy/reference/generated/scipy.sparse.bsr_matrix.count_nonzero.html#scipy.sparse.bsr_matrix.count_nonzero
note,Release notes,https://docs.scipy.org/doc/scipy/reference/generated/scipy.sparse.bsr_matrix.deg2rad.html#scipy.sparse.bsr_matrix.deg2rad
note,Release notes,https://docs.scipy.org/doc/scipy/reference/generated/scipy.sparse.bsr_matrix.diagonal.html#scipy.sparse.bsr_matrix.diagonal
note,Release notes,https://docs.scipy.org/doc/scipy/reference/generated/scipy.sparse.bsr_matrix.dot.html#scipy.sparse.bsr_matrix.dot
note,Release notes,https://docs.scipy.org/doc/scipy/reference/generated/scipy.sparse.bsr_matrix.eliminate_zeros.html#scipy.sparse.bsr_matrix.eliminate_zeros
note,Release notes,https://docs.scipy.org/doc/scipy/reference/generated/scipy.sparse.bsr_matrix.expm1.html#scipy.sparse.bsr_matrix.expm1
note,Release notes,https://docs.scipy.org/doc/scipy/reference/generated/scipy.sparse.bsr_matrix.floor.html#scipy.sparse.bsr_matrix.floor
note,Release notes,https://docs.scipy.org/doc/scipy/reference/generated/scipy.sparse.bsr_matrix.getH.html#scipy.sparse.bsr_matrix.getH
note,Release notes,https://docs.scipy.org/doc/scipy/reference/generated/scipy.sparse.bsr_matrix.get_shape.html#scipy.sparse.bsr_matrix.get_shape
note,Release notes,https://docs.scipy.org/doc/scipy/reference/generated/scipy.sparse.bsr_matrix.getcol.html#scipy.sparse.bsr_matrix.getcol
note,Release notes,https://docs.scipy.org/doc/scipy/reference/generated/scipy.sparse.bsr_matrix.getformat.html#scipy.sparse.bsr_matrix.getformat
note,Release notes,https://docs.scipy.org/doc/scipy/reference/generated/scipy.sparse.bsr_matrix.getmaxprint.html#scipy.sparse.bsr_matrix.getmaxprint
note,Release notes,https://docs.scipy.org/doc/scipy/reference/generated/scipy.sparse.bsr_matrix.getnnz.html#scipy.sparse.bsr_matrix.getnnz
note,Release notes,https://docs.scipy.org/doc/scipy/reference/generated/scipy.sparse.bsr_matrix.getrow.html#scipy.sparse.bsr_matrix.getrow
note,Release notes,https://docs.scipy.org/doc/scipy/reference/generated/scipy.sparse.bsr_matrix.log1p.html#scipy.sparse.bsr_matrix.log1p
note,Release notes,https://docs.scipy.org/doc/scipy/reference/generated/scipy.sparse.bsr_matrix.max.html#scipy.sparse.bsr_matrix.max
note,Release notes,https://docs.scipy.org/doc/scipy/reference/generated/scipy.sparse.bsr_matrix.maximum.html#scipy.sparse.bsr_matrix.maximum
note,Release notes,https://docs.scipy.org/doc/scipy/reference/generated/scipy.sparse.bsr_matrix.mean.html#scipy.sparse.bsr_matrix.mean
must,"It must
have the same shape as the expected output, but the type of the
output values will be cast if necessary.",https://docs.scipy.org/doc/scipy/reference/generated/scipy.sparse.bsr_matrix.mean.html#scipy.sparse.bsr_matrix.mean
note,Release notes,https://docs.scipy.org/doc/scipy/reference/generated/scipy.sparse.bsr_matrix.min.html#scipy.sparse.bsr_matrix.min
note,Release notes,https://docs.scipy.org/doc/scipy/reference/generated/scipy.sparse.bsr_matrix.minimum.html#scipy.sparse.bsr_matrix.minimum
note,Release notes,https://docs.scipy.org/doc/scipy/reference/generated/scipy.sparse.bsr_matrix.multiply.html#scipy.sparse.bsr_matrix.multiply
note,Release notes,https://docs.scipy.org/doc/scipy/reference/generated/scipy.sparse.bsr_matrix.nanmax.html#scipy.sparse.bsr_matrix.nanmax
note,Release notes,https://docs.scipy.org/doc/scipy/reference/generated/scipy.sparse.bsr_matrix.nanmin.html#scipy.sparse.bsr_matrix.nanmin
note,Release notes,https://docs.scipy.org/doc/scipy/reference/generated/scipy.sparse.bsr_matrix.nonzero.html#scipy.sparse.bsr_matrix.nonzero
note,Release notes,https://docs.scipy.org/doc/scipy/reference/generated/scipy.sparse.bsr_matrix.power.html#scipy.sparse.bsr_matrix.power
note,Release notes,https://docs.scipy.org/doc/scipy/reference/generated/scipy.sparse.bsr_matrix.prune.html#scipy.sparse.bsr_matrix.prune
note,Release notes,https://docs.scipy.org/doc/scipy/reference/generated/scipy.sparse.bsr_matrix.rad2deg.html#scipy.sparse.bsr_matrix.rad2deg
note,Release notes,https://docs.scipy.org/doc/scipy/reference/generated/scipy.sparse.bsr_matrix.reshape.html#scipy.sparse.bsr_matrix.reshape
should,The new shape should be compatible with the original shape.,https://docs.scipy.org/doc/scipy/reference/generated/scipy.sparse.bsr_matrix.reshape.html#scipy.sparse.bsr_matrix.reshape
should,"Indicates whether or not attributes of self should be copied
whenever possible.",https://docs.scipy.org/doc/scipy/reference/generated/scipy.sparse.bsr_matrix.reshape.html#scipy.sparse.bsr_matrix.reshape
note,Release notes,https://docs.scipy.org/doc/scipy/reference/generated/scipy.sparse.bsr_matrix.resize.html#scipy.sparse.bsr_matrix.resize
note,Notes,https://docs.scipy.org/doc/scipy/reference/generated/scipy.sparse.bsr_matrix.resize.html#scipy.sparse.bsr_matrix.resize
note,Release notes,https://docs.scipy.org/doc/scipy/reference/generated/scipy.sparse.bsr_matrix.rint.html#scipy.sparse.bsr_matrix.rint
note,Release notes,https://docs.scipy.org/doc/scipy/reference/generated/scipy.sparse.bsr_matrix.set_shape.html#scipy.sparse.bsr_matrix.set_shape
note,Release notes,https://docs.scipy.org/doc/scipy/reference/generated/scipy.sparse.bsr_matrix.setdiag.html#scipy.sparse.bsr_matrix.setdiag
note,Release notes,https://docs.scipy.org/doc/scipy/reference/generated/scipy.sparse.bsr_matrix.sign.html#scipy.sparse.bsr_matrix.sign
note,Release notes,https://docs.scipy.org/doc/scipy/reference/generated/scipy.sparse.bsr_matrix.sin.html#scipy.sparse.bsr_matrix.sin
note,Release notes,https://docs.scipy.org/doc/scipy/reference/generated/scipy.sparse.bsr_matrix.sinh.html#scipy.sparse.bsr_matrix.sinh
note,Release notes,https://docs.scipy.org/doc/scipy/reference/generated/scipy.sparse.bsr_matrix.sort_indices.html#scipy.sparse.bsr_matrix.sort_indices
note,Release notes,https://docs.scipy.org/doc/scipy/reference/generated/scipy.sparse.bsr_matrix.sorted_indices.html#scipy.sparse.bsr_matrix.sorted_indices
note,Release notes,https://docs.scipy.org/doc/scipy/reference/generated/scipy.sparse.bsr_matrix.sqrt.html#scipy.sparse.bsr_matrix.sqrt
note,Release notes,https://docs.scipy.org/doc/scipy/reference/generated/scipy.sparse.bsr_matrix.sum.html#scipy.sparse.bsr_matrix.sum
must,"It must
have the same shape as the expected output, but the type of the
output values will be cast if necessary.",https://docs.scipy.org/doc/scipy/reference/generated/scipy.sparse.bsr_matrix.sum.html#scipy.sparse.bsr_matrix.sum
note,Release notes,https://docs.scipy.org/doc/scipy/reference/generated/scipy.sparse.bsr_matrix.sum_duplicates.html#scipy.sparse.bsr_matrix.sum_duplicates
note,Release notes,https://docs.scipy.org/doc/scipy/reference/generated/scipy.sparse.bsr_matrix.tan.html#scipy.sparse.bsr_matrix.tan
note,Release notes,https://docs.scipy.org/doc/scipy/reference/generated/scipy.sparse.bsr_matrix.tanh.html#scipy.sparse.bsr_matrix.tanh
note,Release notes,https://docs.scipy.org/doc/scipy/reference/generated/scipy.sparse.bsr_matrix.toarray.html#scipy.sparse.bsr_matrix.toarray
must,"The provided
array must have the same shape and dtype as the sparse
array/matrix on which you are calling the method.",https://docs.scipy.org/doc/scipy/reference/generated/scipy.sparse.bsr_matrix.toarray.html#scipy.sparse.bsr_matrix.toarray
note,Release notes,https://docs.scipy.org/doc/scipy/reference/generated/scipy.sparse.bsr_matrix.tobsr.html#scipy.sparse.bsr_matrix.tobsr
note,Release notes,https://docs.scipy.org/doc/scipy/reference/generated/scipy.sparse.bsr_matrix.tocoo.html#scipy.sparse.bsr_matrix.tocoo
note,Release notes,https://docs.scipy.org/doc/scipy/reference/generated/scipy.sparse.bsr_matrix.todense.html#scipy.sparse.bsr_matrix.todense
must,"The provided array must have the same shape and
dtype as the sparse array/matrix on which you are calling the
method.",https://docs.scipy.org/doc/scipy/reference/generated/scipy.sparse.bsr_matrix.todense.html#scipy.sparse.bsr_matrix.todense
note,Release notes,https://docs.scipy.org/doc/scipy/reference/generated/scipy.sparse.bsr_matrix.todia.html#scipy.sparse.bsr_matrix.todia
note,Release notes,https://docs.scipy.org/doc/scipy/reference/generated/scipy.sparse.bsr_matrix.todok.html#scipy.sparse.bsr_matrix.todok
note,Release notes,https://docs.scipy.org/doc/scipy/reference/generated/scipy.sparse.bsr_matrix.tolil.html#scipy.sparse.bsr_matrix.tolil
note,Release notes,https://docs.scipy.org/doc/scipy/reference/generated/scipy.sparse.bsr_matrix.trace.html#scipy.sparse.bsr_matrix.trace
note,Release notes,https://docs.scipy.org/doc/scipy/reference/generated/scipy.sparse.bsr_matrix.transpose.html#scipy.sparse.bsr_matrix.transpose
should,"Indicates whether or not attributes of self should be
copied whenever possible.",https://docs.scipy.org/doc/scipy/reference/generated/scipy.sparse.bsr_matrix.transpose.html#scipy.sparse.bsr_matrix.transpose
note,Release notes,https://docs.scipy.org/doc/scipy/reference/generated/scipy.sparse.bsr_matrix.trunc.html#scipy.sparse.bsr_matrix.trunc
note,Release notes,https://docs.scipy.org/doc/scipy/reference/generated/scipy.sparse.coo_matrix.shape.html#scipy.sparse.coo_matrix.shape
note,Release notes,https://docs.scipy.org/doc/scipy/reference/generated/scipy.sparse.coo_matrix.nnz.html#scipy.sparse.coo_matrix.nnz
note,Release notes,https://docs.scipy.org/doc/scipy/reference/generated/scipy.sparse.coo_matrix.size.html#scipy.sparse.coo_matrix.size
note,Release notes,https://docs.scipy.org/doc/scipy/reference/generated/scipy.sparse.coo_matrix.format.html#scipy.sparse.coo_matrix.format
note,Release notes,https://docs.scipy.org/doc/scipy/reference/generated/scipy.sparse.coo_matrix.T.html#scipy.sparse.coo_matrix.T
note,Release notes,https://docs.scipy.org/doc/scipy/reference/generated/scipy.sparse.coo_matrix.__len__.html#scipy.sparse.coo_matrix.__len__
note,Release notes,https://docs.scipy.org/doc/scipy/reference/generated/scipy.sparse.coo_matrix.__mul__.html#scipy.sparse.coo_matrix.__mul__
note,Release notes,https://docs.scipy.org/doc/scipy/reference/generated/scipy.sparse.coo_matrix.arcsin.html#scipy.sparse.coo_matrix.arcsin
note,Release notes,https://docs.scipy.org/doc/scipy/reference/generated/scipy.sparse.coo_matrix.arcsinh.html#scipy.sparse.coo_matrix.arcsinh
note,Release notes,https://docs.scipy.org/doc/scipy/reference/generated/scipy.sparse.coo_matrix.arctan.html#scipy.sparse.coo_matrix.arctan
note,Release notes,https://docs.scipy.org/doc/scipy/reference/generated/scipy.sparse.coo_matrix.arctanh.html#scipy.sparse.coo_matrix.arctanh
note,Release notes,https://docs.scipy.org/doc/scipy/reference/generated/scipy.sparse.coo_matrix.argmax.html#scipy.sparse.coo_matrix.argmax
note,Release notes,https://docs.scipy.org/doc/scipy/reference/generated/scipy.sparse.coo_matrix.argmin.html#scipy.sparse.coo_matrix.argmin
note,Release notes,https://docs.scipy.org/doc/scipy/reference/generated/scipy.sparse.coo_matrix.asformat.html#scipy.sparse.coo_matrix.asformat
note,Release notes,https://docs.scipy.org/doc/scipy/reference/generated/scipy.sparse.coo_matrix.asfptype.html#scipy.sparse.coo_matrix.asfptype
note,Release notes,https://docs.scipy.org/doc/scipy/reference/generated/scipy.sparse.coo_matrix.astype.html#scipy.sparse.coo_matrix.astype
should,‘no’ means the data types should not be cast at all.,https://docs.scipy.org/doc/scipy/reference/generated/scipy.sparse.coo_matrix.astype.html#scipy.sparse.coo_matrix.astype
only,‘equiv’ means only byte-order changes are allowed.,https://docs.scipy.org/doc/scipy/reference/generated/scipy.sparse.coo_matrix.astype.html#scipy.sparse.coo_matrix.astype
only,‘safe’ means only casts which can preserve values are allowed.,https://docs.scipy.org/doc/scipy/reference/generated/scipy.sparse.coo_matrix.astype.html#scipy.sparse.coo_matrix.astype
only,"‘same_kind’ means only safe casts or casts within a kind,
like float64 to float32, are allowed.",https://docs.scipy.org/doc/scipy/reference/generated/scipy.sparse.coo_matrix.astype.html#scipy.sparse.coo_matrix.astype
note,Release notes,https://docs.scipy.org/doc/scipy/reference/generated/scipy.sparse.coo_matrix.ceil.html#scipy.sparse.coo_matrix.ceil
note,Release notes,https://docs.scipy.org/doc/scipy/reference/generated/scipy.sparse.coo_matrix.conj.html#scipy.sparse.coo_matrix.conj
note,Release notes,https://docs.scipy.org/doc/scipy/reference/generated/scipy.sparse.coo_matrix.conjugate.html#scipy.sparse.coo_matrix.conjugate
note,Release notes,https://docs.scipy.org/doc/scipy/reference/generated/scipy.sparse.coo_matrix.copy.html#scipy.sparse.coo_matrix.copy
note,Release notes,https://docs.scipy.org/doc/scipy/reference/generated/scipy.sparse.coo_matrix.count_nonzero.html#scipy.sparse.coo_matrix.count_nonzero
note,Release notes,https://docs.scipy.org/doc/scipy/reference/generated/scipy.sparse.coo_matrix.deg2rad.html#scipy.sparse.coo_matrix.deg2rad
note,Release notes,https://docs.scipy.org/doc/scipy/reference/generated/scipy.sparse.coo_matrix.diagonal.html#scipy.sparse.coo_matrix.diagonal
note,Release notes,https://docs.scipy.org/doc/scipy/reference/generated/scipy.sparse.coo_matrix.dot.html#scipy.sparse.coo_matrix.dot
note,Release notes,https://docs.scipy.org/doc/scipy/reference/generated/scipy.sparse.coo_matrix.eliminate_zeros.html#scipy.sparse.coo_matrix.eliminate_zeros
note,Release notes,https://docs.scipy.org/doc/scipy/reference/generated/scipy.sparse.coo_matrix.expm1.html#scipy.sparse.coo_matrix.expm1
note,Release notes,https://docs.scipy.org/doc/scipy/reference/generated/scipy.sparse.coo_matrix.floor.html#scipy.sparse.coo_matrix.floor
note,Release notes,https://docs.scipy.org/doc/scipy/reference/generated/scipy.sparse.coo_matrix.getH.html#scipy.sparse.coo_matrix.getH
note,Release notes,https://docs.scipy.org/doc/scipy/reference/generated/scipy.sparse.coo_matrix.get_shape.html#scipy.sparse.coo_matrix.get_shape
note,Release notes,https://docs.scipy.org/doc/scipy/reference/generated/scipy.sparse.coo_matrix.getcol.html#scipy.sparse.coo_matrix.getcol
note,Release notes,https://docs.scipy.org/doc/scipy/reference/generated/scipy.sparse.coo_matrix.getformat.html#scipy.sparse.coo_matrix.getformat
note,Release notes,https://docs.scipy.org/doc/scipy/reference/generated/scipy.sparse.coo_matrix.getmaxprint.html#scipy.sparse.coo_matrix.getmaxprint
note,Release notes,https://docs.scipy.org/doc/scipy/reference/generated/scipy.sparse.coo_matrix.getnnz.html#scipy.sparse.coo_matrix.getnnz
note,Release notes,https://docs.scipy.org/doc/scipy/reference/generated/scipy.sparse.coo_matrix.getrow.html#scipy.sparse.coo_matrix.getrow
note,Release notes,https://docs.scipy.org/doc/scipy/reference/generated/scipy.sparse.coo_matrix.log1p.html#scipy.sparse.coo_matrix.log1p
note,Release notes,https://docs.scipy.org/doc/scipy/reference/generated/scipy.sparse.coo_matrix.max.html#scipy.sparse.coo_matrix.max
note,Release notes,https://docs.scipy.org/doc/scipy/reference/generated/scipy.sparse.coo_matrix.maximum.html#scipy.sparse.coo_matrix.maximum
note,Release notes,https://docs.scipy.org/doc/scipy/reference/generated/scipy.sparse.coo_matrix.mean.html#scipy.sparse.coo_matrix.mean
must,"It must
have the same shape as the expected output, but the type of the
output values will be cast if necessary.",https://docs.scipy.org/doc/scipy/reference/generated/scipy.sparse.coo_matrix.mean.html#scipy.sparse.coo_matrix.mean
note,Release notes,https://docs.scipy.org/doc/scipy/reference/generated/scipy.sparse.coo_matrix.min.html#scipy.sparse.coo_matrix.min
note,Release notes,https://docs.scipy.org/doc/scipy/reference/generated/scipy.sparse.coo_matrix.minimum.html#scipy.sparse.coo_matrix.minimum
note,Release notes,https://docs.scipy.org/doc/scipy/reference/generated/scipy.sparse.coo_matrix.multiply.html#scipy.sparse.coo_matrix.multiply
note,Release notes,https://docs.scipy.org/doc/scipy/reference/generated/scipy.sparse.coo_matrix.nanmax.html#scipy.sparse.coo_matrix.nanmax
note,Release notes,https://docs.scipy.org/doc/scipy/reference/generated/scipy.sparse.coo_matrix.nanmin.html#scipy.sparse.coo_matrix.nanmin
note,Release notes,https://docs.scipy.org/doc/scipy/reference/generated/scipy.sparse.coo_matrix.nonzero.html#scipy.sparse.coo_matrix.nonzero
note,Release notes,https://docs.scipy.org/doc/scipy/reference/generated/scipy.sparse.coo_matrix.power.html#scipy.sparse.coo_matrix.power
note,Release notes,https://docs.scipy.org/doc/scipy/reference/generated/scipy.sparse.coo_matrix.rad2deg.html#scipy.sparse.coo_matrix.rad2deg
note,Release notes,https://docs.scipy.org/doc/scipy/reference/generated/scipy.sparse.coo_matrix.reshape.html#scipy.sparse.coo_matrix.reshape
should,The new shape should be compatible with the original shape.,https://docs.scipy.org/doc/scipy/reference/generated/scipy.sparse.coo_matrix.reshape.html#scipy.sparse.coo_matrix.reshape
should,"Indicates whether or not attributes of self should be copied
whenever possible.",https://docs.scipy.org/doc/scipy/reference/generated/scipy.sparse.coo_matrix.reshape.html#scipy.sparse.coo_matrix.reshape
note,Release notes,https://docs.scipy.org/doc/scipy/reference/generated/scipy.sparse.coo_matrix.resize.html#scipy.sparse.coo_matrix.resize
note,Notes,https://docs.scipy.org/doc/scipy/reference/generated/scipy.sparse.coo_matrix.resize.html#scipy.sparse.coo_matrix.resize
note,Release notes,https://docs.scipy.org/doc/scipy/reference/generated/scipy.sparse.coo_matrix.rint.html#scipy.sparse.coo_matrix.rint
note,Release notes,https://docs.scipy.org/doc/scipy/reference/generated/scipy.sparse.coo_matrix.set_shape.html#scipy.sparse.coo_matrix.set_shape
note,Release notes,https://docs.scipy.org/doc/scipy/reference/generated/scipy.sparse.coo_matrix.setdiag.html#scipy.sparse.coo_matrix.setdiag
note,Release notes,https://docs.scipy.org/doc/scipy/reference/generated/scipy.sparse.coo_matrix.sign.html#scipy.sparse.coo_matrix.sign
note,Release notes,https://docs.scipy.org/doc/scipy/reference/generated/scipy.sparse.coo_matrix.sin.html#scipy.sparse.coo_matrix.sin
note,Release notes,https://docs.scipy.org/doc/scipy/reference/generated/scipy.sparse.coo_matrix.sinh.html#scipy.sparse.coo_matrix.sinh
note,Release notes,https://docs.scipy.org/doc/scipy/reference/generated/scipy.sparse.coo_matrix.sqrt.html#scipy.sparse.coo_matrix.sqrt
note,Release notes,https://docs.scipy.org/doc/scipy/reference/generated/scipy.sparse.coo_matrix.sum.html#scipy.sparse.coo_matrix.sum
must,"It must
have the same shape as the expected output, but the type of the
output values will be cast if necessary.",https://docs.scipy.org/doc/scipy/reference/generated/scipy.sparse.coo_matrix.sum.html#scipy.sparse.coo_matrix.sum
note,Release notes,https://docs.scipy.org/doc/scipy/reference/generated/scipy.sparse.coo_matrix.sum_duplicates.html#scipy.sparse.coo_matrix.sum_duplicates
note,Release notes,https://docs.scipy.org/doc/scipy/reference/generated/scipy.sparse.coo_matrix.tan.html#scipy.sparse.coo_matrix.tan
note,Release notes,https://docs.scipy.org/doc/scipy/reference/generated/scipy.sparse.coo_matrix.tanh.html#scipy.sparse.coo_matrix.tanh
note,Release notes,https://docs.scipy.org/doc/scipy/reference/generated/scipy.sparse.coo_matrix.toarray.html#scipy.sparse.coo_matrix.toarray
must,"The provided
array must have the same shape and dtype as the sparse
array/matrix on which you are calling the method.",https://docs.scipy.org/doc/scipy/reference/generated/scipy.sparse.coo_matrix.toarray.html#scipy.sparse.coo_matrix.toarray
note,Release notes,https://docs.scipy.org/doc/scipy/reference/generated/scipy.sparse.coo_matrix.tobsr.html#scipy.sparse.coo_matrix.tobsr
note,Release notes,https://docs.scipy.org/doc/scipy/reference/generated/scipy.sparse.coo_matrix.tocoo.html#scipy.sparse.coo_matrix.tocoo
note,Release notes,https://docs.scipy.org/doc/scipy/reference/generated/scipy.sparse.coo_matrix.tocsc.html#scipy.sparse.coo_matrix.tocsc
note,Release notes,https://docs.scipy.org/doc/scipy/reference/generated/scipy.sparse.coo_matrix.tocsr.html#scipy.sparse.coo_matrix.tocsr
note,Release notes,https://docs.scipy.org/doc/scipy/reference/generated/scipy.sparse.coo_matrix.todense.html#scipy.sparse.coo_matrix.todense
must,"The provided array must have the same shape and
dtype as the sparse array/matrix on which you are calling the
method.",https://docs.scipy.org/doc/scipy/reference/generated/scipy.sparse.coo_matrix.todense.html#scipy.sparse.coo_matrix.todense
note,Release notes,https://docs.scipy.org/doc/scipy/reference/generated/scipy.sparse.coo_matrix.todia.html#scipy.sparse.coo_matrix.todia
note,Release notes,https://docs.scipy.org/doc/scipy/reference/generated/scipy.sparse.coo_matrix.todok.html#scipy.sparse.coo_matrix.todok
note,Release notes,https://docs.scipy.org/doc/scipy/reference/generated/scipy.sparse.coo_matrix.tolil.html#scipy.sparse.coo_matrix.tolil
note,Release notes,https://docs.scipy.org/doc/scipy/reference/generated/scipy.sparse.coo_matrix.trace.html#scipy.sparse.coo_matrix.trace
note,Release notes,https://docs.scipy.org/doc/scipy/reference/generated/scipy.sparse.coo_matrix.transpose.html#scipy.sparse.coo_matrix.transpose
should,"Indicates whether or not attributes of self should be
copied whenever possible.",https://docs.scipy.org/doc/scipy/reference/generated/scipy.sparse.coo_matrix.transpose.html#scipy.sparse.coo_matrix.transpose
note,Release notes,https://docs.scipy.org/doc/scipy/reference/generated/scipy.sparse.coo_matrix.trunc.html#scipy.sparse.coo_matrix.trunc
note,Release notes,https://docs.scipy.org/doc/scipy/reference/generated/scipy.sparse.csc_matrix.shape.html#scipy.sparse.csc_matrix.shape
note,Release notes,https://docs.scipy.org/doc/scipy/reference/generated/scipy.sparse.csc_matrix.nnz.html#scipy.sparse.csc_matrix.nnz
note,Release notes,https://docs.scipy.org/doc/scipy/reference/generated/scipy.sparse.csc_matrix.size.html#scipy.sparse.csc_matrix.size
note,Release notes,https://docs.scipy.org/doc/scipy/reference/generated/scipy.sparse.csc_matrix.has_sorted_indices.html#scipy.sparse.csc_matrix.has_sorted_indices
note,Release notes,https://docs.scipy.org/doc/scipy/reference/generated/scipy.sparse.csc_matrix.has_canonical_format.html#scipy.sparse.csc_matrix.has_canonical_format
note,Release notes,https://docs.scipy.org/doc/scipy/reference/generated/scipy.sparse.csc_matrix.T.html#scipy.sparse.csc_matrix.T
note,Release notes,https://docs.scipy.org/doc/scipy/reference/generated/scipy.sparse.csc_matrix.__len__.html#scipy.sparse.csc_matrix.__len__
note,Release notes,https://docs.scipy.org/doc/scipy/reference/generated/scipy.sparse.csc_matrix.__mul__.html#scipy.sparse.csc_matrix.__mul__
note,Release notes,https://docs.scipy.org/doc/scipy/reference/generated/scipy.sparse.csc_matrix.arcsin.html#scipy.sparse.csc_matrix.arcsin
note,Release notes,https://docs.scipy.org/doc/scipy/reference/generated/scipy.sparse.csc_matrix.arcsinh.html#scipy.sparse.csc_matrix.arcsinh
note,Release notes,https://docs.scipy.org/doc/scipy/reference/generated/scipy.sparse.csc_matrix.arctan.html#scipy.sparse.csc_matrix.arctan
note,Release notes,https://docs.scipy.org/doc/scipy/reference/generated/scipy.sparse.csc_matrix.arctanh.html#scipy.sparse.csc_matrix.arctanh
note,Release notes,https://docs.scipy.org/doc/scipy/reference/generated/scipy.sparse.csc_matrix.argmax.html#scipy.sparse.csc_matrix.argmax
note,Release notes,https://docs.scipy.org/doc/scipy/reference/generated/scipy.sparse.csc_matrix.argmin.html#scipy.sparse.csc_matrix.argmin
note,Release notes,https://docs.scipy.org/doc/scipy/reference/generated/scipy.sparse.csc_matrix.asformat.html#scipy.sparse.csc_matrix.asformat
note,Release notes,https://docs.scipy.org/doc/scipy/reference/generated/scipy.sparse.csc_matrix.asfptype.html#scipy.sparse.csc_matrix.asfptype
note,Release notes,https://docs.scipy.org/doc/scipy/reference/generated/scipy.sparse.csc_matrix.astype.html#scipy.sparse.csc_matrix.astype
should,‘no’ means the data types should not be cast at all.,https://docs.scipy.org/doc/scipy/reference/generated/scipy.sparse.csc_matrix.astype.html#scipy.sparse.csc_matrix.astype
only,‘equiv’ means only byte-order changes are allowed.,https://docs.scipy.org/doc/scipy/reference/generated/scipy.sparse.csc_matrix.astype.html#scipy.sparse.csc_matrix.astype
only,‘safe’ means only casts which can preserve values are allowed.,https://docs.scipy.org/doc/scipy/reference/generated/scipy.sparse.csc_matrix.astype.html#scipy.sparse.csc_matrix.astype
only,"‘same_kind’ means only safe casts or casts within a kind,
like float64 to float32, are allowed.",https://docs.scipy.org/doc/scipy/reference/generated/scipy.sparse.csc_matrix.astype.html#scipy.sparse.csc_matrix.astype
note,Release notes,https://docs.scipy.org/doc/scipy/reference/generated/scipy.sparse.csc_matrix.ceil.html#scipy.sparse.csc_matrix.ceil
note,Release notes,https://docs.scipy.org/doc/scipy/reference/generated/scipy.sparse.csc_matrix.check_format.html#scipy.sparse.csc_matrix.check_format
note,"Note that activating those check might copy arrays for casting,
modifying indices and index pointers’ inplace.",https://docs.scipy.org/doc/scipy/reference/generated/scipy.sparse.csc_matrix.check_format.html#scipy.sparse.csc_matrix.check_format
note,Release notes,https://docs.scipy.org/doc/scipy/reference/generated/scipy.sparse.csc_matrix.conj.html#scipy.sparse.csc_matrix.conj
note,Release notes,https://docs.scipy.org/doc/scipy/reference/generated/scipy.sparse.csc_matrix.conjugate.html#scipy.sparse.csc_matrix.conjugate
note,Release notes,https://docs.scipy.org/doc/scipy/reference/generated/scipy.sparse.csc_matrix.copy.html#scipy.sparse.csc_matrix.copy
note,Release notes,https://docs.scipy.org/doc/scipy/reference/generated/scipy.sparse.csc_matrix.count_nonzero.html#scipy.sparse.csc_matrix.count_nonzero
note,Release notes,https://docs.scipy.org/doc/scipy/reference/generated/scipy.sparse.csc_matrix.deg2rad.html#scipy.sparse.csc_matrix.deg2rad
note,Release notes,https://docs.scipy.org/doc/scipy/reference/generated/scipy.sparse.csc_matrix.diagonal.html#scipy.sparse.csc_matrix.diagonal
note,Release notes,https://docs.scipy.org/doc/scipy/reference/generated/scipy.sparse.csc_matrix.dot.html#scipy.sparse.csc_matrix.dot
note,Release notes,https://docs.scipy.org/doc/scipy/reference/generated/scipy.sparse.csc_matrix.eliminate_zeros.html#scipy.sparse.csc_matrix.eliminate_zeros
note,Release notes,https://docs.scipy.org/doc/scipy/reference/generated/scipy.sparse.csc_matrix.expm1.html#scipy.sparse.csc_matrix.expm1
note,Release notes,https://docs.scipy.org/doc/scipy/reference/generated/scipy.sparse.csc_matrix.floor.html#scipy.sparse.csc_matrix.floor
note,Release notes,https://docs.scipy.org/doc/scipy/reference/generated/scipy.sparse.csc_matrix.getH.html#scipy.sparse.csc_matrix.getH
note,Release notes,https://docs.scipy.org/doc/scipy/reference/generated/scipy.sparse.csc_matrix.get_shape.html#scipy.sparse.csc_matrix.get_shape
note,Release notes,https://docs.scipy.org/doc/scipy/reference/generated/scipy.sparse.csc_matrix.getcol.html#scipy.sparse.csc_matrix.getcol
note,Release notes,https://docs.scipy.org/doc/scipy/reference/generated/scipy.sparse.csc_matrix.getformat.html#scipy.sparse.csc_matrix.getformat
note,Release notes,https://docs.scipy.org/doc/scipy/reference/generated/scipy.sparse.csc_matrix.getmaxprint.html#scipy.sparse.csc_matrix.getmaxprint
note,Release notes,https://docs.scipy.org/doc/scipy/reference/generated/scipy.sparse.csc_matrix.getnnz.html#scipy.sparse.csc_matrix.getnnz
note,Release notes,https://docs.scipy.org/doc/scipy/reference/generated/scipy.sparse.csc_matrix.getrow.html#scipy.sparse.csc_matrix.getrow
note,Release notes,https://docs.scipy.org/doc/scipy/reference/generated/scipy.sparse.csc_matrix.log1p.html#scipy.sparse.csc_matrix.log1p
note,Release notes,https://docs.scipy.org/doc/scipy/reference/generated/scipy.sparse.csc_matrix.max.html#scipy.sparse.csc_matrix.max
note,Release notes,https://docs.scipy.org/doc/scipy/reference/generated/scipy.sparse.csc_matrix.maximum.html#scipy.sparse.csc_matrix.maximum
note,Release notes,https://docs.scipy.org/doc/scipy/reference/generated/scipy.sparse.csc_matrix.mean.html#scipy.sparse.csc_matrix.mean
must,"It must
have the same shape as the expected output, but the type of the
output values will be cast if necessary.",https://docs.scipy.org/doc/scipy/reference/generated/scipy.sparse.csc_matrix.mean.html#scipy.sparse.csc_matrix.mean
note,Release notes,https://docs.scipy.org/doc/scipy/reference/generated/scipy.sparse.csc_matrix.min.html#scipy.sparse.csc_matrix.min
note,Release notes,https://docs.scipy.org/doc/scipy/reference/generated/scipy.sparse.csc_matrix.minimum.html#scipy.sparse.csc_matrix.minimum
note,Release notes,https://docs.scipy.org/doc/scipy/reference/generated/scipy.sparse.csc_matrix.multiply.html#scipy.sparse.csc_matrix.multiply
note,Release notes,https://docs.scipy.org/doc/scipy/reference/generated/scipy.sparse.csc_matrix.nanmax.html#scipy.sparse.csc_matrix.nanmax
note,Release notes,https://docs.scipy.org/doc/scipy/reference/generated/scipy.sparse.csc_matrix.nanmin.html#scipy.sparse.csc_matrix.nanmin
note,Release notes,https://docs.scipy.org/doc/scipy/reference/generated/scipy.sparse.csc_matrix.nonzero.html#scipy.sparse.csc_matrix.nonzero
note,Release notes,https://docs.scipy.org/doc/scipy/reference/generated/scipy.sparse.csc_matrix.power.html#scipy.sparse.csc_matrix.power
note,Release notes,https://docs.scipy.org/doc/scipy/reference/generated/scipy.sparse.csc_matrix.prune.html#scipy.sparse.csc_matrix.prune
note,Release notes,https://docs.scipy.org/doc/scipy/reference/generated/scipy.sparse.csc_matrix.rad2deg.html#scipy.sparse.csc_matrix.rad2deg
note,Release notes,https://docs.scipy.org/doc/scipy/reference/generated/scipy.sparse.csc_matrix.reshape.html#scipy.sparse.csc_matrix.reshape
should,The new shape should be compatible with the original shape.,https://docs.scipy.org/doc/scipy/reference/generated/scipy.sparse.csc_matrix.reshape.html#scipy.sparse.csc_matrix.reshape
should,"Indicates whether or not attributes of self should be copied
whenever possible.",https://docs.scipy.org/doc/scipy/reference/generated/scipy.sparse.csc_matrix.reshape.html#scipy.sparse.csc_matrix.reshape
note,Release notes,https://docs.scipy.org/doc/scipy/reference/generated/scipy.sparse.csc_matrix.resize.html#scipy.sparse.csc_matrix.resize
note,Notes,https://docs.scipy.org/doc/scipy/reference/generated/scipy.sparse.csc_matrix.resize.html#scipy.sparse.csc_matrix.resize
note,Release notes,https://docs.scipy.org/doc/scipy/reference/generated/scipy.sparse.csc_matrix.rint.html#scipy.sparse.csc_matrix.rint
note,Release notes,https://docs.scipy.org/doc/scipy/reference/generated/scipy.sparse.csc_matrix.set_shape.html#scipy.sparse.csc_matrix.set_shape
note,Release notes,https://docs.scipy.org/doc/scipy/reference/generated/scipy.sparse.csc_matrix.setdiag.html#scipy.sparse.csc_matrix.setdiag
note,Release notes,https://docs.scipy.org/doc/scipy/reference/generated/scipy.sparse.csc_matrix.sign.html#scipy.sparse.csc_matrix.sign
note,Release notes,https://docs.scipy.org/doc/scipy/reference/generated/scipy.sparse.csc_matrix.sin.html#scipy.sparse.csc_matrix.sin
note,Release notes,https://docs.scipy.org/doc/scipy/reference/generated/scipy.sparse.csc_matrix.sinh.html#scipy.sparse.csc_matrix.sinh
note,Release notes,https://docs.scipy.org/doc/scipy/reference/generated/scipy.sparse.csc_matrix.sort_indices.html#scipy.sparse.csc_matrix.sort_indices
note,Release notes,https://docs.scipy.org/doc/scipy/reference/generated/scipy.sparse.csc_matrix.sorted_indices.html#scipy.sparse.csc_matrix.sorted_indices
note,Release notes,https://docs.scipy.org/doc/scipy/reference/generated/scipy.sparse.csc_matrix.sqrt.html#scipy.sparse.csc_matrix.sqrt
note,Release notes,https://docs.scipy.org/doc/scipy/reference/generated/scipy.sparse.csc_matrix.sum.html#scipy.sparse.csc_matrix.sum
must,"It must
have the same shape as the expected output, but the type of the
output values will be cast if necessary.",https://docs.scipy.org/doc/scipy/reference/generated/scipy.sparse.csc_matrix.sum.html#scipy.sparse.csc_matrix.sum
note,Release notes,https://docs.scipy.org/doc/scipy/reference/generated/scipy.sparse.csc_matrix.sum_duplicates.html#scipy.sparse.csc_matrix.sum_duplicates
note,Release notes,https://docs.scipy.org/doc/scipy/reference/generated/scipy.sparse.csc_matrix.tan.html#scipy.sparse.csc_matrix.tan
note,Release notes,https://docs.scipy.org/doc/scipy/reference/generated/scipy.sparse.csc_matrix.tanh.html#scipy.sparse.csc_matrix.tanh
note,Release notes,https://docs.scipy.org/doc/scipy/reference/generated/scipy.sparse.csc_matrix.toarray.html#scipy.sparse.csc_matrix.toarray
must,"The provided
array must have the same shape and dtype as the sparse
array/matrix on which you are calling the method.",https://docs.scipy.org/doc/scipy/reference/generated/scipy.sparse.csc_matrix.toarray.html#scipy.sparse.csc_matrix.toarray
note,Release notes,https://docs.scipy.org/doc/scipy/reference/generated/scipy.sparse.csc_matrix.tobsr.html#scipy.sparse.csc_matrix.tobsr
note,Release notes,https://docs.scipy.org/doc/scipy/reference/generated/scipy.sparse.csc_matrix.tocoo.html#scipy.sparse.csc_matrix.tocoo
note,Release notes,https://docs.scipy.org/doc/scipy/reference/generated/scipy.sparse.csc_matrix.tocsc.html#scipy.sparse.csc_matrix.tocsc
note,Release notes,https://docs.scipy.org/doc/scipy/reference/generated/scipy.sparse.csc_matrix.tocsr.html#scipy.sparse.csc_matrix.tocsr
note,Release notes,https://docs.scipy.org/doc/scipy/reference/generated/scipy.sparse.csc_matrix.todense.html#scipy.sparse.csc_matrix.todense
must,"The provided array must have the same shape and
dtype as the sparse array/matrix on which you are calling the
method.",https://docs.scipy.org/doc/scipy/reference/generated/scipy.sparse.csc_matrix.todense.html#scipy.sparse.csc_matrix.todense
note,Release notes,https://docs.scipy.org/doc/scipy/reference/generated/scipy.sparse.csc_matrix.todia.html#scipy.sparse.csc_matrix.todia
note,Release notes,https://docs.scipy.org/doc/scipy/reference/generated/scipy.sparse.csc_matrix.todok.html#scipy.sparse.csc_matrix.todok
note,Release notes,https://docs.scipy.org/doc/scipy/reference/generated/scipy.sparse.csc_matrix.tolil.html#scipy.sparse.csc_matrix.tolil
note,Release notes,https://docs.scipy.org/doc/scipy/reference/generated/scipy.sparse.csc_matrix.trace.html#scipy.sparse.csc_matrix.trace
note,Release notes,https://docs.scipy.org/doc/scipy/reference/generated/scipy.sparse.csc_matrix.transpose.html#scipy.sparse.csc_matrix.transpose
should,"Indicates whether or not attributes of self should be
copied whenever possible.",https://docs.scipy.org/doc/scipy/reference/generated/scipy.sparse.csc_matrix.transpose.html#scipy.sparse.csc_matrix.transpose
note,Release notes,https://docs.scipy.org/doc/scipy/reference/generated/scipy.sparse.dia_matrix.shape.html#scipy.sparse.dia_matrix.shape
note,Release notes,https://docs.scipy.org/doc/scipy/reference/generated/scipy.sparse.dia_matrix.nnz.html#scipy.sparse.dia_matrix.nnz
note,Release notes,https://docs.scipy.org/doc/scipy/reference/generated/scipy.sparse.dia_matrix.size.html#scipy.sparse.dia_matrix.size
note,Release notes,https://docs.scipy.org/doc/scipy/reference/generated/scipy.sparse.dia_matrix.T.html#scipy.sparse.dia_matrix.T
note,Release notes,https://docs.scipy.org/doc/scipy/reference/generated/scipy.sparse.dia_matrix.__len__.html#scipy.sparse.dia_matrix.__len__
note,Release notes,https://docs.scipy.org/doc/scipy/reference/generated/scipy.sparse.dia_matrix.__mul__.html#scipy.sparse.dia_matrix.__mul__
note,Release notes,https://docs.scipy.org/doc/scipy/reference/generated/scipy.sparse.dia_matrix.arcsin.html#scipy.sparse.dia_matrix.arcsin
note,Release notes,https://docs.scipy.org/doc/scipy/reference/generated/scipy.sparse.dia_matrix.arcsinh.html#scipy.sparse.dia_matrix.arcsinh
note,Release notes,https://docs.scipy.org/doc/scipy/reference/generated/scipy.sparse.dia_matrix.arctan.html#scipy.sparse.dia_matrix.arctan
note,Release notes,https://docs.scipy.org/doc/scipy/reference/generated/scipy.sparse.dia_matrix.arctanh.html#scipy.sparse.dia_matrix.arctanh
note,Release notes,https://docs.scipy.org/doc/scipy/reference/generated/scipy.sparse.dia_matrix.asformat.html#scipy.sparse.dia_matrix.asformat
note,Release notes,https://docs.scipy.org/doc/scipy/reference/generated/scipy.sparse.dia_matrix.asfptype.html#scipy.sparse.dia_matrix.asfptype
note,Release notes,https://docs.scipy.org/doc/scipy/reference/generated/scipy.sparse.dia_matrix.astype.html#scipy.sparse.dia_matrix.astype
should,‘no’ means the data types should not be cast at all.,https://docs.scipy.org/doc/scipy/reference/generated/scipy.sparse.dia_matrix.astype.html#scipy.sparse.dia_matrix.astype
only,‘equiv’ means only byte-order changes are allowed.,https://docs.scipy.org/doc/scipy/reference/generated/scipy.sparse.dia_matrix.astype.html#scipy.sparse.dia_matrix.astype
only,‘safe’ means only casts which can preserve values are allowed.,https://docs.scipy.org/doc/scipy/reference/generated/scipy.sparse.dia_matrix.astype.html#scipy.sparse.dia_matrix.astype
only,"‘same_kind’ means only safe casts or casts within a kind,
like float64 to float32, are allowed.",https://docs.scipy.org/doc/scipy/reference/generated/scipy.sparse.dia_matrix.astype.html#scipy.sparse.dia_matrix.astype
note,Release notes,https://docs.scipy.org/doc/scipy/reference/generated/scipy.sparse.dia_matrix.ceil.html#scipy.sparse.dia_matrix.ceil
note,Release notes,https://docs.scipy.org/doc/scipy/reference/generated/scipy.sparse.dia_matrix.conj.html#scipy.sparse.dia_matrix.conj
note,Release notes,https://docs.scipy.org/doc/scipy/reference/generated/scipy.sparse.dia_matrix.conjugate.html#scipy.sparse.dia_matrix.conjugate
note,Release notes,https://docs.scipy.org/doc/scipy/reference/generated/scipy.sparse.dia_matrix.copy.html#scipy.sparse.dia_matrix.copy
note,Release notes,https://docs.scipy.org/doc/scipy/reference/generated/scipy.sparse.dia_matrix.count_nonzero.html#scipy.sparse.dia_matrix.count_nonzero
note,Release notes,https://docs.scipy.org/doc/scipy/reference/generated/scipy.sparse.dia_matrix.deg2rad.html#scipy.sparse.dia_matrix.deg2rad
note,Release notes,https://docs.scipy.org/doc/scipy/reference/generated/scipy.sparse.dia_matrix.diagonal.html#scipy.sparse.dia_matrix.diagonal
note,Release notes,https://docs.scipy.org/doc/scipy/reference/generated/scipy.sparse.dia_matrix.dot.html#scipy.sparse.dia_matrix.dot
note,Release notes,https://docs.scipy.org/doc/scipy/reference/generated/scipy.sparse.dia_matrix.expm1.html#scipy.sparse.dia_matrix.expm1
note,Release notes,https://docs.scipy.org/doc/scipy/reference/generated/scipy.sparse.dia_matrix.floor.html#scipy.sparse.dia_matrix.floor
note,Release notes,https://docs.scipy.org/doc/scipy/reference/generated/scipy.sparse.dia_matrix.getH.html#scipy.sparse.dia_matrix.getH
note,Release notes,https://docs.scipy.org/doc/scipy/reference/generated/scipy.sparse.dia_matrix.get_shape.html#scipy.sparse.dia_matrix.get_shape
note,Release notes,https://docs.scipy.org/doc/scipy/reference/generated/scipy.sparse.dia_matrix.getcol.html#scipy.sparse.dia_matrix.getcol
note,Release notes,https://docs.scipy.org/doc/scipy/reference/generated/scipy.sparse.dia_matrix.getformat.html#scipy.sparse.dia_matrix.getformat
note,Release notes,https://docs.scipy.org/doc/scipy/reference/generated/scipy.sparse.dia_matrix.getmaxprint.html#scipy.sparse.dia_matrix.getmaxprint
note,Release notes,https://docs.scipy.org/doc/scipy/reference/generated/scipy.sparse.dia_matrix.getnnz.html#scipy.sparse.dia_matrix.getnnz
note,Release notes,https://docs.scipy.org/doc/scipy/reference/generated/scipy.sparse.dia_matrix.getrow.html#scipy.sparse.dia_matrix.getrow
note,Release notes,https://docs.scipy.org/doc/scipy/reference/generated/scipy.sparse.dia_matrix.log1p.html#scipy.sparse.dia_matrix.log1p
note,Release notes,https://docs.scipy.org/doc/scipy/reference/generated/scipy.sparse.dia_matrix.maximum.html#scipy.sparse.dia_matrix.maximum
note,Release notes,https://docs.scipy.org/doc/scipy/reference/generated/scipy.sparse.dia_matrix.mean.html#scipy.sparse.dia_matrix.mean
must,"It must
have the same shape as the expected output, but the type of the
output values will be cast if necessary.",https://docs.scipy.org/doc/scipy/reference/generated/scipy.sparse.dia_matrix.mean.html#scipy.sparse.dia_matrix.mean
note,Release notes,https://docs.scipy.org/doc/scipy/reference/generated/scipy.sparse.dia_matrix.minimum.html#scipy.sparse.dia_matrix.minimum
note,Release notes,https://docs.scipy.org/doc/scipy/reference/generated/scipy.sparse.dia_matrix.multiply.html#scipy.sparse.dia_matrix.multiply
note,Release notes,https://docs.scipy.org/doc/scipy/reference/generated/scipy.sparse.dia_matrix.nonzero.html#scipy.sparse.dia_matrix.nonzero
note,Release notes,https://docs.scipy.org/doc/scipy/reference/generated/scipy.sparse.dia_matrix.power.html#scipy.sparse.dia_matrix.power
note,Release notes,https://docs.scipy.org/doc/scipy/reference/generated/scipy.sparse.dia_matrix.rad2deg.html#scipy.sparse.dia_matrix.rad2deg
note,Release notes,https://docs.scipy.org/doc/scipy/reference/generated/scipy.sparse.dia_matrix.reshape.html#scipy.sparse.dia_matrix.reshape
should,The new shape should be compatible with the original shape.,https://docs.scipy.org/doc/scipy/reference/generated/scipy.sparse.dia_matrix.reshape.html#scipy.sparse.dia_matrix.reshape
should,"Indicates whether or not attributes of self should be copied
whenever possible.",https://docs.scipy.org/doc/scipy/reference/generated/scipy.sparse.dia_matrix.reshape.html#scipy.sparse.dia_matrix.reshape
note,Release notes,https://docs.scipy.org/doc/scipy/reference/generated/scipy.sparse.dia_matrix.resize.html#scipy.sparse.dia_matrix.resize
note,Notes,https://docs.scipy.org/doc/scipy/reference/generated/scipy.sparse.dia_matrix.resize.html#scipy.sparse.dia_matrix.resize
note,Release notes,https://docs.scipy.org/doc/scipy/reference/generated/scipy.sparse.dia_matrix.rint.html#scipy.sparse.dia_matrix.rint
note,Release notes,https://docs.scipy.org/doc/scipy/reference/generated/scipy.sparse.dia_matrix.set_shape.html#scipy.sparse.dia_matrix.set_shape
note,Release notes,https://docs.scipy.org/doc/scipy/reference/generated/scipy.sparse.dia_matrix.setdiag.html#scipy.sparse.dia_matrix.setdiag
note,Release notes,https://docs.scipy.org/doc/scipy/reference/generated/scipy.sparse.dia_matrix.sign.html#scipy.sparse.dia_matrix.sign
note,Release notes,https://docs.scipy.org/doc/scipy/reference/generated/scipy.sparse.dia_matrix.sin.html#scipy.sparse.dia_matrix.sin
note,Release notes,https://docs.scipy.org/doc/scipy/reference/generated/scipy.sparse.dia_matrix.sinh.html#scipy.sparse.dia_matrix.sinh
note,Release notes,https://docs.scipy.org/doc/scipy/reference/generated/scipy.sparse.dia_matrix.sqrt.html#scipy.sparse.dia_matrix.sqrt
note,Release notes,https://docs.scipy.org/doc/scipy/reference/generated/scipy.sparse.dia_matrix.sum.html#scipy.sparse.dia_matrix.sum
must,"It must
have the same shape as the expected output, but the type of the
output values will be cast if necessary.",https://docs.scipy.org/doc/scipy/reference/generated/scipy.sparse.dia_matrix.sum.html#scipy.sparse.dia_matrix.sum
note,Release notes,https://docs.scipy.org/doc/scipy/reference/generated/scipy.sparse.dia_matrix.tan.html#scipy.sparse.dia_matrix.tan
note,Release notes,https://docs.scipy.org/doc/scipy/reference/generated/scipy.sparse.dia_matrix.tanh.html#scipy.sparse.dia_matrix.tanh
note,Release notes,https://docs.scipy.org/doc/scipy/reference/generated/scipy.sparse.dia_matrix.toarray.html#scipy.sparse.dia_matrix.toarray
must,"The provided
array must have the same shape and dtype as the sparse
array/matrix on which you are calling the method.",https://docs.scipy.org/doc/scipy/reference/generated/scipy.sparse.dia_matrix.toarray.html#scipy.sparse.dia_matrix.toarray
note,Release notes,https://docs.scipy.org/doc/scipy/reference/generated/scipy.sparse.dia_matrix.tobsr.html#scipy.sparse.dia_matrix.tobsr
note,Release notes,https://docs.scipy.org/doc/scipy/reference/generated/scipy.sparse.dia_matrix.tocoo.html#scipy.sparse.dia_matrix.tocoo
note,Release notes,https://docs.scipy.org/doc/scipy/reference/generated/scipy.sparse.dia_matrix.tocsc.html#scipy.sparse.dia_matrix.tocsc
note,Release notes,https://docs.scipy.org/doc/scipy/reference/generated/scipy.sparse.dia_matrix.tocsr.html#scipy.sparse.dia_matrix.tocsr
note,Release notes,https://docs.scipy.org/doc/scipy/reference/generated/scipy.sparse.dia_matrix.todense.html#scipy.sparse.dia_matrix.todense
must,"The provided array must have the same shape and
dtype as the sparse array/matrix on which you are calling the
method.",https://docs.scipy.org/doc/scipy/reference/generated/scipy.sparse.dia_matrix.todense.html#scipy.sparse.dia_matrix.todense
note,Release notes,https://docs.scipy.org/doc/scipy/reference/generated/scipy.sparse.dia_matrix.todia.html#scipy.sparse.dia_matrix.todia
note,Release notes,https://docs.scipy.org/doc/scipy/reference/generated/scipy.sparse.dia_matrix.todok.html#scipy.sparse.dia_matrix.todok
note,Release notes,https://docs.scipy.org/doc/scipy/reference/generated/scipy.sparse.dia_matrix.tolil.html#scipy.sparse.dia_matrix.tolil
note,Release notes,https://docs.scipy.org/doc/scipy/reference/generated/scipy.sparse.dia_matrix.trace.html#scipy.sparse.dia_matrix.trace
note,Release notes,https://docs.scipy.org/doc/scipy/reference/generated/scipy.sparse.dia_matrix.transpose.html#scipy.sparse.dia_matrix.transpose
should,"Indicates whether or not attributes of self should be
copied whenever possible.",https://docs.scipy.org/doc/scipy/reference/generated/scipy.sparse.dia_matrix.transpose.html#scipy.sparse.dia_matrix.transpose
note,Release notes,https://docs.scipy.org/doc/scipy/reference/generated/scipy.sparse.dia_matrix.trunc.html#scipy.sparse.dia_matrix.trunc
note,Release notes,https://docs.scipy.org/doc/scipy/reference/generated/scipy.sparse.dok_matrix.shape.html#scipy.sparse.dok_matrix.shape
note,Release notes,https://docs.scipy.org/doc/scipy/reference/generated/scipy.sparse.dok_matrix.nnz.html#scipy.sparse.dok_matrix.nnz
note,Release notes,https://docs.scipy.org/doc/scipy/reference/generated/scipy.sparse.dok_matrix.size.html#scipy.sparse.dok_matrix.size
note,Release notes,https://docs.scipy.org/doc/scipy/reference/generated/scipy.sparse.dok_matrix.T.html#scipy.sparse.dok_matrix.T
note,Release notes,https://docs.scipy.org/doc/scipy/reference/generated/scipy.sparse.dok_matrix.__mul__.html#scipy.sparse.dok_matrix.__mul__
note,Release notes,https://docs.scipy.org/doc/scipy/reference/generated/scipy.sparse.dok_matrix.asformat.html#scipy.sparse.dok_matrix.asformat
note,Release notes,https://docs.scipy.org/doc/scipy/reference/generated/scipy.sparse.dok_matrix.asfptype.html#scipy.sparse.dok_matrix.asfptype
note,Release notes,https://docs.scipy.org/doc/scipy/reference/generated/scipy.sparse.dok_matrix.astype.html#scipy.sparse.dok_matrix.astype
should,‘no’ means the data types should not be cast at all.,https://docs.scipy.org/doc/scipy/reference/generated/scipy.sparse.dok_matrix.astype.html#scipy.sparse.dok_matrix.astype
only,‘equiv’ means only byte-order changes are allowed.,https://docs.scipy.org/doc/scipy/reference/generated/scipy.sparse.dok_matrix.astype.html#scipy.sparse.dok_matrix.astype
only,‘safe’ means only casts which can preserve values are allowed.,https://docs.scipy.org/doc/scipy/reference/generated/scipy.sparse.dok_matrix.astype.html#scipy.sparse.dok_matrix.astype
only,"‘same_kind’ means only safe casts or casts within a kind,
like float64 to float32, are allowed.",https://docs.scipy.org/doc/scipy/reference/generated/scipy.sparse.dok_matrix.astype.html#scipy.sparse.dok_matrix.astype
note,Release notes,https://docs.scipy.org/doc/scipy/reference/generated/scipy.sparse.dok_matrix.conj.html#scipy.sparse.dok_matrix.conj
note,Release notes,https://docs.scipy.org/doc/scipy/reference/generated/scipy.sparse.dok_matrix.conjtransp.html#scipy.sparse.dok_matrix.conjtransp
note,Release notes,https://docs.scipy.org/doc/scipy/reference/generated/scipy.sparse.dok_matrix.conjugate.html#scipy.sparse.dok_matrix.conjugate
note,Release notes,https://docs.scipy.org/doc/scipy/reference/generated/scipy.sparse.dok_matrix.copy.html#scipy.sparse.dok_matrix.copy
note,Release notes,https://docs.scipy.org/doc/scipy/reference/generated/scipy.sparse.dok_matrix.count_nonzero.html#scipy.sparse.dok_matrix.count_nonzero
note,Release notes,https://docs.scipy.org/doc/scipy/reference/generated/scipy.sparse.dok_matrix.diagonal.html#scipy.sparse.dok_matrix.diagonal
note,Release notes,https://docs.scipy.org/doc/scipy/reference/generated/scipy.sparse.dok_matrix.dot.html#scipy.sparse.dok_matrix.dot
note,Release notes,https://docs.scipy.org/doc/scipy/reference/generated/scipy.sparse.dok_matrix.fromkeys.html#scipy.sparse.dok_matrix.fromkeys
note,Release notes,https://docs.scipy.org/doc/scipy/reference/generated/scipy.sparse.dok_matrix.get.html#scipy.sparse.dok_matrix.get
note,Release notes,https://docs.scipy.org/doc/scipy/reference/generated/scipy.sparse.dok_matrix.getH.html#scipy.sparse.dok_matrix.getH
note,Release notes,https://docs.scipy.org/doc/scipy/reference/generated/scipy.sparse.dok_matrix.get_shape.html#scipy.sparse.dok_matrix.get_shape
note,Release notes,https://docs.scipy.org/doc/scipy/reference/generated/scipy.sparse.dok_matrix.getcol.html#scipy.sparse.dok_matrix.getcol
note,Release notes,https://docs.scipy.org/doc/scipy/reference/generated/scipy.sparse.dok_matrix.getformat.html#scipy.sparse.dok_matrix.getformat
note,Release notes,https://docs.scipy.org/doc/scipy/reference/generated/scipy.sparse.dok_matrix.getmaxprint.html#scipy.sparse.dok_matrix.getmaxprint
note,Release notes,https://docs.scipy.org/doc/scipy/reference/generated/scipy.sparse.dok_matrix.getnnz.html#scipy.sparse.dok_matrix.getnnz
note,Release notes,https://docs.scipy.org/doc/scipy/reference/generated/scipy.sparse.dok_matrix.getrow.html#scipy.sparse.dok_matrix.getrow
note,Release notes,https://docs.scipy.org/doc/scipy/reference/generated/scipy.sparse.dok_matrix.maximum.html#scipy.sparse.dok_matrix.maximum
note,Release notes,https://docs.scipy.org/doc/scipy/reference/generated/scipy.sparse.dok_matrix.mean.html#scipy.sparse.dok_matrix.mean
must,"It must
have the same shape as the expected output, but the type of the
output values will be cast if necessary.",https://docs.scipy.org/doc/scipy/reference/generated/scipy.sparse.dok_matrix.mean.html#scipy.sparse.dok_matrix.mean
note,Release notes,https://docs.scipy.org/doc/scipy/reference/generated/scipy.sparse.dok_matrix.minimum.html#scipy.sparse.dok_matrix.minimum
note,Release notes,https://docs.scipy.org/doc/scipy/reference/generated/scipy.sparse.dok_matrix.multiply.html#scipy.sparse.dok_matrix.multiply
note,Release notes,https://docs.scipy.org/doc/scipy/reference/generated/scipy.sparse.dok_matrix.nonzero.html#scipy.sparse.dok_matrix.nonzero
note,Release notes,https://docs.scipy.org/doc/scipy/reference/generated/scipy.sparse.dok_matrix.pop.html#scipy.sparse.dok_matrix.pop
note,Release notes,https://docs.scipy.org/doc/scipy/reference/generated/scipy.sparse.dok_matrix.power.html#scipy.sparse.dok_matrix.power
note,Release notes,https://docs.scipy.org/doc/scipy/reference/generated/scipy.sparse.dok_matrix.reshape.html#scipy.sparse.dok_matrix.reshape
should,The new shape should be compatible with the original shape.,https://docs.scipy.org/doc/scipy/reference/generated/scipy.sparse.dok_matrix.reshape.html#scipy.sparse.dok_matrix.reshape
should,"Indicates whether or not attributes of self should be copied
whenever possible.",https://docs.scipy.org/doc/scipy/reference/generated/scipy.sparse.dok_matrix.reshape.html#scipy.sparse.dok_matrix.reshape
note,Release notes,https://docs.scipy.org/doc/scipy/reference/generated/scipy.sparse.dok_matrix.resize.html#scipy.sparse.dok_matrix.resize
note,Notes,https://docs.scipy.org/doc/scipy/reference/generated/scipy.sparse.dok_matrix.resize.html#scipy.sparse.dok_matrix.resize
note,Release notes,https://docs.scipy.org/doc/scipy/reference/generated/scipy.sparse.dok_matrix.set_shape.html#scipy.sparse.dok_matrix.set_shape
note,Release notes,https://docs.scipy.org/doc/scipy/reference/generated/scipy.sparse.dok_matrix.setdiag.html#scipy.sparse.dok_matrix.setdiag
note,Release notes,https://docs.scipy.org/doc/scipy/reference/generated/scipy.sparse.dok_matrix.sum.html#scipy.sparse.dok_matrix.sum
must,"It must
have the same shape as the expected output, but the type of the
output values will be cast if necessary.",https://docs.scipy.org/doc/scipy/reference/generated/scipy.sparse.dok_matrix.sum.html#scipy.sparse.dok_matrix.sum
note,Release notes,https://docs.scipy.org/doc/scipy/reference/generated/scipy.sparse.dok_matrix.toarray.html#scipy.sparse.dok_matrix.toarray
must,"The provided
array must have the same shape and dtype as the sparse
array/matrix on which you are calling the method.",https://docs.scipy.org/doc/scipy/reference/generated/scipy.sparse.dok_matrix.toarray.html#scipy.sparse.dok_matrix.toarray
note,Release notes,https://docs.scipy.org/doc/scipy/reference/generated/scipy.sparse.dok_matrix.tobsr.html#scipy.sparse.dok_matrix.tobsr
note,Release notes,https://docs.scipy.org/doc/scipy/reference/generated/scipy.sparse.dok_matrix.tocoo.html#scipy.sparse.dok_matrix.tocoo
note,Release notes,https://docs.scipy.org/doc/scipy/reference/generated/scipy.sparse.dok_matrix.tocsc.html#scipy.sparse.dok_matrix.tocsc
note,Release notes,https://docs.scipy.org/doc/scipy/reference/generated/scipy.sparse.dok_matrix.tocsr.html#scipy.sparse.dok_matrix.tocsr
note,Release notes,https://docs.scipy.org/doc/scipy/reference/generated/scipy.sparse.dok_matrix.todense.html#scipy.sparse.dok_matrix.todense
must,"The provided array must have the same shape and
dtype as the sparse array/matrix on which you are calling the
method.",https://docs.scipy.org/doc/scipy/reference/generated/scipy.sparse.dok_matrix.todense.html#scipy.sparse.dok_matrix.todense
note,Release notes,https://docs.scipy.org/doc/scipy/reference/generated/scipy.sparse.dok_matrix.todia.html#scipy.sparse.dok_matrix.todia
note,Release notes,https://docs.scipy.org/doc/scipy/reference/generated/scipy.sparse.dok_matrix.todok.html#scipy.sparse.dok_matrix.todok
note,Release notes,https://docs.scipy.org/doc/scipy/reference/generated/scipy.sparse.dok_matrix.tolil.html#scipy.sparse.dok_matrix.tolil
note,Release notes,https://docs.scipy.org/doc/scipy/reference/generated/scipy.sparse.dok_matrix.trace.html#scipy.sparse.dok_matrix.trace
note,Release notes,https://docs.scipy.org/doc/scipy/reference/generated/scipy.sparse.dok_matrix.transpose.html#scipy.sparse.dok_matrix.transpose
should,"Indicates whether or not attributes of self should be
copied whenever possible.",https://docs.scipy.org/doc/scipy/reference/generated/scipy.sparse.dok_matrix.transpose.html#scipy.sparse.dok_matrix.transpose
note,Release notes,https://docs.scipy.org/doc/scipy/reference/generated/scipy.sparse.lil_matrix.shape.html#scipy.sparse.lil_matrix.shape
note,Release notes,https://docs.scipy.org/doc/scipy/reference/generated/scipy.sparse.lil_matrix.nnz.html#scipy.sparse.lil_matrix.nnz
note,Release notes,https://docs.scipy.org/doc/scipy/reference/generated/scipy.sparse.lil_matrix.size.html#scipy.sparse.lil_matrix.size
note,Release notes,https://docs.scipy.org/doc/scipy/reference/generated/scipy.sparse.lil_matrix.T.html#scipy.sparse.lil_matrix.T
note,Release notes,https://docs.scipy.org/doc/scipy/reference/generated/scipy.sparse.lil_matrix.__len__.html#scipy.sparse.lil_matrix.__len__
note,Release notes,https://docs.scipy.org/doc/scipy/reference/generated/scipy.sparse.lil_matrix.__mul__.html#scipy.sparse.lil_matrix.__mul__
note,Release notes,https://docs.scipy.org/doc/scipy/reference/generated/scipy.sparse.lil_matrix.asformat.html#scipy.sparse.lil_matrix.asformat
note,Release notes,https://docs.scipy.org/doc/scipy/reference/generated/scipy.sparse.lil_matrix.asfptype.html#scipy.sparse.lil_matrix.asfptype
note,Release notes,https://docs.scipy.org/doc/scipy/reference/generated/scipy.sparse.lil_matrix.astype.html#scipy.sparse.lil_matrix.astype
should,‘no’ means the data types should not be cast at all.,https://docs.scipy.org/doc/scipy/reference/generated/scipy.sparse.lil_matrix.astype.html#scipy.sparse.lil_matrix.astype
only,‘equiv’ means only byte-order changes are allowed.,https://docs.scipy.org/doc/scipy/reference/generated/scipy.sparse.lil_matrix.astype.html#scipy.sparse.lil_matrix.astype
only,‘safe’ means only casts which can preserve values are allowed.,https://docs.scipy.org/doc/scipy/reference/generated/scipy.sparse.lil_matrix.astype.html#scipy.sparse.lil_matrix.astype
only,"‘same_kind’ means only safe casts or casts within a kind,
like float64 to float32, are allowed.",https://docs.scipy.org/doc/scipy/reference/generated/scipy.sparse.lil_matrix.astype.html#scipy.sparse.lil_matrix.astype
note,Release notes,https://docs.scipy.org/doc/scipy/reference/generated/scipy.sparse.lil_matrix.conj.html#scipy.sparse.lil_matrix.conj
note,Release notes,https://docs.scipy.org/doc/scipy/reference/generated/scipy.sparse.lil_matrix.conjugate.html#scipy.sparse.lil_matrix.conjugate
note,Release notes,https://docs.scipy.org/doc/scipy/reference/generated/scipy.sparse.lil_matrix.copy.html#scipy.sparse.lil_matrix.copy
note,Release notes,https://docs.scipy.org/doc/scipy/reference/generated/scipy.sparse.lil_matrix.count_nonzero.html#scipy.sparse.lil_matrix.count_nonzero
note,Release notes,https://docs.scipy.org/doc/scipy/reference/generated/scipy.sparse.lil_matrix.diagonal.html#scipy.sparse.lil_matrix.diagonal
note,Release notes,https://docs.scipy.org/doc/scipy/reference/generated/scipy.sparse.lil_matrix.dot.html#scipy.sparse.lil_matrix.dot
note,Release notes,https://docs.scipy.org/doc/scipy/reference/generated/scipy.sparse.lil_matrix.getH.html#scipy.sparse.lil_matrix.getH
note,Release notes,https://docs.scipy.org/doc/scipy/reference/generated/scipy.sparse.lil_matrix.get_shape.html#scipy.sparse.lil_matrix.get_shape
note,Release notes,https://docs.scipy.org/doc/scipy/reference/generated/scipy.sparse.lil_matrix.getcol.html#scipy.sparse.lil_matrix.getcol
note,Release notes,https://docs.scipy.org/doc/scipy/reference/generated/scipy.sparse.lil_matrix.getformat.html#scipy.sparse.lil_matrix.getformat
note,Release notes,https://docs.scipy.org/doc/scipy/reference/generated/scipy.sparse.lil_matrix.getmaxprint.html#scipy.sparse.lil_matrix.getmaxprint
note,Release notes,https://docs.scipy.org/doc/scipy/reference/generated/scipy.sparse.lil_matrix.getnnz.html#scipy.sparse.lil_matrix.getnnz
note,Release notes,https://docs.scipy.org/doc/scipy/reference/generated/scipy.sparse.lil_matrix.getrow.html#scipy.sparse.lil_matrix.getrow
note,Release notes,https://docs.scipy.org/doc/scipy/reference/generated/scipy.sparse.lil_matrix.getrowview.html#scipy.sparse.lil_matrix.getrowview
note,Release notes,https://docs.scipy.org/doc/scipy/reference/generated/scipy.sparse.lil_matrix.maximum.html#scipy.sparse.lil_matrix.maximum
note,Release notes,https://docs.scipy.org/doc/scipy/reference/generated/scipy.sparse.lil_matrix.mean.html#scipy.sparse.lil_matrix.mean
must,"It must
have the same shape as the expected output, but the type of the
output values will be cast if necessary.",https://docs.scipy.org/doc/scipy/reference/generated/scipy.sparse.lil_matrix.mean.html#scipy.sparse.lil_matrix.mean
note,Release notes,https://docs.scipy.org/doc/scipy/reference/generated/scipy.sparse.lil_matrix.minimum.html#scipy.sparse.lil_matrix.minimum
note,Release notes,https://docs.scipy.org/doc/scipy/reference/generated/scipy.sparse.lil_matrix.multiply.html#scipy.sparse.lil_matrix.multiply
note,Release notes,https://docs.scipy.org/doc/scipy/reference/generated/scipy.sparse.lil_matrix.nonzero.html#scipy.sparse.lil_matrix.nonzero
note,Release notes,https://docs.scipy.org/doc/scipy/reference/generated/scipy.sparse.lil_matrix.power.html#scipy.sparse.lil_matrix.power
note,Release notes,https://docs.scipy.org/doc/scipy/reference/generated/scipy.sparse.lil_matrix.reshape.html#scipy.sparse.lil_matrix.reshape
should,The new shape should be compatible with the original shape.,https://docs.scipy.org/doc/scipy/reference/generated/scipy.sparse.lil_matrix.reshape.html#scipy.sparse.lil_matrix.reshape
should,"Indicates whether or not attributes of self should be copied
whenever possible.",https://docs.scipy.org/doc/scipy/reference/generated/scipy.sparse.lil_matrix.reshape.html#scipy.sparse.lil_matrix.reshape
note,Release notes,https://docs.scipy.org/doc/scipy/reference/generated/scipy.sparse.lil_matrix.resize.html#scipy.sparse.lil_matrix.resize
note,Notes,https://docs.scipy.org/doc/scipy/reference/generated/scipy.sparse.lil_matrix.resize.html#scipy.sparse.lil_matrix.resize
note,Release notes,https://docs.scipy.org/doc/scipy/reference/generated/scipy.sparse.lil_matrix.set_shape.html#scipy.sparse.lil_matrix.set_shape
note,Release notes,https://docs.scipy.org/doc/scipy/reference/generated/scipy.sparse.lil_matrix.setdiag.html#scipy.sparse.lil_matrix.setdiag
note,Release notes,https://docs.scipy.org/doc/scipy/reference/generated/scipy.sparse.lil_matrix.sum.html#scipy.sparse.lil_matrix.sum
must,"It must
have the same shape as the expected output, but the type of the
output values will be cast if necessary.",https://docs.scipy.org/doc/scipy/reference/generated/scipy.sparse.lil_matrix.sum.html#scipy.sparse.lil_matrix.sum
note,Release notes,https://docs.scipy.org/doc/scipy/reference/generated/scipy.sparse.lil_matrix.toarray.html#scipy.sparse.lil_matrix.toarray
must,"The provided
array must have the same shape and dtype as the sparse
array/matrix on which you are calling the method.",https://docs.scipy.org/doc/scipy/reference/generated/scipy.sparse.lil_matrix.toarray.html#scipy.sparse.lil_matrix.toarray
note,Release notes,https://docs.scipy.org/doc/scipy/reference/generated/scipy.sparse.lil_matrix.tobsr.html#scipy.sparse.lil_matrix.tobsr
note,Release notes,https://docs.scipy.org/doc/scipy/reference/generated/scipy.sparse.lil_matrix.tocoo.html#scipy.sparse.lil_matrix.tocoo
note,Release notes,https://docs.scipy.org/doc/scipy/reference/generated/scipy.sparse.lil_matrix.tocsc.html#scipy.sparse.lil_matrix.tocsc
note,Release notes,https://docs.scipy.org/doc/scipy/reference/generated/scipy.sparse.lil_matrix.tocsr.html#scipy.sparse.lil_matrix.tocsr
note,Release notes,https://docs.scipy.org/doc/scipy/reference/generated/scipy.sparse.lil_matrix.todense.html#scipy.sparse.lil_matrix.todense
must,"The provided array must have the same shape and
dtype as the sparse array/matrix on which you are calling the
method.",https://docs.scipy.org/doc/scipy/reference/generated/scipy.sparse.lil_matrix.todense.html#scipy.sparse.lil_matrix.todense
note,Release notes,https://docs.scipy.org/doc/scipy/reference/generated/scipy.sparse.lil_matrix.todia.html#scipy.sparse.lil_matrix.todia
note,Release notes,https://docs.scipy.org/doc/scipy/reference/generated/scipy.sparse.lil_matrix.todok.html#scipy.sparse.lil_matrix.todok
note,Release notes,https://docs.scipy.org/doc/scipy/reference/generated/scipy.sparse.lil_matrix.tolil.html#scipy.sparse.lil_matrix.tolil
note,Release notes,https://docs.scipy.org/doc/scipy/reference/generated/scipy.sparse.lil_matrix.trace.html#scipy.sparse.lil_matrix.trace
note,Release notes,https://docs.scipy.org/doc/scipy/reference/generated/scipy.sparse.lil_matrix.transpose.html#scipy.sparse.lil_matrix.transpose
should,"Indicates whether or not attributes of self should be
copied whenever possible.",https://docs.scipy.org/doc/scipy/reference/generated/scipy.sparse.lil_matrix.transpose.html#scipy.sparse.lil_matrix.transpose
note,Release notes,https://docs.scipy.org/doc/scipy/reference/generated/scipy.sparse.spmatrix.shape.html#scipy.sparse.spmatrix.shape
note,Release notes,https://docs.scipy.org/doc/scipy/reference/generated/scipy.sparse.spmatrix.__mul__.html#scipy.sparse.spmatrix.__mul__
note,Release notes,https://docs.scipy.org/doc/scipy/reference/generated/scipy.sparse.spmatrix.asfptype.html#scipy.sparse.spmatrix.asfptype
note,Release notes,https://docs.scipy.org/doc/scipy/reference/generated/scipy.sparse.spmatrix.getH.html#scipy.sparse.spmatrix.getH
note,Release notes,https://docs.scipy.org/doc/scipy/reference/generated/scipy.sparse.spmatrix.get_shape.html#scipy.sparse.spmatrix.get_shape
note,Release notes,https://docs.scipy.org/doc/scipy/reference/generated/scipy.sparse.spmatrix.getcol.html#scipy.sparse.spmatrix.getcol
note,Release notes,https://docs.scipy.org/doc/scipy/reference/generated/scipy.sparse.spmatrix.getformat.html#scipy.sparse.spmatrix.getformat
note,Release notes,https://docs.scipy.org/doc/scipy/reference/generated/scipy.sparse.spmatrix.getmaxprint.html#scipy.sparse.spmatrix.getmaxprint
note,Release notes,https://docs.scipy.org/doc/scipy/reference/generated/scipy.sparse.spmatrix.getnnz.html#scipy.sparse.spmatrix.getnnz
note,Release notes,https://docs.scipy.org/doc/scipy/reference/generated/scipy.sparse.spmatrix.getrow.html#scipy.sparse.spmatrix.getrow
note,Release notes,https://docs.scipy.org/doc/scipy/reference/generated/scipy.sparse.spmatrix.set_shape.html#scipy.sparse.spmatrix.set_shape
note,Release notes,https://docs.scipy.org/doc/scipy/reference/generated/scipy.spatial.cKDTree.count_neighbors.html#scipy.spatial.cKDTree.count_neighbors
note,See notes for further discussion.,https://docs.scipy.org/doc/scipy/reference/generated/scipy.spatial.cKDTree.count_neighbors.html#scipy.spatial.cKDTree.count_neighbors
must,"If the count is non-cumulative(cumulative=False), r defines
the edges of the bins, and must be non-decreasing.",https://docs.scipy.org/doc/scipy/reference/generated/scipy.spatial.cKDTree.count_neighbors.html#scipy.spatial.cKDTree.count_neighbors
must,"For this to make sense, self and other must be the
same tree.",https://docs.scipy.org/doc/scipy/reference/generated/scipy.spatial.cKDTree.count_neighbors.html#scipy.spatial.cKDTree.count_neighbors
note,Notes,https://docs.scipy.org/doc/scipy/reference/generated/scipy.spatial.cKDTree.count_neighbors.html#scipy.spatial.cKDTree.count_neighbors
only,"The algorithm for cumulative == True scales linearly with the
number of bins, though it is slightly faster when only
1 or 2 bins are used.",https://docs.scipy.org/doc/scipy/reference/generated/scipy.spatial.cKDTree.count_neighbors.html#scipy.spatial.cKDTree.count_neighbors
note,Release notes,https://docs.scipy.org/doc/scipy/reference/generated/scipy.spatial.cKDTree.query.html#scipy.spatial.cKDTree.query
note,Note that the counting starts from 1.,https://docs.scipy.org/doc/scipy/reference/generated/scipy.spatial.cKDTree.query.html#scipy.spatial.cKDTree.query
only,Return only neighbors within this distance.,https://docs.scipy.org/doc/scipy/reference/generated/scipy.spatial.cKDTree.query.html#scipy.spatial.cKDTree.query
note,Notes,https://docs.scipy.org/doc/scipy/reference/generated/scipy.spatial.cKDTree.query.html#scipy.spatial.cKDTree.query
only,"When the input k is a list, a query for arange(max(k)) is performed, but
only columns that store the requested values of k are preserved.",https://docs.scipy.org/doc/scipy/reference/generated/scipy.spatial.cKDTree.query.html#scipy.spatial.cKDTree.query
note,Release notes,https://docs.scipy.org/doc/scipy/reference/generated/scipy.spatial.cKDTree.query_ball_tree.html#scipy.spatial.cKDTree.query_ball_tree
note,Release notes,https://docs.scipy.org/doc/scipy/reference/generated/scipy.spatial.cKDTree.query_pairs.html#scipy.spatial.cKDTree.query_pairs
note,Release notes,https://docs.scipy.org/doc/scipy/reference/generated/scipy.spatial.cKDTree.sparse_distance_matrix.html#scipy.spatial.cKDTree.sparse_distance_matrix
note,Release notes,https://docs.scipy.org/doc/scipy/reference/generated/scipy.spatial.Rectangle.max_distance_point.html#scipy.spatial.Rectangle.max_distance_point
note,Release notes,https://docs.scipy.org/doc/scipy/reference/generated/scipy.spatial.Rectangle.max_distance_rectangle.html#scipy.spatial.Rectangle.max_distance_rectangle
note,Release notes,https://docs.scipy.org/doc/scipy/reference/generated/scipy.spatial.Rectangle.min_distance_point.html#scipy.spatial.Rectangle.min_distance_point
note,Release notes,https://docs.scipy.org/doc/scipy/reference/generated/scipy.spatial.Rectangle.min_distance_rectangle.html#scipy.spatial.Rectangle.min_distance_rectangle
note,Release notes,https://docs.scipy.org/doc/scipy/reference/generated/scipy.spatial.Rectangle.split.html#scipy.spatial.Rectangle.split
note,Release notes,https://docs.scipy.org/doc/scipy/reference/generated/scipy.spatial.Rectangle.volume.html#scipy.spatial.Rectangle.volume
note,Release notes,https://docs.scipy.org/doc/scipy/reference/generated/scipy.spatial.Delaunay.vertex_to_simplex.html#scipy.spatial.Delaunay.vertex_to_simplex
note,Release notes,https://docs.scipy.org/doc/scipy/reference/generated/scipy.spatial.Delaunay.convex_hull.html#scipy.spatial.Delaunay.convex_hull
note,Note,https://docs.scipy.org/doc/scipy/reference/generated/scipy.spatial.Delaunay.convex_hull.html#scipy.spatial.Delaunay.convex_hull
note,Release notes,https://docs.scipy.org/doc/scipy/reference/generated/scipy.spatial.Delaunay.vertex_neighbor_vertices.html#scipy.spatial.Delaunay.vertex_neighbor_vertices
note,Release notes,https://docs.scipy.org/doc/scipy/reference/generated/scipy.spatial.Delaunay.add_points.html#scipy.spatial.Delaunay.add_points
should,"The dimensionality should match that of the
initial points.",https://docs.scipy.org/doc/scipy/reference/generated/scipy.spatial.Delaunay.add_points.html#scipy.spatial.Delaunay.add_points
note,Notes,https://docs.scipy.org/doc/scipy/reference/generated/scipy.spatial.Delaunay.add_points.html#scipy.spatial.Delaunay.add_points
note,Release notes,https://docs.scipy.org/doc/scipy/reference/generated/scipy.spatial.Delaunay.close.html#scipy.spatial.Delaunay.close
note,Release notes,https://docs.scipy.org/doc/scipy/reference/generated/scipy.spatial.Delaunay.find_simplex.html#scipy.spatial.Delaunay.find_simplex
only,Whether to only perform a brute-force search,https://docs.scipy.org/doc/scipy/reference/generated/scipy.spatial.Delaunay.find_simplex.html#scipy.spatial.Delaunay.find_simplex
note,Notes,https://docs.scipy.org/doc/scipy/reference/generated/scipy.spatial.Delaunay.find_simplex.html#scipy.spatial.Delaunay.find_simplex
note,Release notes,https://docs.scipy.org/doc/scipy/reference/generated/scipy.spatial.Delaunay.lift_points.html#scipy.spatial.Delaunay.lift_points
note,Release notes,https://docs.scipy.org/doc/scipy/reference/generated/scipy.spatial.Delaunay.plane_distance.html#scipy.spatial.Delaunay.plane_distance
note,Release notes,https://docs.scipy.org/doc/scipy/reference/generated/scipy.spatial.ConvexHull.points.html#scipy.spatial.ConvexHull.points
note,Release notes,https://docs.scipy.org/doc/scipy/reference/generated/scipy.spatial.ConvexHull.add_points.html#scipy.spatial.ConvexHull.add_points
should,"The dimensionality should match that of the
initial points.",https://docs.scipy.org/doc/scipy/reference/generated/scipy.spatial.ConvexHull.add_points.html#scipy.spatial.ConvexHull.add_points
note,Notes,https://docs.scipy.org/doc/scipy/reference/generated/scipy.spatial.ConvexHull.add_points.html#scipy.spatial.ConvexHull.add_points
note,Release notes,https://docs.scipy.org/doc/scipy/reference/generated/scipy.spatial.ConvexHull.close.html#scipy.spatial.ConvexHull.close
note,Release notes,https://docs.scipy.org/doc/scipy/reference/generated/scipy.spatial.Voronoi.add_points.html#scipy.spatial.Voronoi.add_points
should,"The dimensionality should match that of the
initial points.",https://docs.scipy.org/doc/scipy/reference/generated/scipy.spatial.Voronoi.add_points.html#scipy.spatial.Voronoi.add_points
note,Notes,https://docs.scipy.org/doc/scipy/reference/generated/scipy.spatial.Voronoi.add_points.html#scipy.spatial.Voronoi.add_points
note,Release notes,https://docs.scipy.org/doc/scipy/reference/generated/scipy.spatial.Voronoi.close.html#scipy.spatial.Voronoi.close
note,Release notes,https://docs.scipy.org/doc/scipy/reference/generated/scipy.spatial.SphericalVoronoi.calculate_areas.html#scipy.spatial.SphericalVoronoi.calculate_areas
note,Release notes,https://docs.scipy.org/doc/scipy/reference/generated/scipy.spatial.HalfspaceIntersection.add_halfspaces.html#scipy.spatial.HalfspaceIntersection.add_halfspaces
should,"The dimensionality should match that of the
initial halfspaces.",https://docs.scipy.org/doc/scipy/reference/generated/scipy.spatial.HalfspaceIntersection.add_halfspaces.html#scipy.spatial.HalfspaceIntersection.add_halfspaces
note,Notes,https://docs.scipy.org/doc/scipy/reference/generated/scipy.spatial.HalfspaceIntersection.add_halfspaces.html#scipy.spatial.HalfspaceIntersection.add_halfspaces
note,Release notes,https://docs.scipy.org/doc/scipy/reference/generated/scipy.spatial.HalfspaceIntersection.close.html#scipy.spatial.HalfspaceIntersection.close
note,Release notes,https://docs.scipy.org/doc/scipy/reference/generated/scipy.stats.rv_continuous.pdf.html#scipy.stats.rv_continuous.pdf
note,Release notes,https://docs.scipy.org/doc/scipy/reference/generated/scipy.stats.rv_continuous.cdf.html#scipy.stats.rv_continuous.cdf
note,Release notes,https://docs.scipy.org/doc/scipy/reference/generated/scipy.stats.rv_continuous.random_state.html#scipy.stats.rv_continuous.random_state
note,Release notes,https://docs.scipy.org/doc/scipy/reference/generated/scipy.stats.rv_continuous.rvs.html#scipy.stats.rv_continuous.rvs
note,Release notes,https://docs.scipy.org/doc/scipy/reference/generated/scipy.stats.rv_continuous.logpdf.html#scipy.stats.rv_continuous.logpdf
note,Release notes,https://docs.scipy.org/doc/scipy/reference/generated/scipy.stats.rv_continuous.logcdf.html#scipy.stats.rv_continuous.logcdf
note,Release notes,https://docs.scipy.org/doc/scipy/reference/generated/scipy.stats.rv_continuous.sf.html#scipy.stats.rv_continuous.sf
note,Release notes,https://docs.scipy.org/doc/scipy/reference/generated/scipy.stats.rv_continuous.logsf.html#scipy.stats.rv_continuous.logsf
note,Release notes,https://docs.scipy.org/doc/scipy/reference/generated/scipy.stats.rv_continuous.ppf.html#scipy.stats.rv_continuous.ppf
note,Release notes,https://docs.scipy.org/doc/scipy/reference/generated/scipy.stats.rv_continuous.isf.html#scipy.stats.rv_continuous.isf
note,Release notes,https://docs.scipy.org/doc/scipy/reference/generated/scipy.stats.rv_continuous.moment.html#scipy.stats.rv_continuous.moment
note,Release notes,https://docs.scipy.org/doc/scipy/reference/generated/scipy.stats.rv_continuous.stats.html#scipy.stats.rv_continuous.stats
note,Release notes,https://docs.scipy.org/doc/scipy/reference/generated/scipy.stats.rv_continuous.entropy.html#scipy.stats.rv_continuous.entropy
note,Notes,https://docs.scipy.org/doc/scipy/reference/generated/scipy.stats.rv_continuous.entropy.html#scipy.stats.rv_continuous.entropy
note,Release notes,https://docs.scipy.org/doc/scipy/reference/generated/scipy.stats.rv_continuous.expect.html#scipy.stats.rv_continuous.expect
only,Takes only one argument.,https://docs.scipy.org/doc/scipy/reference/generated/scipy.stats.rv_continuous.expect.html#scipy.stats.rv_continuous.expect
note,Notes,https://docs.scipy.org/doc/scipy/reference/generated/scipy.stats.rv_continuous.expect.html#scipy.stats.rv_continuous.expect
note,Release notes,https://docs.scipy.org/doc/scipy/reference/generated/scipy.stats.rv_continuous.median.html#scipy.stats.rv_continuous.median
note,Release notes,https://docs.scipy.org/doc/scipy/reference/generated/scipy.stats.rv_continuous.mean.html#scipy.stats.rv_continuous.mean
note,Release notes,https://docs.scipy.org/doc/scipy/reference/generated/scipy.stats.rv_continuous.std.html#scipy.stats.rv_continuous.std
note,Release notes,https://docs.scipy.org/doc/scipy/reference/generated/scipy.stats.rv_continuous.var.html#scipy.stats.rv_continuous.var
note,Release notes,https://docs.scipy.org/doc/scipy/reference/generated/scipy.stats.rv_continuous.interval.html#scipy.stats.rv_continuous.interval
should,"Each value should be in the range [0, 1].",https://docs.scipy.org/doc/scipy/reference/generated/scipy.stats.rv_continuous.interval.html#scipy.stats.rv_continuous.interval
note,Notes,https://docs.scipy.org/doc/scipy/reference/generated/scipy.stats.rv_continuous.interval.html#scipy.stats.rv_continuous.interval
note,Release notes,https://docs.scipy.org/doc/scipy/reference/generated/scipy.stats.rv_continuous.__call__.html#scipy.stats.rv_continuous.__call__
should,"Should include all
the non-optional arguments, may include loc and scale.",https://docs.scipy.org/doc/scipy/reference/generated/scipy.stats.rv_continuous.__call__.html#scipy.stats.rv_continuous.__call__
note,Release notes,https://docs.scipy.org/doc/scipy/reference/generated/scipy.stats.rv_continuous.fit.html#scipy.stats.rv_continuous.fit
must,"The optimizer must take
func and starting position as the first two arguments,
plus args (for extra arguments to pass to the
function to be optimized) and disp=0 to suppress
output as keyword arguments.",https://docs.scipy.org/doc/scipy/reference/generated/scipy.stats.rv_continuous.fit.html#scipy.stats.rv_continuous.fit
must,"The optimizer must take
func and starting position as the first two arguments,
plus args (for extra arguments to pass to the
function to be optimized) and disp=0 to suppress
output as keyword arguments.",https://docs.scipy.org/doc/scipy/reference/generated/scipy.stats.rv_continuous.fit.html#scipy.stats.rv_continuous.fit
note,Notes,https://docs.scipy.org/doc/scipy/reference/generated/scipy.stats.rv_continuous.fit.html#scipy.stats.rv_continuous.fit
note,"Note that the standard method of moments can produce parameters for
which some data are outside the support of the fitted distribution;
this implementation does nothing to prevent this.",https://docs.scipy.org/doc/scipy/reference/generated/scipy.stats.rv_continuous.fit.html#scipy.stats.rv_continuous.fit
only,"For either method,
the returned answer is not guaranteed to be globally optimal; it
may only be locally optimal, or the optimization may fail altogether.",https://docs.scipy.org/doc/scipy/reference/generated/scipy.stats.rv_continuous.fit.html#scipy.stats.rv_continuous.fit
note,Release notes,https://docs.scipy.org/doc/scipy/reference/generated/scipy.stats.rv_continuous.fit_loc_scale.html#scipy.stats.rv_continuous.fit_loc_scale
note,Release notes,https://docs.scipy.org/doc/scipy/reference/generated/scipy.stats.rv_continuous.nnlf.html#scipy.stats.rv_continuous.nnlf
note,"Notes
—–
This is -sum(log pdf(x, theta), axis=0) where theta are the
parameters (including loc and scale).",https://docs.scipy.org/doc/scipy/reference/generated/scipy.stats.rv_continuous.nnlf.html#scipy.stats.rv_continuous.nnlf
note,Release notes,https://docs.scipy.org/doc/scipy/reference/generated/scipy.stats.rv_histogram.random_state.html#scipy.stats.rv_histogram.random_state
note,Release notes,https://docs.scipy.org/doc/scipy/reference/generated/scipy.stats.rv_histogram.__call__.html#scipy.stats.rv_histogram.__call__
should,"Should include all
the non-optional arguments, may include loc and scale.",https://docs.scipy.org/doc/scipy/reference/generated/scipy.stats.rv_histogram.__call__.html#scipy.stats.rv_histogram.__call__
note,Release notes,https://docs.scipy.org/doc/scipy/reference/generated/scipy.stats.rv_histogram.cdf.html#scipy.stats.rv_histogram.cdf
note,Release notes,https://docs.scipy.org/doc/scipy/reference/generated/scipy.stats.rv_histogram.entropy.html#scipy.stats.rv_histogram.entropy
note,Notes,https://docs.scipy.org/doc/scipy/reference/generated/scipy.stats.rv_histogram.entropy.html#scipy.stats.rv_histogram.entropy
note,Release notes,https://docs.scipy.org/doc/scipy/reference/generated/scipy.stats.rv_histogram.expect.html#scipy.stats.rv_histogram.expect
only,Takes only one argument.,https://docs.scipy.org/doc/scipy/reference/generated/scipy.stats.rv_histogram.expect.html#scipy.stats.rv_histogram.expect
note,Notes,https://docs.scipy.org/doc/scipy/reference/generated/scipy.stats.rv_histogram.expect.html#scipy.stats.rv_histogram.expect
note,Release notes,https://docs.scipy.org/doc/scipy/reference/generated/scipy.stats.rv_histogram.fit.html#scipy.stats.rv_histogram.fit
must,"The optimizer must take
func and starting position as the first two arguments,
plus args (for extra arguments to pass to the
function to be optimized) and disp=0 to suppress
output as keyword arguments.",https://docs.scipy.org/doc/scipy/reference/generated/scipy.stats.rv_histogram.fit.html#scipy.stats.rv_histogram.fit
must,"The optimizer must take
func and starting position as the first two arguments,
plus args (for extra arguments to pass to the
function to be optimized) and disp=0 to suppress
output as keyword arguments.",https://docs.scipy.org/doc/scipy/reference/generated/scipy.stats.rv_histogram.fit.html#scipy.stats.rv_histogram.fit
note,Notes,https://docs.scipy.org/doc/scipy/reference/generated/scipy.stats.rv_histogram.fit.html#scipy.stats.rv_histogram.fit
note,"Note that the standard method of moments can produce parameters for
which some data are outside the support of the fitted distribution;
this implementation does nothing to prevent this.",https://docs.scipy.org/doc/scipy/reference/generated/scipy.stats.rv_histogram.fit.html#scipy.stats.rv_histogram.fit
only,"For either method,
the returned answer is not guaranteed to be globally optimal; it
may only be locally optimal, or the optimization may fail altogether.",https://docs.scipy.org/doc/scipy/reference/generated/scipy.stats.rv_histogram.fit.html#scipy.stats.rv_histogram.fit
note,Release notes,https://docs.scipy.org/doc/scipy/reference/generated/scipy.stats.rv_histogram.fit_loc_scale.html#scipy.stats.rv_histogram.fit_loc_scale
note,Release notes,https://docs.scipy.org/doc/scipy/reference/generated/scipy.stats.rv_histogram.freeze.html#scipy.stats.rv_histogram.freeze
should,"Should include all
the non-optional arguments, may include loc and scale.",https://docs.scipy.org/doc/scipy/reference/generated/scipy.stats.rv_histogram.freeze.html#scipy.stats.rv_histogram.freeze
note,Release notes,https://docs.scipy.org/doc/scipy/reference/generated/scipy.stats.rv_histogram.interval.html#scipy.stats.rv_histogram.interval
should,"Each value should be in the range [0, 1].",https://docs.scipy.org/doc/scipy/reference/generated/scipy.stats.rv_histogram.interval.html#scipy.stats.rv_histogram.interval
note,Notes,https://docs.scipy.org/doc/scipy/reference/generated/scipy.stats.rv_histogram.interval.html#scipy.stats.rv_histogram.interval
note,Release notes,https://docs.scipy.org/doc/scipy/reference/generated/scipy.stats.rv_histogram.isf.html#scipy.stats.rv_histogram.isf
note,Release notes,https://docs.scipy.org/doc/scipy/reference/generated/scipy.stats.rv_histogram.sf.html#scipy.stats.rv_histogram.sf
note,Release notes,https://docs.scipy.org/doc/scipy/reference/generated/scipy.stats.rv_histogram.logcdf.html#scipy.stats.rv_histogram.logcdf
note,Release notes,https://docs.scipy.org/doc/scipy/reference/generated/scipy.stats.rv_histogram.logpdf.html#scipy.stats.rv_histogram.logpdf
note,Release notes,https://docs.scipy.org/doc/scipy/reference/generated/scipy.stats.rv_histogram.logsf.html#scipy.stats.rv_histogram.logsf
note,Release notes,https://docs.scipy.org/doc/scipy/reference/generated/scipy.stats.rv_histogram.mean.html#scipy.stats.rv_histogram.mean
note,Release notes,https://docs.scipy.org/doc/scipy/reference/generated/scipy.stats.rv_histogram.median.html#scipy.stats.rv_histogram.median
note,Release notes,https://docs.scipy.org/doc/scipy/reference/generated/scipy.stats.rv_histogram.moment.html#scipy.stats.rv_histogram.moment
note,Release notes,https://docs.scipy.org/doc/scipy/reference/generated/scipy.stats.rv_histogram.nnlf.html#scipy.stats.rv_histogram.nnlf
note,"Notes
—–
This is -sum(log pdf(x, theta), axis=0) where theta are the
parameters (including loc and scale).",https://docs.scipy.org/doc/scipy/reference/generated/scipy.stats.rv_histogram.nnlf.html#scipy.stats.rv_histogram.nnlf
note,Release notes,https://docs.scipy.org/doc/scipy/reference/generated/scipy.stats.rv_histogram.pdf.html#scipy.stats.rv_histogram.pdf
note,Release notes,https://docs.scipy.org/doc/scipy/reference/generated/scipy.stats.rv_histogram.ppf.html#scipy.stats.rv_histogram.ppf
note,Release notes,https://docs.scipy.org/doc/scipy/reference/generated/scipy.stats.rv_histogram.rvs.html#scipy.stats.rv_histogram.rvs
note,Release notes,https://docs.scipy.org/doc/scipy/reference/generated/scipy.stats.rv_histogram.stats.html#scipy.stats.rv_histogram.stats
note,Release notes,https://docs.scipy.org/doc/scipy/reference/generated/scipy.stats.rv_histogram.std.html#scipy.stats.rv_histogram.std
note,Release notes,https://docs.scipy.org/doc/scipy/reference/generated/scipy.stats.rv_histogram.support.html#scipy.stats.rv_histogram.support
note,Release notes,https://docs.scipy.org/doc/scipy/reference/generated/scipy.stats.rv_histogram.var.html#scipy.stats.rv_histogram.var
note,Release notes,https://docs.scipy.org/doc/scipy/reference/generated/scipy.stats.CensoredData.right_censored.html#scipy.stats.CensoredData.right_censored
must,x must be a one-dimensional sequence of finite numbers.,https://docs.scipy.org/doc/scipy/reference/generated/scipy.stats.CensoredData.right_censored.html#scipy.stats.CensoredData.right_censored
must,"censored must be a one-dimensional sequence of boolean
values.",https://docs.scipy.org/doc/scipy/reference/generated/scipy.stats.CensoredData.right_censored.html#scipy.stats.CensoredData.right_censored
note,Release notes,https://docs.scipy.org/doc/scipy/reference/generated/scipy.stats.CensoredData.__len__.html#scipy.stats.CensoredData.__len__
note,Release notes,https://docs.scipy.org/doc/scipy/reference/generated/scipy.stats.CensoredData.interval_censored.html#scipy.stats.CensoredData.interval_censored
note,Release notes,https://docs.scipy.org/doc/scipy/reference/generated/scipy.stats.CensoredData.left_censored.html#scipy.stats.CensoredData.left_censored
must,x must be a one-dimensional sequence of finite numbers.,https://docs.scipy.org/doc/scipy/reference/generated/scipy.stats.CensoredData.left_censored.html#scipy.stats.CensoredData.left_censored
must,"censored must be a one-dimensional sequence of boolean
values.",https://docs.scipy.org/doc/scipy/reference/generated/scipy.stats.CensoredData.left_censored.html#scipy.stats.CensoredData.left_censored
note,Release notes,https://docs.scipy.org/doc/scipy/reference/generated/scipy.stats.CensoredData.num_censored.html#scipy.stats.CensoredData.num_censored
note,Release notes,https://docs.scipy.org/doc/scipy/reference/generated/scipy.spatial.transform.Rotation.random.html#scipy.spatial.transform.Rotation.random
note,Notes,https://docs.scipy.org/doc/scipy/reference/generated/scipy.spatial.transform.Rotation.random.html#scipy.spatial.transform.Rotation.random
note,Release notes,https://docs.scipy.org/doc/scipy/reference/generated/scipy.stats.Covariance.from_diagonal.html#scipy.stats.Covariance.from_diagonal
note,Notes,https://docs.scipy.org/doc/scipy/reference/generated/scipy.stats.Covariance.from_diagonal.html#scipy.stats.Covariance.from_diagonal
note,Release notes,https://docs.scipy.org/doc/scipy/reference/generated/scipy.stats.Covariance.covariance.html#scipy.stats.Covariance.covariance
note,Release notes,https://docs.scipy.org/doc/scipy/reference/generated/scipy.stats.Covariance.log_pdet.html#scipy.stats.Covariance.log_pdet
note,Release notes,https://docs.scipy.org/doc/scipy/reference/generated/scipy.stats.Covariance.rank.html#scipy.stats.Covariance.rank
note,Release notes,https://docs.scipy.org/doc/scipy/reference/generated/scipy.stats.Covariance.shape.html#scipy.stats.Covariance.shape
note,Release notes,https://docs.scipy.org/doc/scipy/reference/generated/scipy.stats.Covariance.colorize.html#scipy.stats.Covariance.colorize
must,"The last dimension must correspond with the
dimensionality of the space, i.",https://docs.scipy.org/doc/scipy/reference/generated/scipy.stats.Covariance.colorize.html#scipy.stats.Covariance.colorize
note,Release notes,https://docs.scipy.org/doc/scipy/reference/generated/scipy.stats.Covariance.from_cholesky.html#scipy.stats.Covariance.from_cholesky
note,Notes,https://docs.scipy.org/doc/scipy/reference/generated/scipy.stats.Covariance.from_cholesky.html#scipy.stats.Covariance.from_cholesky
not support,"This Covariance class does not support singular covariance matrices
because the Cholesky decomposition does not exist for a singular
covariance matrix.",https://docs.scipy.org/doc/scipy/reference/generated/scipy.stats.Covariance.from_cholesky.html#scipy.stats.Covariance.from_cholesky
note,Release notes,https://docs.scipy.org/doc/scipy/reference/generated/scipy.stats.Covariance.from_eigendecomposition.html#scipy.stats.Covariance.from_eigendecomposition
note,Notes,https://docs.scipy.org/doc/scipy/reference/generated/scipy.stats.Covariance.from_eigendecomposition.html#scipy.stats.Covariance.from_eigendecomposition
note,Release notes,https://docs.scipy.org/doc/scipy/reference/generated/scipy.stats.Covariance.from_precision.html#scipy.stats.Covariance.from_precision
note,Notes,https://docs.scipy.org/doc/scipy/reference/generated/scipy.stats.Covariance.from_precision.html#scipy.stats.Covariance.from_precision
not support,"This Covariance class does not support singular covariance matrices
because the precision matrix does not exist for a singular covariance
matrix.",https://docs.scipy.org/doc/scipy/reference/generated/scipy.stats.Covariance.from_precision.html#scipy.stats.Covariance.from_precision
note,Release notes,https://docs.scipy.org/doc/scipy/reference/generated/scipy.stats.Covariance.whiten.html#scipy.stats.Covariance.whiten
must,"The last dimension must correspond with the
dimensionality of the space, i.",https://docs.scipy.org/doc/scipy/reference/generated/scipy.stats.Covariance.whiten.html#scipy.stats.Covariance.whiten
note,Release notes,https://docs.scipy.org/doc/scipy/reference/generated/scipy.stats.MonteCarloMethod.rvs.html#scipy.stats.MonteCarloMethod.rvs
note,Release notes,https://docs.scipy.org/doc/scipy/reference/generated/scipy.stats.PermutationMethod.random_state.html#scipy.stats.PermutationMethod.random_state
note,Release notes,https://docs.scipy.org/doc/scipy/reference/generated/scipy.stats.BootstrapMethod.method.html#scipy.stats.BootstrapMethod.method
note,Release notes,https://docs.scipy.org/doc/scipy/reference/generated/scipy.stats.BootstrapMethod.random_state.html#scipy.stats.BootstrapMethod.random_state
note,Release notes,https://docs.scipy.org/doc/scipy/reference/generated/scipy.stats.qmc.LatinHypercube.fast_forward.html#scipy.stats.qmc.LatinHypercube.fast_forward
note,Release notes,https://docs.scipy.org/doc/scipy/reference/generated/scipy.stats.qmc.LatinHypercube.integers.html#scipy.stats.qmc.LatinHypercube.integers
must,"If array-like, must contain integer values.",https://docs.scipy.org/doc/scipy/reference/generated/scipy.stats.qmc.LatinHypercube.integers.html#scipy.stats.qmc.LatinHypercube.integers
only,"Only supported when using Halton
Default is 1.",https://docs.scipy.org/doc/scipy/reference/generated/scipy.stats.qmc.LatinHypercube.integers.html#scipy.stats.qmc.LatinHypercube.integers
note,Notes,https://docs.scipy.org/doc/scipy/reference/generated/scipy.stats.qmc.LatinHypercube.integers.html#scipy.stats.qmc.LatinHypercube.integers
note,Release notes,https://docs.scipy.org/doc/scipy/reference/generated/scipy.stats.qmc.LatinHypercube.random.html#scipy.stats.qmc.LatinHypercube.random
only,Only supported with Halton.,https://docs.scipy.org/doc/scipy/reference/generated/scipy.stats.qmc.LatinHypercube.random.html#scipy.stats.qmc.LatinHypercube.random
note,Release notes,https://docs.scipy.org/doc/scipy/reference/generated/scipy.stats.qmc.LatinHypercube.reset.html#scipy.stats.qmc.LatinHypercube.reset
note,Release notes,https://docs.scipy.org/doc/scipy/reference/generated/scipy.stats.qmc.PoissonDisk.fill_space.html#scipy.stats.qmc.PoissonDisk.fill_space
warning,Warning,https://docs.scipy.org/doc/scipy/reference/generated/scipy.stats.qmc.PoissonDisk.fill_space.html#scipy.stats.qmc.PoissonDisk.fill_space
note,Release notes,https://docs.scipy.org/doc/scipy/reference/generated/scipy.stats.qmc.PoissonDisk.fast_forward.html#scipy.stats.qmc.PoissonDisk.fast_forward
note,Release notes,https://docs.scipy.org/doc/scipy/reference/generated/scipy.stats.qmc.PoissonDisk.integers.html#scipy.stats.qmc.PoissonDisk.integers
must,"If array-like, must contain integer values.",https://docs.scipy.org/doc/scipy/reference/generated/scipy.stats.qmc.PoissonDisk.integers.html#scipy.stats.qmc.PoissonDisk.integers
only,"Only supported when using Halton
Default is 1.",https://docs.scipy.org/doc/scipy/reference/generated/scipy.stats.qmc.PoissonDisk.integers.html#scipy.stats.qmc.PoissonDisk.integers
note,Notes,https://docs.scipy.org/doc/scipy/reference/generated/scipy.stats.qmc.PoissonDisk.integers.html#scipy.stats.qmc.PoissonDisk.integers
note,Release notes,https://docs.scipy.org/doc/scipy/reference/generated/scipy.stats.qmc.PoissonDisk.random.html#scipy.stats.qmc.PoissonDisk.random
only,Only supported with Halton.,https://docs.scipy.org/doc/scipy/reference/generated/scipy.stats.qmc.PoissonDisk.random.html#scipy.stats.qmc.PoissonDisk.random
note,Release notes,https://docs.scipy.org/doc/scipy/reference/generated/scipy.stats.qmc.PoissonDisk.reset.html#scipy.stats.qmc.PoissonDisk.reset
note,Release notes,https://docs.scipy.org/doc/scipy/reference/generated/scipy.stats.qmc.MultinomialQMC.random.html#scipy.stats.qmc.MultinomialQMC.random
note,Release notes,https://docs.scipy.org/doc/scipy/reference/generated/scipy.stats.sampling.NumericalInverseHermite.u_error.html#scipy.stats.sampling.NumericalInverseHermite.u_error
only,"This is only available if the generator was initialized with a dist
object containing the implementation of the exact CDF under cdf method.",https://docs.scipy.org/doc/scipy/reference/generated/scipy.stats.sampling.NumericalInverseHermite.u_error.html#scipy.stats.sampling.NumericalInverseHermite.u_error
must,"It must be greater than
or equal to 1000.",https://docs.scipy.org/doc/scipy/reference/generated/scipy.stats.sampling.NumericalInverseHermite.u_error.html#scipy.stats.sampling.NumericalInverseHermite.u_error
note,Release notes,https://docs.scipy.org/doc/scipy/reference/generated/scipy.stats.sampling.NumericalInverseHermite.intervals.html#scipy.stats.sampling.NumericalInverseHermite.intervals
note,Release notes,https://docs.scipy.org/doc/scipy/reference/generated/scipy.stats.sampling.NumericalInverseHermite.ppf.html#scipy.stats.sampling.NumericalInverseHermite.ppf
note,Release notes,https://docs.scipy.org/doc/scipy/reference/generated/scipy.stats.sampling.NumericalInverseHermite.qrvs.html#scipy.stats.sampling.NumericalInverseHermite.qrvs
note,See Notes for shape information.,https://docs.scipy.org/doc/scipy/reference/generated/scipy.stats.sampling.NumericalInverseHermite.qrvs.html#scipy.stats.sampling.NumericalInverseHermite.qrvs
note,Notes,https://docs.scipy.org/doc/scipy/reference/generated/scipy.stats.sampling.NumericalInverseHermite.qrvs.html#scipy.stats.sampling.NumericalInverseHermite.qrvs
note,"Note that when d > 1, the samples returned are still those
of the provided univariate distribution, not a multivariate
generalization of that distribution.",https://docs.scipy.org/doc/scipy/reference/generated/scipy.stats.sampling.NumericalInverseHermite.qrvs.html#scipy.stats.sampling.NumericalInverseHermite.qrvs
note,Release notes,https://docs.scipy.org/doc/scipy/reference/generated/scipy.stats.sampling.NumericalInverseHermite.rvs.html#scipy.stats.sampling.NumericalInverseHermite.rvs
note,Release notes,https://docs.scipy.org/doc/scipy/reference/generated/scipy.stats.sampling.NumericalInverseHermite.set_random_state.html#scipy.stats.sampling.NumericalInverseHermite.set_random_state
note,Release notes,https://docs.scipy.org/doc/scipy/reference/generated/scipy.stats.sampling.NumericalInversePolynomial.u_error.html#scipy.stats.sampling.NumericalInversePolynomial.u_error
only,"This is only available if the generator was initialized with a dist
object containing the implementation of the exact CDF under cdf method.",https://docs.scipy.org/doc/scipy/reference/generated/scipy.stats.sampling.NumericalInversePolynomial.u_error.html#scipy.stats.sampling.NumericalInversePolynomial.u_error
must,"It must be greater than
or equal to 1000.",https://docs.scipy.org/doc/scipy/reference/generated/scipy.stats.sampling.NumericalInversePolynomial.u_error.html#scipy.stats.sampling.NumericalInversePolynomial.u_error
note,Release notes,https://docs.scipy.org/doc/scipy/reference/generated/scipy.stats.sampling.NumericalInversePolynomial.rvs.html#scipy.stats.sampling.NumericalInversePolynomial.rvs
note,Release notes,https://docs.scipy.org/doc/scipy/reference/generated/scipy.stats.sampling.NumericalInversePolynomial.ppf.html#scipy.stats.sampling.NumericalInversePolynomial.ppf
note,Release notes,https://docs.scipy.org/doc/scipy/reference/generated/scipy.stats.sampling.NumericalInversePolynomial.intervals.html#scipy.stats.sampling.NumericalInversePolynomial.intervals
note,Release notes,https://docs.scipy.org/doc/scipy/reference/generated/scipy.stats.sampling.NumericalInversePolynomial.cdf.html#scipy.stats.sampling.NumericalInversePolynomial.cdf
note,Release notes,https://docs.scipy.org/doc/scipy/reference/generated/scipy.stats.sampling.NumericalInversePolynomial.qrvs.html#scipy.stats.sampling.NumericalInversePolynomial.qrvs
note,See Notes for shape information.,https://docs.scipy.org/doc/scipy/reference/generated/scipy.stats.sampling.NumericalInversePolynomial.qrvs.html#scipy.stats.sampling.NumericalInversePolynomial.qrvs
note,Notes,https://docs.scipy.org/doc/scipy/reference/generated/scipy.stats.sampling.NumericalInversePolynomial.qrvs.html#scipy.stats.sampling.NumericalInversePolynomial.qrvs
note,"Note that when d > 1, the samples returned are still those
of the provided univariate distribution, not a multivariate
generalization of that distribution.",https://docs.scipy.org/doc/scipy/reference/generated/scipy.stats.sampling.NumericalInversePolynomial.qrvs.html#scipy.stats.sampling.NumericalInversePolynomial.qrvs
note,Release notes,https://docs.scipy.org/doc/scipy/reference/generated/scipy.stats.sampling.NumericalInversePolynomial.set_random_state.html#scipy.stats.sampling.NumericalInversePolynomial.set_random_state
note,Release notes,https://docs.scipy.org/doc/scipy/reference/generated/scipy.stats.sampling.TransformedDensityRejection.rvs.html#scipy.stats.sampling.TransformedDensityRejection.rvs
note,Release notes,https://docs.scipy.org/doc/scipy/reference/generated/scipy.stats.sampling.TransformedDensityRejection.hat_area.html#scipy.stats.sampling.TransformedDensityRejection.hat_area
note,Release notes,https://docs.scipy.org/doc/scipy/reference/generated/scipy.stats.sampling.TransformedDensityRejection.squeeze_area.html#scipy.stats.sampling.TransformedDensityRejection.squeeze_area
note,Release notes,https://docs.scipy.org/doc/scipy/reference/generated/scipy.stats.sampling.TransformedDensityRejection.squeeze_hat_ratio.html#scipy.stats.sampling.TransformedDensityRejection.squeeze_hat_ratio
note,Release notes,https://docs.scipy.org/doc/scipy/reference/generated/scipy.stats.sampling.TransformedDensityRejection.ppf_hat.html#scipy.stats.sampling.TransformedDensityRejection.ppf_hat
note,Release notes,https://docs.scipy.org/doc/scipy/reference/generated/scipy.stats.sampling.TransformedDensityRejection.set_random_state.html#scipy.stats.sampling.TransformedDensityRejection.set_random_state
note,Release notes,https://docs.scipy.org/doc/scipy/reference/generated/scipy.stats.sampling.SimpleRatioUniforms.rvs.html#scipy.stats.sampling.SimpleRatioUniforms.rvs
note,Release notes,https://docs.scipy.org/doc/scipy/reference/generated/scipy.stats.sampling.SimpleRatioUniforms.set_random_state.html#scipy.stats.sampling.SimpleRatioUniforms.set_random_state
note,Release notes,https://docs.scipy.org/doc/scipy/reference/generated/scipy.stats.sampling.RatioUniforms.rvs.html#scipy.stats.sampling.RatioUniforms.rvs
note,Release notes,https://docs.scipy.org/doc/scipy/reference/generated/scipy.stats.sampling.DiscreteAliasUrn.rvs.html#scipy.stats.sampling.DiscreteAliasUrn.rvs
note,Release notes,https://docs.scipy.org/doc/scipy/reference/generated/scipy.stats.sampling.DiscreteAliasUrn.set_random_state.html#scipy.stats.sampling.DiscreteAliasUrn.set_random_state
note,Release notes,https://docs.scipy.org/doc/scipy/reference/generated/scipy.stats.sampling.DiscreteGuideTable.rvs.html#scipy.stats.sampling.DiscreteGuideTable.rvs
note,Release notes,https://docs.scipy.org/doc/scipy/reference/generated/scipy.stats.sampling.DiscreteGuideTable.ppf.html#scipy.stats.sampling.DiscreteGuideTable.ppf
note,Release notes,https://docs.scipy.org/doc/scipy/reference/generated/scipy.stats.sampling.DiscreteGuideTable.set_random_state.html#scipy.stats.sampling.DiscreteGuideTable.set_random_state
note,Release notes,https://docs.scipy.org/doc/scipy/reference/generated/scipy.stats.sampling.FastGeneratorInversion.loc.html#scipy.stats.sampling.FastGeneratorInversion.loc
note,Release notes,https://docs.scipy.org/doc/scipy/reference/generated/scipy.stats.sampling.FastGeneratorInversion.scale.html#scipy.stats.sampling.FastGeneratorInversion.scale
note,Release notes,https://docs.scipy.org/doc/scipy/reference/generated/scipy.stats.sampling.FastGeneratorInversion.random_state.html#scipy.stats.sampling.FastGeneratorInversion.random_state
note,Release notes,https://docs.scipy.org/doc/scipy/reference/generated/scipy.stats._result_classes.RelativeRiskResult.confidence_interval.html#scipy.stats._result_classes.RelativeRiskResult.confidence_interval
note,Release notes,https://docs.scipy.org/doc/scipy/reference/generated/scipy.stats._result_classes.BinomTestResult.proportion_ci.html#scipy.stats._result_classes.BinomTestResult.proportion_ci
note,Release notes,https://docs.scipy.org/doc/scipy/reference/generated/scipy.stats._result_classes.TukeyHSDResult.confidence_interval.html#scipy.stats._result_classes.TukeyHSDResult.confidence_interval
note,Release notes,https://docs.scipy.org/doc/scipy/reference/generated/scipy.stats._result_classes.DunnettResult.confidence_interval.html#scipy.stats._result_classes.DunnettResult.confidence_interval
note,Release notes,https://docs.scipy.org/doc/scipy/reference/generated/scipy.stats._result_classes.PearsonRResult.confidence_interval.html#scipy.stats._result_classes.PearsonRResult.confidence_interval
note,Release notes,https://docs.scipy.org/doc/scipy/reference/generated/scipy.stats._result_classes.FitResult.nllf.html#scipy.stats._result_classes.FitResult.nllf
note,Release notes,https://docs.scipy.org/doc/scipy/reference/generated/scipy.stats._result_classes.FitResult.plot.html#scipy.stats._result_classes.FitResult.plot
only,Available only if matplotlib is installed.,https://docs.scipy.org/doc/scipy/reference/generated/scipy.stats._result_classes.FitResult.plot.html#scipy.stats._result_classes.FitResult.plot
note,Release notes,https://docs.scipy.org/doc/scipy/reference/generated/scipy.stats._result_classes.OddsRatioResult.confidence_interval.html#scipy.stats._result_classes.OddsRatioResult.confidence_interval
must,The value must be given as a fraction between 0 and 1.,https://docs.scipy.org/doc/scipy/reference/generated/scipy.stats._result_classes.OddsRatioResult.confidence_interval.html#scipy.stats._result_classes.OddsRatioResult.confidence_interval
note,Notes,https://docs.scipy.org/doc/scipy/reference/generated/scipy.stats._result_classes.OddsRatioResult.confidence_interval.html#scipy.stats._result_classes.OddsRatioResult.confidence_interval
note,Release notes,https://docs.scipy.org/doc/scipy/reference/generated/scipy.stats._result_classes.TtestResult.confidence_interval.html#scipy.stats._result_classes.TtestResult.confidence_interval
note,Release notes,https://docs.scipy.org/doc/scipy/reference/generated/scipy.stats._result_classes.EmpiricalDistributionFunction.confidence_interval.html#scipy.stats._result_classes.EmpiricalDistributionFunction.confidence_interval
note,Notes,https://docs.scipy.org/doc/scipy/reference/generated/scipy.stats._result_classes.EmpiricalDistributionFunction.confidence_interval.html#scipy.stats._result_classes.EmpiricalDistributionFunction.confidence_interval
note,Release notes,https://docs.scipy.org/doc/scipy/reference/generated/scipy.cluster.hierarchy.ClusterNode.get_count.html#scipy.cluster.hierarchy.ClusterNode.get_count
note,Release notes,https://docs.scipy.org/doc/scipy/reference/generated/scipy.cluster.hierarchy.ClusterNode.get_id.html#scipy.cluster.hierarchy.ClusterNode.get_id
note,Release notes,https://docs.scipy.org/doc/scipy/reference/generated/scipy.cluster.hierarchy.ClusterNode.get_left.html#scipy.cluster.hierarchy.ClusterNode.get_left
note,Release notes,https://docs.scipy.org/doc/scipy/reference/generated/scipy.cluster.hierarchy.ClusterNode.get_right.html#scipy.cluster.hierarchy.ClusterNode.get_right
note,Release notes,https://docs.scipy.org/doc/scipy/reference/generated/scipy.cluster.hierarchy.ClusterNode.is_leaf.html#scipy.cluster.hierarchy.ClusterNode.is_leaf
note,Release notes,https://docs.scipy.org/doc/scipy/reference/generated/scipy.cluster.hierarchy.ClusterNode.pre_order.html#scipy.cluster.hierarchy.ClusterNode.pre_order
note,Release notes,https://docs.scipy.org/doc/scipy/reference/generated/scipy.cluster.hierarchy.DisjointSet.add.html#scipy.cluster.hierarchy.DisjointSet.add
note,Release notes,https://docs.scipy.org/doc/scipy/reference/generated/scipy.cluster.hierarchy.DisjointSet.merge.html#scipy.cluster.hierarchy.DisjointSet.merge
note,Release notes,https://docs.scipy.org/doc/scipy/reference/generated/scipy.cluster.hierarchy.DisjointSet.connected.html#scipy.cluster.hierarchy.DisjointSet.connected
note,Release notes,https://docs.scipy.org/doc/scipy/reference/generated/scipy.cluster.hierarchy.DisjointSet.subset.html#scipy.cluster.hierarchy.DisjointSet.subset
note,Release notes,https://docs.scipy.org/doc/scipy/reference/generated/scipy.cluster.hierarchy.DisjointSet.subset_size.html#scipy.cluster.hierarchy.DisjointSet.subset_size
note,Note that this method is faster than len(self.,https://docs.scipy.org/doc/scipy/reference/generated/scipy.cluster.hierarchy.DisjointSet.subset_size.html#scipy.cluster.hierarchy.DisjointSet.subset_size
note,Release notes,https://docs.scipy.org/doc/scipy/reference/generated/scipy.sparse.linalg.SuperLU.shape.html#scipy.sparse.linalg.SuperLU.shape
note,Release notes,https://docs.scipy.org/doc/scipy/reference/generated/scipy.sparse.linalg.SuperLU.nnz.html#scipy.sparse.linalg.SuperLU.nnz
note,Release notes,https://docs.scipy.org/doc/scipy/reference/generated/scipy.sparse.linalg.SuperLU.perm_c.html#scipy.sparse.linalg.SuperLU.perm_c
note,Release notes,https://docs.scipy.org/doc/scipy/reference/generated/scipy.sparse.linalg.SuperLU.perm_r.html#scipy.sparse.linalg.SuperLU.perm_r
note,Release notes,https://docs.scipy.org/doc/scipy/reference/generated/scipy.sparse.linalg.SuperLU.L.html#scipy.sparse.linalg.SuperLU.L
note,Release notes,https://docs.scipy.org/doc/scipy/reference/generated/scipy.sparse.linalg.SuperLU.U.html#scipy.sparse.linalg.SuperLU.U
note,Release notes,https://docs.scipy.org/doc/scipy/reference/generated/scipy.sparse.linalg.SuperLU.solve.html#scipy.sparse.linalg.SuperLU.solve
note,Release notes,https://docs.scipy.org/doc/scipy/reference/generated/scipy.sparse.linalg.LaplacianNd.H.html#scipy.sparse.linalg.LaplacianNd.H
note,Release notes,https://docs.scipy.org/doc/scipy/reference/generated/scipy.sparse.linalg.LaplacianNd.T.html#scipy.sparse.linalg.LaplacianNd.T
note,Release notes,https://docs.scipy.org/doc/scipy/reference/generated/scipy.spatial.transform.Rotation.__len__.html
note,Release notes,https://docs.scipy.org/doc/scipy/reference/generated/scipy.spatial.transform.Rotation.from_matrix.html
note,Notes,https://docs.scipy.org/doc/scipy/reference/generated/scipy.spatial.transform.Rotation.from_matrix.html
note,Release notes,https://docs.scipy.org/doc/scipy/reference/generated/scipy.spatial.transform.Rotation.from_rotvec.html
note,Release notes,https://docs.scipy.org/doc/scipy/reference/generated/scipy.spatial.transform.Rotation.from_mrp.html
note,Notes,https://docs.scipy.org/doc/scipy/reference/generated/scipy.spatial.transform.Rotation.from_mrp.html
note,Release notes,https://docs.scipy.org/doc/scipy/reference/generated/scipy.spatial.transform.Rotation.from_euler.html
note,Release notes,https://docs.scipy.org/doc/scipy/reference/generated/scipy.spatial.transform.Rotation.from_davenport.html
must,"For both Euler angles and Davenport angles, consecutive axes must 
be are orthogonal (axis2 is orthogonal to both axis1 and 
axis3).",https://docs.scipy.org/doc/scipy/reference/generated/scipy.spatial.transform.Rotation.from_davenport.html
only,"For Davenport angles, this last relationship is relaxed [2], and only
the consecutive orthogonal axes requirement is maintained.",https://docs.scipy.org/doc/scipy/reference/generated/scipy.spatial.transform.Rotation.from_davenport.html
must,"If more than one axis is given, then the second axis must be
orthogonal to both the first and third axes.",https://docs.scipy.org/doc/scipy/reference/generated/scipy.spatial.transform.Rotation.from_davenport.html
only,Using only one or two axes is also possible:,https://docs.scipy.org/doc/scipy/reference/generated/scipy.spatial.transform.Rotation.from_davenport.html
note,Release notes,https://docs.scipy.org/doc/scipy/reference/generated/scipy.spatial.transform.Rotation.as_matrix.html
note,Notes,https://docs.scipy.org/doc/scipy/reference/generated/scipy.spatial.transform.Rotation.as_matrix.html
note,Release notes,https://docs.scipy.org/doc/scipy/reference/generated/scipy.spatial.transform.Rotation.as_rotvec.html
note,Release notes,https://docs.scipy.org/doc/scipy/reference/generated/scipy.spatial.transform.Rotation.as_mrp.html
note,Notes,https://docs.scipy.org/doc/scipy/reference/generated/scipy.spatial.transform.Rotation.as_mrp.html
note,Release notes,https://docs.scipy.org/doc/scipy/reference/generated/scipy.spatial.transform.Rotation.as_euler.html
warning,"In this case,
a warning is raised, and the third angle is set to zero.",https://docs.scipy.org/doc/scipy/reference/generated/scipy.spatial.transform.Rotation.as_euler.html
note,"Note however
that the returned angles still represent the correct rotation.",https://docs.scipy.org/doc/scipy/reference/generated/scipy.spatial.transform.Rotation.as_euler.html
note,Release notes,https://docs.scipy.org/doc/scipy/reference/generated/scipy.spatial.transform.Rotation.as_davenport.html
must,"For both Euler angles and Davenport angles, consecutive axes must 
be are orthogonal (axis2 is orthogonal to both axis1 and 
axis3).",https://docs.scipy.org/doc/scipy/reference/generated/scipy.spatial.transform.Rotation.as_davenport.html
only,"For Davenport angles, this last relationship is relaxed [1], and only
the consecutive orthogonal axes requirement is maintained.",https://docs.scipy.org/doc/scipy/reference/generated/scipy.spatial.transform.Rotation.as_davenport.html
warning,"In this case, a warning is raised, and the third angle is set
to zero.",https://docs.scipy.org/doc/scipy/reference/generated/scipy.spatial.transform.Rotation.as_davenport.html
note,"Note however that the returned angles still represent the
correct rotation.",https://docs.scipy.org/doc/scipy/reference/generated/scipy.spatial.transform.Rotation.as_davenport.html
must,"If more than one axis is given, then the second axis must be
orthogonal to both the first and third axes.",https://docs.scipy.org/doc/scipy/reference/generated/scipy.spatial.transform.Rotation.as_davenport.html
note,Release notes,https://docs.scipy.org/doc/scipy/reference/generated/scipy.spatial.transform.Rotation.concatenate.html
note,Notes,https://docs.scipy.org/doc/scipy/reference/generated/scipy.spatial.transform.Rotation.concatenate.html
note,Release notes,https://docs.scipy.org/doc/scipy/reference/generated/scipy.spatial.transform.Rotation.apply.html
must,"The number
of rotations and number of vectors given must follow standard numpy
broadcasting rules: either one of them equals unity or they both
equal each other.",https://docs.scipy.org/doc/scipy/reference/generated/scipy.spatial.transform.Rotation.apply.html
note,Release notes,https://docs.scipy.org/doc/scipy/reference/generated/scipy.spatial.transform.Rotation.__mul__.html
note,"Note
that rotation compositions are not commutative, so p * q is
generally different from q * p.",https://docs.scipy.org/doc/scipy/reference/generated/scipy.spatial.transform.Rotation.__mul__.html
note,Release notes,https://docs.scipy.org/doc/scipy/reference/generated/scipy.spatial.transform.Rotation.__pow__.html
must,"This overridden argument is not applicable to Rotations and must be
None.",https://docs.scipy.org/doc/scipy/reference/generated/scipy.spatial.transform.Rotation.__pow__.html
note,Notes,https://docs.scipy.org/doc/scipy/reference/generated/scipy.spatial.transform.Rotation.__pow__.html
note,"Note that fractional powers n which effectively take a root of
rotation, do so using the shortest path smallest representation of that
angle (the principal root).",https://docs.scipy.org/doc/scipy/reference/generated/scipy.spatial.transform.Rotation.__pow__.html
note,Release notes,https://docs.scipy.org/doc/scipy/reference/generated/scipy.spatial.transform.Rotation.inv.html
note,Release notes,https://docs.scipy.org/doc/scipy/reference/generated/scipy.spatial.transform.Rotation.magnitude.html
note,Release notes,https://docs.scipy.org/doc/scipy/reference/generated/scipy.spatial.transform.Rotation.approx_equal.html
note,Release notes,https://docs.scipy.org/doc/scipy/reference/generated/scipy.spatial.transform.Rotation.mean.html
note,Release notes,https://docs.scipy.org/doc/scipy/reference/generated/scipy.spatial.transform.Rotation.reduce.html
note,Release notes,https://docs.scipy.org/doc/scipy/reference/generated/scipy.spatial.transform.Rotation.create_group.html
must,"Must be one of ‘I’, ‘O’, ‘T’, ‘Dn’, ‘Cn’,
where n is a positive integer.",https://docs.scipy.org/doc/scipy/reference/generated/scipy.spatial.transform.Rotation.create_group.html
must,"Must be one of [‘X’, ‘Y’, ‘Z’] (or
lowercase).",https://docs.scipy.org/doc/scipy/reference/generated/scipy.spatial.transform.Rotation.create_group.html
note,Notes,https://docs.scipy.org/doc/scipy/reference/generated/scipy.spatial.transform.Rotation.create_group.html
only,This method generates rotation groups only.,https://docs.scipy.org/doc/scipy/reference/generated/scipy.spatial.transform.Rotation.create_group.html
note,Release notes,https://docs.scipy.org/doc/scipy/reference/generated/scipy.spatial.transform.Rotation.__getitem__.html
must,"A single indexer must be
specified, i.",https://docs.scipy.org/doc/scipy/reference/generated/scipy.spatial.transform.Rotation.__getitem__.html
note,Release notes,https://docs.scipy.org/doc/scipy/reference/generated/scipy.spatial.transform.Rotation.identity.html
note,Release notes,https://docs.scipy.org/doc/scipy/reference/generated/scipy.spatial.transform.Rotation.align_vectors.html
note,"Each row of a
denotes a vector.",https://docs.scipy.org/doc/scipy/reference/generated/scipy.spatial.transform.Rotation.align_vectors.html
note,"Each row of b
denotes a vector.",https://docs.scipy.org/doc/scipy/reference/generated/scipy.spatial.transform.Rotation.align_vectors.html
must,"One and only one weight may be infinity, and
weights must be positive.",https://docs.scipy.org/doc/scipy/reference/generated/scipy.spatial.transform.Rotation.align_vectors.html
only,"One and only one weight may be infinity, and
weights must be positive.",https://docs.scipy.org/doc/scipy/reference/generated/scipy.spatial.transform.Rotation.align_vectors.html
note,See Notes for details.,https://docs.scipy.org/doc/scipy/reference/generated/scipy.spatial.transform.Rotation.align_vectors.html
note,"Note that the result will also be weighted by the vectors’
magnitudes, so perfectly aligned vector pairs will have nonzero
rssd if they are not of the same length.",https://docs.scipy.org/doc/scipy/reference/generated/scipy.spatial.transform.Rotation.align_vectors.html
note,"Sensitivity matrix of the estimated rotation estimate as explained
in Notes.",https://docs.scipy.org/doc/scipy/reference/generated/scipy.spatial.transform.Rotation.align_vectors.html
only,Returned only when return_sensitivity is True.,https://docs.scipy.org/doc/scipy/reference/generated/scipy.spatial.transform.Rotation.align_vectors.html
note,Notes,https://docs.scipy.org/doc/scipy/reference/generated/scipy.spatial.transform.Rotation.align_vectors.html
must,"To get the true
covariance matrix, the returned sensitivity matrix must be multiplied
by harmonic mean [4] of variance in each observation.",https://docs.scipy.org/doc/scipy/reference/generated/scipy.spatial.transform.Rotation.align_vectors.html
note,"Note that
weights are supposed to be inversely proportional to the observation
variances to get consistent results.",https://docs.scipy.org/doc/scipy/reference/generated/scipy.spatial.transform.Rotation.align_vectors.html
must,"01 (weights must be all equal),
then you should multiple the sensitivity matrix by 0.",https://docs.scipy.org/doc/scipy/reference/generated/scipy.spatial.transform.Rotation.align_vectors.html
should,"01 (weights must be all equal),
then you should multiple the sensitivity matrix by 0.",https://docs.scipy.org/doc/scipy/reference/generated/scipy.spatial.transform.Rotation.align_vectors.html
must,Here the secondary vectors must be best-fit:,https://docs.scipy.org/doc/scipy/reference/generated/scipy.spatial.transform.Rotation.align_vectors.html
note,Release notes,https://docs.scipy.org/doc/scipy/reference/generated/scipy.spatial.transform.Rotation.single.html#scipy.spatial.transform.Rotation.single
note,Release notes,https://docs.scipy.org/doc/scipy/reference/generated/scipy.spatial.transform.Slerp.__call__.html
note,Release notes,https://docs.scipy.org/doc/scipy/reference/generated/scipy.spatial.transform.RotationSpline.__call__.html
note,Release notes,https://docs.scipy.org/doc/scipy/dev/gitwash/git_resources.html#git-resources
note,Release notes,https://docs.scipy.org/doc/scipy/dev/gitwash/configure_git.html
should,"This will write the settings into your git configuration file,  which
should now contain a user section with your name and email:",https://docs.scipy.org/doc/scipy/dev/gitwash/configure_git.html
note,Release notes,https://docs.scipy.org/doc/scipy/dev/gitwash/dot2_dot3.html
only,"only A, B, and
C).",https://docs.scipy.org/doc/scipy/dev/gitwash/dot2_dot3.html
\b(?:first|initially).*?\b([\w]+\(.*?\)).*?\b(?:followed by|then|and then).*?\b([\w]+\(.*?\)),"That means, given two systems E1(s) and E2(s), their
multiplication, H(s) = E1(s) * E2(s), means that applying H(s) to U(s)
is equivalent to first applying E2(s), and then E1(s).",https://docs.scipy.org/doc/scipy/reference/generated/scipy.signal.StateSpace.__mul__.html#scipy.signal.StateSpace.__mul__
